HJD mag magerr
58833.526351 25.430489 0.20076798
0.0 0.0 0.0
58833.527497 25.55223 0.17786156
0.0 0.0 0.0
58833.52864 25.76827 0.15182205
0.0 0.0 0.0
58833.529794 25.542112 0.17945793
58833.530369 25.826505 0.15370149
58833.530936 25.792492 0.12782736
58833.531508 25.65132 0.098873822
58833.532068 25.813001 0.10789672
58833.532639 25.81411 0.10781406
58833.533201 25.734561 0.091907343
58833.533765 25.689687 0.081926921
58833.534319 25.799526 0.11074823
58833.534878 25.712777 0.090739116
58833.535457 25.763765 0.094812018
58833.536022 25.7287 0.074923223
58833.536586 25.708785 0.066932168
58833.537148 25.669221 0.060938594
58833.537706 25.707967 0.078866031
58833.538275 25.825119 0.069917289
58833.538843 25.683763 0.059938429
58833.539403 25.794663 0.061913426
58833.539961 25.778071 0.058885264
58833.540691 25.807915 0.055945034
58833.54127 25.655729 0.057938491
58833.541834 25.682952 0.057951351
58833.542384 25.565636 0.053953415
58833.542946 25.688018 0.051924601
58833.543507 25.777296 0.050960013
58833.544071 25.681947 0.045964697
58833.544644 25.651373 0.044940797
58833.545206 25.611018 0.048937349
58833.545767 25.699406 0.05196082
58833.54634 25.747886 0.045966591
58833.546924 25.760714 0.049937051
58833.547488 25.798653 0.05391146
58833.548053 25.832816 0.053924816
58833.548633 25.780527 0.053958342
58833.549203 25.689299 0.043955304
58833.549779 25.684263 0.045962147
58833.550355 25.694957 0.050955649
58833.550911 25.728122 0.044948855
58833.551466 25.71365 0.046929488
58833.552025 25.649451 0.053920315
58833.552609 25.721989 0.059910969
58833.553172 25.593259 0.048929338
58833.553736 25.707393 0.051926956
58833.554298 25.690329 0.046966351
58833.554862 25.782813 0.045967899
58833.55542 25.664912 0.047968185
58833.556007 25.63237 0.049979852
58833.556565 25.77288 0.059976299
58833.557125 25.662251 0.051967806
58833.557676 25.671954 0.055974023
58833.558245 25.706038 0.054954505
58833.558811 25.65355 0.051955895
58833.559373 25.763803 0.058904343
58833.559928 25.691602 0.059828724
58833.560497 25.819512 0.078709677
58833.561052 25.773115 0.057902265
58833.561629 25.636838 0.060848932
58833.562183 25.835727 0.058913347
58833.562742 25.823142 0.051936438
58833.563315 25.850334 0.061949204
58833.563889 25.77491 0.06384758
58833.564461 25.796725 0.068731836
58833.565019 25.793976 0.049934938
58833.565576 25.735341 0.037982874
58833.566153 25.83461 0.056899759
58833.566722 25.632842 0.043916803
58833.56729 25.770545 0.048942581
58833.56785 25.643596 0.050912235
58833.568406 25.700642 0.041966006
58833.568961 25.797348 0.042969748
58833.569533 25.767225 0.037968641
58833.570095 25.724159 0.037975657
58833.57065 25.694266 0.034984997
58833.57121 25.675179 0.037969301
58833.571768 25.735344 0.043959557
58833.572322 25.779561 0.040973398
58833.572898 25.705522 0.042952944
58833.573468 25.742771 0.057895561
58833.574037 25.767433 0.054898705
58833.574593 25.725669 0.04891864
58833.575159 25.849179 0.088525205
58833.575726 25.763274 0.057840566
58833.576286 25.673143 0.052877133
58833.576839 25.746311 0.05088062
58833.577403 25.715995 0.047928
58833.577964 25.724519 0.045931632
58833.578544 25.760247 0.050943924
58833.579114 25.731853 0.046902304
58833.579688 25.755445 0.055908505
58833.580238 25.666017 0.048883398
58833.58081 25.664798 0.051868555
58833.581375 25.676753 0.052837096
58833.581944 25.696786 0.048923513
58833.582509 25.730307 0.044948214
58833.58308 25.755239 0.054901709
58833.583647 25.742919 0.056824862
58833.584215 25.622345 0.058789065
58833.584762 25.805395 0.055861768
58833.585316 25.862984 0.067825502
58833.585886 25.719105 0.047933167
58833.586442 25.784204 0.054896117
58833.587001 25.688054 0.049836124
58833.587566 25.772505 0.072818642
58833.58814 25.781972 0.071800813
58833.588711 25.759203 0.039980062
58833.589285 25.833488 0.049916156
58833.589857 25.878792 0.064695218
58833.590423 25.649907 0.063668716
58833.590994 25.631846 0.068803172
58833.591559 25.60854 0.085727812
58833.592112 25.66447 0.077691948
58833.592665 25.833567 0.094703404
58833.593224 25.896883 0.11063844
58833.593796 25.749478 0.10677658
58833.594369 25.723078 0.12343911
58833.59492 25.766824 0.11066495
58833.595528 25.763706 0.078734814
58833.596082 25.87526 0.081849956
58833.596665 25.648425 0.06785713
58833.597231 25.697439 0.062837797
58833.597797 25.880798 0.067892225
58833.59838 25.743062 0.05291223
58833.598947 25.69074 0.047930223
58833.599512 25.733077 0.055905861
58833.60009 25.72535 0.053933577
58833.600655 25.786945 0.060941718
58833.601221 25.780432 0.057941977
58833.601788 25.697525 0.056906029
58833.602358 25.715081 0.051923157
58833.602926 25.683828 0.058922595
58833.60349 25.66619 0.074791899
58833.604047 25.770873 0.052926311
58833.604615 25.696801 0.059879872
58833.605171 25.681245 0.070859497
58833.605736 25.734308 0.069877732
58833.606292 25.77102 0.071864205
58833.606846 25.740068 0.065852147
58833.607409 25.771683 0.070865711
58833.607972 25.686964 0.072831031
58833.608554 25.702984 0.071839091
58833.609122 25.687663 0.074865284
58833.609691 25.730217 0.069850508
58833.61027 25.7302 0.058885246
58833.610843 25.624919 0.04988172
58833.611415 25.719683 0.056780174
58833.611993 25.64469 0.05485322
58833.612577 25.842579 0.061835875
58833.613137 25.725159 0.060812944
58833.613696 25.816435 0.069751436
58833.614278 25.747595 0.058839067
58833.614853 25.678338 0.056804381
58833.615407 25.722421 0.061761557
58833.615983 25.674278 0.057857721
58833.616534 25.727843 0.055806713
58833.617093 25.70114 0.064871903
58833.617655 25.699713 0.05590776
58833.618216 25.650182 0.055901765
58833.618781 25.624567 0.06194339
58833.619336 25.733893 0.058915838
58833.619908 25.704203 0.061903863
58833.620489 25.672049 0.05391628
58833.621073 25.617546 0.051912037
58833.621643 25.679521 0.058833884
58833.622212 25.875165 0.066908066
58833.622786 25.70537 0.068798407
58833.623339 25.659404 0.059888581
58833.623898 25.613848 0.058904377
58833.624467 25.790956 0.067922212
58833.625042 25.766078 0.059908482
58833.625625 25.693607 0.052941702
58833.626195 25.688583 0.051938583
58833.626758 25.732493 0.056920395
58833.627345 25.719432 0.053949151
58833.627901 25.637015 0.046964217
58833.628481 25.70422 0.054946649
58833.629058 25.703718 0.048959621
58833.629625 25.729273 0.051952243
58833.630194 25.740416 0.051954584
58833.630754 25.67089 0.049960154
58833.631339 25.682832 0.05691697
58833.631919 25.696453 0.069824386
58833.632476 25.662099 0.069824545
58833.633035 25.731951 0.061817179
58833.633609 25.820744 0.071893819
58833.634176 25.836704 0.089924445
58833.63477 25.741684 0.069849807
58833.63533 25.719027 0.055957973
58833.635896 25.775746 0.062924707
58833.636454 25.744301 0.050943996
58833.637031 25.674272 0.053877277
58833.637603 25.728472 0.063904859
58833.638178 25.778045 0.058886409
58833.638751 25.744002 0.058949308
58833.639317 25.655257 0.05695145
58833.639885 25.754047 0.055965353
58833.640451 25.671615 0.049976041
58833.641017 25.722821 0.051962927
58833.641587 25.779684 0.054961152
58833.642165 25.692383 0.053959684
58833.642733 25.677377 0.051954479
58833.643298 25.683395 0.056949638
58833.643881 25.68779 0.055955884
58833.644463 25.789396 0.052962293
58833.645038 25.743928 0.055957851
58833.645621 25.825406 0.060934015
58833.646196 25.770227 0.060931529
58833.646775 25.691448 0.054967551
58833.647352 25.778293 0.052967576
58833.647947 25.711551 0.055947864
58833.648518 25.670432 0.056973347
58833.649091 25.768707 0.061934666
58833.649661 25.767795 0.05497101
58833.650234 25.72629 0.056971802
58833.650812 25.794284 0.05796264
58833.651385 25.734941 0.059929531
58833.651942 25.768746 0.059954667
58833.652501 25.754268 0.057965574
58833.653051 25.64706 0.060943619
58833.653627 25.697177 0.052970877
58833.654196 25.624531 0.053952705
58833.654761 25.731963 0.055958987
58833.655332 25.671715 0.056957732
58833.655903 25.848565 0.066963518
58833.656459 25.714286 0.051975245
58833.657018 25.734185 0.055970255
58833.657575 25.674008 0.053972423
58833.658134 25.754085 0.056966104
58833.658729 25.646339 0.053960004
58833.659291 25.663749 0.05197199
58833.659866 25.76061 0.057972573
58833.660428 25.761882 0.057968618
58833.660996 25.799106 0.063959707
58833.661568 25.672145 0.056960718
58833.662129 25.762876 0.0639574
58833.662686 25.700208 0.079936917
58833.663254 25.678724 0.055972111
58833.663845 25.721318 0.071942587
58833.664399 25.783847 0.06795386
58833.664959 25.595707 0.059970759
58833.66553 25.704962 0.062975468
58833.666087 25.809197 0.065980453
58833.666661 25.688486 0.052977511
58833.66724 25.642945 0.05098117
58833.667808 25.719685 0.058976624
58833.668374 25.727108 0.053981895
58833.66894 25.620622 0.057976285
58833.669515 25.802223 0.065973846
58833.670105 25.711569 0.068961773
58833.670664 25.671318 0.058953598
58833.671231 25.790595 0.079959542
58833.671792 25.784074 0.077957954
58833.672357 25.71238 0.065951053
58833.672921 25.641235 0.065951059
58833.6735 25.730619 0.067975572
58833.674063 25.694716 0.063974364
58833.674632 25.688002 0.071951499
58833.675223 25.773175 0.080895936
58833.67579 25.715375 0.079943693
58833.67635 25.682587 0.073931239
58833.676916 25.791265 0.082953346
58833.677484 25.737885 0.089949699
58833.678056 25.674143 0.08293932
58833.678616 25.621396 0.082838457
58833.679182 25.7461 0.097851705
58833.679761 25.672268 0.099845308
58833.680323 25.8328 0.14254913
58833.680894 25.690118 0.10284727
58833.681455 26.09464 0.17065313
58833.68202 25.8216 0.11674547
58833.682591 25.590717 0.10268627
58833.683157 25.767169 0.11286157
58833.683728 25.785458 0.10285389
58833.68429 25.677252 0.10373642
58833.684864 25.653506 0.089911377
58833.685427 25.705353 0.097914393
58833.686006 25.825008 0.097870383
58833.68663 25.885247 0.097944408
58833.687197 25.698061 0.082944205
58833.687766 25.837449 0.1069145
58833.688335 25.722375 0.086948031
58833.6889 25.667494 0.077958285
58833.689473 25.870437 0.09093599
58833.690035 25.725567 0.084927339
58833.690606 25.648374 0.070936499
58833.691182 25.749059 0.082923094
58833.691769 25.70805 0.08191755
58833.692334 25.767958 0.09886794
58833.692912 25.739253 0.087910226
58833.693482 25.777495 0.074928609
58833.694055 25.771006 0.081946728
58833.694629 25.778799 0.090929736
58833.695214 25.696061 0.085944587
58833.695788 25.564881 0.07293756
58833.696709 25.718468 0.092939075
58833.697282 25.756038 0.096855979
58833.697854 25.867097 0.10292569
58833.698426 25.664003 0.075939553
58833.698997 25.546886 0.091946682
58833.699574 25.6395 0.079947237
58833.700162 25.776436 0.083963859
58833.700738 25.730895 0.091938974
58833.701314 25.630881 0.087958899
58833.701879 25.701223 0.12194131
58833.702433 25.695995 0.08996918
58833.702997 25.636473 0.06097414
58833.703569 25.746513 0.068960679
58833.704138 25.66797 0.073970423
0.0 0.0 0.0
58833.705269 25.712066 0.078954862
58833.705842 25.624052 0.08096115
58833.706416 25.661727 0.086946542
58833.706995 25.820348 0.089967835
58833.70756 25.733896 0.083964148
58833.708139 25.657615 0.066968528
58833.708701 25.714068 0.073966033
58833.709269 25.612446 0.072953595
58833.709837 25.719572 0.079959452
58833.710398 25.643909 0.079952964
58833.710961 25.626344 0.077942659
58833.711531 25.650068 0.082948914
58833.712096 25.797525 0.09295002
58833.712678 25.652351 0.07594168
58833.713245 25.871641 0.087952054
58833.713811 25.67342 0.07095288
58833.71438 25.658055 0.064965193
58833.714942 25.666872 0.071967331
58833.715515 25.799099 0.083950549
58833.716099 25.71602 0.073970198
58833.716662 25.806984 0.073971233
58833.717217 25.642772 0.065933384
58833.717786 25.679746 0.074952051
58833.718352 25.928537 0.094958682
58833.718933 25.593998 0.072952947
58833.719515 25.546917 0.066954675
58833.720081 25.685292 0.077922088
58833.720652 25.875462 0.088939616
58833.721229 25.709618 0.076956445
58833.721798 25.824531 0.096934639
58833.722365 25.8349 0.069963393
58833.722938 25.633232 0.060967962
58833.723517 25.707853 0.067963863
58833.724095 25.674759 0.068967479
58833.724659 25.870104 0.08494867
58833.725228 25.655098 0.067964894
58833.725794 25.643679 0.065946993
58833.726369 25.618347 0.076895946
58833.726949 25.739205 0.083853058
0.0 0.0 0.0
58833.728085 25.709054 0.076931329
58833.728659 25.636605 0.07293887
58833.729226 25.598222 0.06994557
58833.729803 25.684759 0.070955016
58833.730359 25.817033 0.080944728
58833.730924 25.725282 0.064967575
58833.731502 25.721943 0.075951547
58833.732059 25.734314 0.086889587
58833.732632 25.679624 0.080904082
58833.733194 25.765216 0.087913875
58833.733759 25.621176 0.08681234
58833.734321 25.611664 0.085906295
58833.734879 25.869011 0.11587944
58833.735444 25.794233 0.10984781
58833.736003 25.851718 0.12985054
58833.736571 25.626127 0.11586003
58833.737136 25.898012 0.12984312
58833.737691 25.657515 0.079919801
58833.738267 25.696026 0.10875113
58833.738823 25.727735 0.087865058
58833.739382 25.719107 0.099866887
58833.739948 25.689952 0.1038457
58833.740522 25.591088 0.092818069
58833.741085 25.716569 0.11568891
58833.741647 25.711998 0.09289249
58833.742215 25.720481 0.089910376
58833.742788 25.746814 0.094846827
58833.743365 25.528259 0.085904457
58833.743953 25.820224 0.10287506
58833.744526 25.65013 0.082861185
58833.745093 25.689777 0.076931217
58833.745664 25.6234 0.081935263
58833.746226 25.755261 0.086930874
58833.746789 25.794422 0.075947368
58833.747358 25.772929 0.070955942
58833.747921 25.751852 0.085953463
58833.748478 25.708473 0.065949255
58833.749035 25.72471 0.068958367
58833.749599 25.753785 0.077959599
58833.750168 25.6473 0.072893347
58833.750733 25.691996 0.082906218
58833.751298 25.734766 0.085876111
58833.751854 25.69967 0.10077944
58833.752416 25.740337 0.082896984
58833.752988 25.702024 0.082907257
58833.753539 25.597665 0.070917027
58833.7541 25.788353 0.08194771
58833.754655 25.784207 0.075946944
58833.75523 25.791414 0.07396049
58833.755803 25.873837 0.091951517
58833.756377 25.764152 0.095956993
58833.756948 25.770861 0.08595235
58833.757519 25.726868 0.088958607
58833.758074 25.666715 0.082960662
58833.758639 25.74016 0.09593213
58833.759204 25.546331 0.096911052
58833.759765 25.493794 0.073954951
58833.760341 25.710435 0.088959161
58833.760921 25.587431 0.087955354
58833.761489 25.618757 0.11090806
58833.76205 25.815251 0.10195582
58833.762618 25.641879 0.08593363
58833.763196 25.800568 0.092968888
58833.763771 25.685991 0.082970085
58833.764345 25.638417 0.081964003
58833.764904 25.701421 0.078964683
58833.765469 25.908943 0.10196721
58833.766035 25.758581 0.098964134
58833.766604 25.643961 0.088960976
58833.767179 25.603137 0.077966963
58833.767754 25.6856 0.093972236
58833.768337 25.872484 0.10194881
58833.768906 25.737908 0.095963484
58833.769468 25.744123 0.10295297
58833.770037 25.808469 0.091961118
58833.770609 25.840203 0.11296347
58833.771176 25.628228 0.098919284
58833.77175 25.794102 0.10793738
58833.772312 25.733739 0.11892675
58833.772873 25.672345 0.11288101
58833.773436 25.719035 0.13585596
58833.774013 25.784954 0.16277812
58833.774581 25.898785 0.14485463
58833.775149 26.14562 0.18290496
58833.775718 25.710117 0.12189587
58833.776274 25.867862 0.13389159
58833.776849 25.931301 0.15593742
58833.777425 25.658118 0.10993897
58833.777996 25.620008 0.10590775
58833.778564 25.725262 0.11093942
58833.779126 25.753923 0.12392198
58833.779701 25.776958 0.12689729
58833.780275 25.797023 0.1149054
58833.780836 25.531166 0.10385236
58833.781394 25.785058 0.12689149
58833.781959 25.80212 0.11491475
58833.78252 25.867729 0.13392592
58833.783078 25.891772 0.13490409
58833.783656 25.796248 0.11293286
58833.784224 25.559372 0.097952922
58833.784791 25.859518 0.11594149
58833.785359 25.740752 0.097953189
58833.785923 25.778362 0.087956903
58833.786499 25.802597 0.11095793
58833.787075 25.81519 0.11594465
58833.787657 25.708777 0.10095727
58833.788243 25.726105 0.09294974
58833.788815 25.783073 0.091943675
58833.789431 25.605293 0.077963712
58833.789993 25.720852 0.095957242
58833.790558 25.622132 0.080976489
58833.791114 25.662424 0.084960825
58833.791692 25.817372 0.091973191
58833.792254 25.841017 0.089963359
58833.792819 25.644686 0.081967286
58833.793386 25.619341 0.071960002
58833.793945 25.680899 0.073965268
58833.794517 25.896327 0.084959947
58833.79508 25.587725 0.069960565
58833.795646 25.704478 0.072972871
58833.796225 25.776909 0.065971149
58833.79679 25.649789 0.066974459
58833.797352 25.651803 0.065976093
58833.797908 25.76509 0.076971174
58833.798484 25.729912 0.071972709
58833.799061 25.740599 0.068976212
58833.799624 25.797527 0.075954662
58833.800185 25.66649 0.059975566
58833.800756 25.697142 0.063967128
58833.801313 25.708915 0.066952143
58833.801876 25.679604 0.063964687
58833.802443 25.766059 0.074963431
58833.803031 25.7138 0.078974791
58833.803608 25.707697 0.063969095
58833.804175 25.716097 0.0759746
58833.804741 25.679758 0.072978223
58833.805316 25.441571 0.053977885
58833.805876 25.638424 0.077965323
58833.806445 25.698155 0.079977069
58833.807016 25.726446 0.078973371
58833.807582 25.77466 0.090960341
58833.80816 25.743697 0.080966941
58833.808724 25.79084 0.087976604
58833.809281 25.791332 0.078966945
58833.809857 25.742636 0.074973781
58833.810432 25.767111 0.084975078
58833.811002 25.566276 0.076971962
58833.81157 25.70878 0.090973629
58833.812141 25.776975 0.088974968
58833.81271 25.616688 0.067977088
58833.813283 25.717998 0.081971137
58833.81385 25.64219 0.056973624
58833.814425 25.677745 0.069975272
58833.81499 25.642343 0.061978363
58833.815567 25.626536 0.07397137
58833.816133 25.80639 0.08697506
58833.816698 25.866067 0.095969754
58833.817289 25.731474 0.078951438
58833.817864 25.622977 0.083966222
58833.818429 25.775801 0.079966753
58833.819011 25.674985 0.080961694
58833.819573 25.717031 0.085960631
58833.820146 25.79138 0.081957289
58833.82073 25.605441 0.068965226
58833.821295 25.898159 0.093958384
58833.821869 25.771676 0.090970058
58833.822431 25.696163 0.088967659
58833.822986 25.628509 0.085971932
58833.823546 25.65124 0.10196365
58833.824122 25.742066 0.10095945
58833.82469 25.816703 0.10094822
58833.82527 25.591159 0.095969534
58833.825842 25.820876 0.11696712
58833.826414 25.541842 0.085955865
58833.826987 25.728421 0.083964223
58833.827559 25.645188 0.091959678
58833.828123 25.661856 0.10296714
58833.828694 25.759768 0.080948964
58833.829263 25.889709 0.093960309
58833.829826 25.696525 0.072959603
58833.830398 25.756182 0.087939813
58833.830961 25.66062 0.077947146
58833.831526 25.648279 0.065966978
58833.832097 25.603089 0.072959661
58833.83267 25.775577 0.074951526
58833.833228 25.705573 0.074964099
58833.833798 25.752272 0.072961439
58833.834371 25.752602 0.10194067
58833.834936 25.751919 0.072961397
58833.83551 25.765011 0.078955969
58833.836083 25.656741 0.068967713
58833.836648 25.758311 0.078941298
58833.837231 25.75814 0.085961122
58833.837806 25.73004 0.089928944
58833.83839 25.715058 0.074947254
58833.838952 25.664781 0.093925964
58833.839512 25.764326 0.084958365
58833.840078 26.065288 0.14395826
58833.840638 25.619843 0.076952557
58833.841214 25.878116 0.11496307
58833.841784 25.665422 0.076969089
58833.842354 25.668064 0.085966173
58833.842932 25.839393 0.089962014
58833.8435 25.780043 0.093958725
58833.844068 25.755812 0.089968164
58833.84464 25.722823 0.085967485
58833.845192 25.690332 0.084970635
58833.845764 25.90399 0.098976751
58833.846315 25.547522 0.069972653
58833.846882 25.801482 0.094974272
58833.847447 25.778705 0.10497365
58833.848017 25.728829 0.1129599
58833.848583 25.725835 0.11096812
58833.849139 25.823966 0.11796492
58833.849713 25.89258 0.12195601
58833.850286 25.598742 0.097970252
