HJD mag magerr
58833.526351 24.433413 0.088785939
58833.526938 24.463023 0.084624303
58833.527497 24.49857 0.076800977
58833.528073 24.446866 0.063775277
0.0 0.0 0.0
0.0 0.0 0.0
0.0 0.0 0.0
0.0 0.0 0.0
0.0 0.0 0.0
0.0 0.0 0.0
0.0 0.0 0.0
0.0 0.0 0.0
0.0 0.0 0.0
58833.533765 24.428447 0.030920636
0.0 0.0 0.0
0.0 0.0 0.0
58833.535457 24.485851 0.057859446
58833.536022 24.319935 0.089859985
58833.536586 24.417396 0.025925132
0.0 0.0 0.0
0.0 0.0 0.0
0.0 0.0 0.0
0.0 0.0 0.0
0.0 0.0 0.0
0.0 0.0 0.0
58833.540691 24.421466 0.021956054
58833.54127 24.442376 0.023918455
58833.541834 24.41285 0.021954398
58833.542384 24.462256 0.025902066
58833.542946 24.452622 0.022933755
58833.543507 24.422517 0.020968012
58833.544071 24.412368 0.020965035
58833.544644 24.453423 0.019964757
58833.545206 24.460049 0.02194208
58833.545767 24.458516 0.022948843
58833.54634 24.423889 0.022928533
58833.546924 24.424141 0.023926189
58833.547488 24.45348 0.022931234
58833.548053 24.403624 0.020933031
58833.548633 24.367584 0.019942834
58833.549203 24.431786 0.019967892
58833.549779 24.421533 0.021952842
58833.550355 24.405271 0.022955258
58833.550911 24.464409 0.019965413
58833.551466 24.383434 0.021932981
58833.552025 24.390303 0.023878358
58833.552609 24.401994 0.02293362
58833.553172 24.428836 0.024916498
58833.553736 24.414704 0.02194242
58833.554298 24.43279 0.019964496
58833.554862 24.411714 0.020954923
58833.55542 24.421644 0.021971104
58833.556007 24.417244 0.023968818
58833.556565 24.428813 0.022974683
58833.557125 24.457296 0.024968092
58833.557676 24.378606 0.022970561
58833.558245 24.434257 0.022958587
58833.558811 24.415921 0.022953612
58833.559373 24.394779 0.020930928
58833.559928 24.446187 0.02489527
58833.560497 24.372081 0.030777743
58833.561052 24.434242 0.023929032
58833.561629 24.42038 0.028901994
58833.562183 24.424697 0.023931209
58833.562742 24.461572 0.021948498
58833.563315 24.403973 0.021933967
58833.563889 24.484025 0.022889155
58833.564461 24.384629 0.025742732
58833.565019 24.481987 0.018962517
58833.565576 24.388688 0.016989165
58833.566153 24.521975 0.020954096
58833.566722 24.469613 0.021940837
58833.56729 24.403615 0.020937247
58833.56785 24.60972 0.024901464
58833.568406 24.43992 0.019957076
58833.568961 24.432492 0.017973786
58833.569533 24.403391 0.018980244
58833.570095 24.418319 0.018972547
58833.57065 24.415255 0.020980434
58833.57121 24.432374 0.017982298
58833.571768 24.440676 0.019963979
58833.572322 24.450559 0.018975382
58833.572898 24.355512 0.019945016
58833.573468 24.395398 0.021926516
58833.574037 24.421169 0.021925123
58833.574593 24.421821 0.020935872
58833.575159 24.399832 0.026749326
58833.575726 24.358073 0.021844093
58833.576286 24.524496 0.023821383
58833.576839 24.406735 0.023849568
58833.577403 24.438275 0.021921198
58833.577964 24.374128 0.020948541
58833.578544 24.419468 0.02095085
58833.579114 24.438202 0.020927643
58833.579688 24.441533 0.022905219
58833.580238 24.455083 0.02191932
58833.58081 24.381673 0.020901084
58833.581375 24.426309 0.022876914
58833.581944 24.440335 0.0228952
58833.582509 24.402676 0.020944203
58833.58308 24.437399 0.023912111
58833.583647 24.430275 0.022895908
58833.584215 24.506407 0.027761838
58833.584762 24.331939 0.019893154
58833.585316 24.510081 0.023885251
58833.585886 24.405113 0.018945528
58833.586442 24.466635 0.022905878
58833.587001 24.426495 0.021936922
58833.587566 24.386282 0.026846667
58833.58814 24.450481 0.026884396
58833.588711 24.466225 0.020946439
58833.589285 24.4323 0.017959622
58833.589857 24.420776 0.020921921
58833.590423 24.411026 0.025779721
58833.590994 24.453898 0.025884012
58833.591559 24.365846 0.032620745
58833.592112 24.342255 0.030726002
58833.592665 24.470613 0.032784045
58833.593224 24.423924 0.032830011
58833.593796 24.446269 0.039783261
58833.594369 24.300141 0.040257009
58833.59492 24.416421 0.036550176
58833.595528 24.465873 0.027846126
58833.596082 24.443048 0.030813465
58833.596665 24.420283 0.027824547
58833.597231 24.474616 0.028856169
58833.597797 24.453698 0.025899997
58833.59838 24.454167 0.022929118
58833.598947 24.425146 0.020929704
58833.599512 24.421322 0.024913767
58833.60009 24.445638 0.023920734
58833.600655 24.365846 0.022943674
58833.601221 24.401153 0.021910805
58833.601788 24.390622 0.023933194
58833.602358 24.364246 0.020929354
58833.602926 24.352336 0.021922698
58833.60349 24.370081 0.03075392
58833.604047 24.43055 0.022920359
58833.604615 24.386177 0.025863474
58833.605171 24.482067 0.029879799
58833.605736 24.476439 0.027866808
58833.606292 24.385837 0.024885088
58833.606846 24.346868 0.023853597
58833.607409 24.454755 0.026876878
58833.607972 24.429629 0.027873058
58833.608554 24.421316 0.031848678
58833.609122 24.403265 0.026920028
58833.609691 24.387434 0.027765095
58833.61027 24.439722 0.02387675
58833.610843 24.444689 0.023891139
58833.611415 24.413209 0.023859572
58833.611993 24.354495 0.024840295
58833.612577 24.368919 0.02083493
58833.613137 24.428336 0.025855711
58833.613696 24.390912 0.024794979
58833.614278 24.425749 0.021867044
58833.614853 24.354479 0.023814728
58833.615407 24.422542 0.026814816
58833.615983 24.449712 0.024860107
58833.616534 24.510973 0.024895992
58833.617093 24.430453 0.028877183
58833.617655 24.442151 0.024917671
58833.618216 24.383189 0.025874432
58833.618781 24.407721 0.024946831
58833.619336 24.471076 0.026916839
58833.619908 24.415399 0.026892534
58833.620489 24.46098 0.023911913
58833.621073 24.428748 0.02394054
58833.621643 24.440223 0.025896822
58833.622212 24.421733 0.023910048
58833.622786 24.415695 0.025874658
58833.623339 24.459199 0.026890173
58833.623898 24.438894 0.025904521
58833.624467 24.428332 0.023928287
58833.625042 24.428523 0.023918592
58833.625625 24.457359 0.023920214
58833.626195 24.367655 0.018953674
58833.626758 24.440648 0.022924998
58833.627345 24.446658 0.021949129
58833.627901 24.41056 0.021950951
58833.628481 24.427433 0.020952602
58833.629058 24.387792 0.020948771
58833.629625 24.418997 0.020967978
58833.630194 24.406022 0.022965418
58833.630754 24.3923 0.020960839
58833.631339 24.440166 0.025835802
58833.631919 24.353773 0.026754229
58833.632476 24.422917 0.027855414
58833.633035 24.39181 0.025868451
58833.633609 24.356254 0.023889304
58833.634176 24.400526 0.030898949
58833.63477 24.472078 0.025906678
58833.63533 24.386738 0.020956136
58833.635896 24.415621 0.023917434
58833.636454 24.421252 0.020959523
58833.637031 24.434913 0.023918073
58833.637603 24.416825 0.023936088
58833.638178 24.425131 0.021935599
58833.638751 24.44311 0.021953602
58833.639317 24.41346 0.023944521
58833.639885 24.412591 0.021952411
58833.640451 24.416695 0.018980688
58833.641017 24.424301 0.020971392
58833.641587 24.406955 0.022954252
58833.642165 24.403137 0.023953874
58833.642733 24.399194 0.020957486
58833.643298 24.402374 0.023965784
58833.643881 24.441632 0.021963708
58833.644463 24.406079 0.020975111
58833.645038 24.432726 0.022958276
58833.645621 24.433893 0.023953121
58833.646196 24.446711 0.023926092
58833.646775 24.413866 0.022956921
58833.647352 24.446678 0.021958019
58833.647947 24.461105 0.025923772
58833.648518 24.406148 0.021974444
58833.649091 24.405846 0.022959624
58833.649661 24.405843 0.021956773
58833.650234 24.401837 0.0209664
58833.650812 24.438924 0.020972775
58833.651385 24.462243 0.024954543
58833.651942 24.395908 0.022953165
58833.652501 24.459518 0.022954199
58833.653051 24.431675 0.021974885
58833.653627 24.437886 0.022959546
58833.654196 24.402464 0.022966253
58833.654761 24.410654 0.024959288
58833.655332 24.431154 0.021972312
58833.655903 24.416449 0.02297881
58833.656459 24.42363 0.021978304
58833.657018 24.416707 0.022976531
58833.657575 24.41481 0.023978832
58833.658134 24.406983 0.021959262
58833.658729 24.43893 0.023968407
58833.659291 24.442441 0.021972188
58833.659866 24.408451 0.023976917
58833.660428 24.438471 0.024954422
58833.660996 24.410839 0.022968845
58833.661568 24.427395 0.021965231
58833.662129 24.430622 0.023940782
58833.662686 24.420109 0.028924394
58833.663254 24.438362 0.022972425
58833.663845 24.423235 0.025935234
58833.664399 24.424591 0.024956205
58833.664959 24.439526 0.025957527
58833.66553 24.403945 0.022968536
58833.666087 24.415956 0.021980597
58833.666661 24.414842 0.021982184
58833.66724 24.400308 0.021980475
58833.667808 24.423775 0.0259731
58833.668374 24.406521 0.022979451
58833.66894 24.438991 0.02397537
58833.669515 24.429546 0.023978379
58833.670105 24.438165 0.024968129
58833.670664 24.457635 0.026947617
58833.671231 24.426869 0.026952109
58833.671792 24.421844 0.028948209
58833.672357 24.417401 0.025946407
58833.672921 24.472203 0.027956642
58833.6735 24.448312 0.025968173
58833.674063 24.430546 0.024970141
58833.674632 24.459169 0.027943547
58833.675223 24.437542 0.0279145
58833.67579 24.466215 0.030933771
58833.67635 24.456389 0.029919488
58833.676916 24.484738 0.031947504
58833.677484 24.443169 0.029933624
58833.678056 24.475281 0.031929606
58833.678616 24.409548 0.032822395
58833.679182 24.46165 0.035878182
58833.679761 24.417567 0.037841573
58833.680323 24.483766 0.04563908
58833.680894 24.416445 0.038746596
58833.681455 24.419141 0.038834785
58833.68202 24.387332 0.045749608
58833.682591 24.406354 0.039739859
58833.683157 24.400865 0.036846249
58833.683728 24.445757 0.03485638
58833.68429 24.453046 0.034820018
58833.684864 24.409147 0.03389089
58833.685427 24.426331 0.033890382
58833.686006 24.496352 0.036869358
58833.68663 24.430941 0.033931187
58833.687197 24.439916 0.030929879
58833.687766 24.449791 0.034934009
58833.688335 24.412854 0.030942891
58833.6889 24.458378 0.033925313
58833.689473 24.474881 0.032917698
58833.690035 24.425314 0.028924602
58833.690606 24.455104 0.028938615
58833.691182 24.431303 0.029944513
58833.691769 24.378678 0.02691745
58833.692334 24.456291 0.032902959
58833.692912 24.481324 0.033885452
58833.693482 24.453449 0.028910297
58833.694055 24.471263 0.029918825
58833.694629 24.444445 0.030951351
58833.695214 24.429296 0.030927317
58833.695788 24.379451 0.028924134
58833.696709 24.458622 0.036899433
58833.697282 24.511082 0.042864654
58833.697854 24.452122 0.034905387
58833.698426 24.430803 0.031923403
58833.698997 24.42916 0.038902728
58833.699574 24.382208 0.03194588
58833.700162 24.467694 0.02795418
58833.700738 24.455367 0.032941988
58833.701314 24.42901 0.031949888
58833.701879 24.412078 0.042939048
58833.702433 24.424745 0.033963562
58833.702997 24.405949 0.027968084
58833.703569 24.410926 0.028969061
58833.704138 24.434742 0.029972418
58833.704693 24.454966 0.031963032
58833.705269 24.423203 0.029957881
58833.705842 24.511942 0.033948673
58833.706416 24.429821 0.033938296
58833.706995 24.402502 0.027974123
58833.70756 24.40762 0.030955947
58833.708139 24.351816 0.026960548
58833.708701 24.432114 0.028959449
58833.709269 24.402894 0.029960807
58833.709837 24.398755 0.028932636
58833.710398 24.4244 0.030954657
58833.710961 24.478957 0.036944589
58833.711531 24.366005 0.028938296
58833.712096 24.404269 0.02992289
58833.712678 24.397072 0.026958495
58833.713245 24.4233 0.033918794
58833.713811 24.43623 0.027951441
58833.71438 24.48347 0.027955231
58833.714942 24.429467 0.026947206
58833.715515 24.447338 0.029954143
58833.716099 24.406813 0.023976979
58833.716662 24.44388 0.028965021
58833.717217 24.432326 0.026965903
58833.717786 24.40541 0.027941415
58833.718352 24.467127 0.031933522
58833.718933 24.471238 0.028930673
58833.719515 24.468197 0.027955264
58833.720081 24.396267 0.031921935
58833.720652 24.377775 0.029943243
58833.721229 24.437636 0.02794001
58833.721798 24.408562 0.030935258
58833.722365 24.407008 0.026958794
58833.722938 24.408082 0.025960348
58833.723517 24.431897 0.025957275
58833.724095 24.418339 0.024964006
58833.724659 24.453744 0.027929073
58833.725228 24.416456 0.026943789
58833.725794 24.44566 0.026956507
58833.726369 24.441805 0.031900231
58833.726949 24.415579 0.02889909
58833.727521 24.455252 0.029871854
58833.728085 24.412619 0.027924421
58833.728659 24.424985 0.031947531
58833.729226 24.437915 0.02993067
58833.729803 24.35957 0.028955129
58833.730359 24.431449 0.02795491
58833.730924 24.400559 0.024964136
58833.731502 24.425493 0.027944705
58833.732059 24.441073 0.03091309
58833.732632 24.47252 0.031924223
58833.733194 24.429565 0.030933227
58833.733759 24.430023 0.034852031
58833.734321 24.399173 0.033882828
58833.734879 24.438348 0.035861988
58833.735444 24.356029 0.032822497
58833.736003 24.462754 0.041883381
58833.736571 24.452059 0.042805494
58833.737136 24.445872 0.037866744
58833.737691 24.483829 0.037862439
58833.738267 24.443132 0.0397295
58833.738823 24.441402 0.036861846
58833.739382 24.356681 0.033846384
58833.739948 24.438753 0.036827681
58833.740522 24.357917 0.037793481
58833.741085 24.454518 0.040760311
58833.741647 24.425213 0.035871029
58833.742215 24.446954 0.035891684
58833.742788 24.435124 0.035802594
58833.743365 24.43415 0.040875629
58833.743953 24.423948 0.037865688
58833.744526 24.450177 0.032883367
58833.745093 24.414568 0.032915832
58833.745664 24.418588 0.033901532
58833.746226 24.380699 0.031909636
58833.746789 24.437247 0.027916472
58833.747358 24.441341 0.027935962
58833.747921 24.436081 0.029931203
58833.748478 24.422461 0.026953331
58833.749035 24.394869 0.027955342
58833.749599 24.393297 0.026956493
58833.750168 24.418538 0.031878282
58833.750733 24.458356 0.029884385
58833.751298 24.476754 0.033793684
58833.751854 24.404297 0.036866411
58833.752416 24.469665 0.033891231
58833.752988 24.409973 0.03090753
58833.753539 24.417543 0.027907009
58833.7541 24.476311 0.032921376
58833.754655 24.41509 0.02595331
58833.75523 24.449039 0.026955763
58833.755803 24.445683 0.031946819
58833.756377 24.332925 0.028945928
58833.756948 24.406512 0.026970957
58833.757519 24.454981 0.030957254
58833.758074 24.446562 0.031939849
58833.758639 24.501752 0.03785646
58833.759204 24.427837 0.037910322
58833.759765 24.383252 0.034935747
58833.760341 24.430167 0.037950844
58833.760921 24.439906 0.035943102
58833.761489 24.424661 0.040876478
58833.76205 24.43564 0.03294244
58833.762618 24.463978 0.035921695
58833.763196 24.460655 0.029954404
58833.763771 24.429694 0.029958634
58833.764345 24.445508 0.030957755
58833.764904 24.350378 0.027970251
58833.765469 24.399476 0.026963063
58833.766035 24.397232 0.029957963
58833.766604 24.408201 0.032938502
58833.767179 24.439261 0.030954757
58833.767754 24.362059 0.03196436
58833.768337 24.406754 0.031955598
58833.768906 24.415957 0.034955337
58833.769468 24.416041 0.031947833
58833.770037 24.402786 0.035950336
58833.770609 24.47996 0.035949835
58833.771176 24.399103 0.03589682
58833.77175 24.436626 0.039897783
58833.772312 24.491931 0.043848301
58833.772873 24.430019 0.042829689
58833.773436 24.440799 0.045813686
58833.774013 24.449723 0.050846235
58833.774581 24.470305 0.046874676
58833.775149 24.389299 0.039871316
58833.775718 24.483311 0.043870752
58833.776274 24.4529 0.042900129
58833.776849 24.430306 0.039926086
58833.777425 24.501516 0.043914774
58833.777996 24.46669 0.043876402
58833.778564 24.435248 0.036930536
58833.779126 24.428169 0.037914218
58833.779701 24.499292 0.036875333
58833.780275 24.362461 0.038902636
58833.780836 24.398502 0.040836795
58833.781394 24.343593 0.040874447
58833.781959 24.449262 0.039912481
58833.78252 24.419136 0.035927419
58833.783078 24.424584 0.03787057
58833.783656 24.494483 0.040897051
58833.784224 24.422347 0.03893537
58833.784791 24.467146 0.039902431
58833.785359 24.413372 0.033928193
58833.785923 24.390347 0.032949622
58833.786499 24.374731 0.031934995
58833.787075 24.43567 0.039931304
58833.787657 24.430218 0.035932054
58833.788243 24.515608 0.039939545
58833.788815 24.478263 0.034945235
58833.789431 24.450093 0.032933918
58833.789993 24.38875 0.032942456
58833.790558 24.470826 0.028955088
58833.791114 24.464988 0.034952054
58833.791692 24.40011 0.028973355
58833.792254 24.435774 0.030955679
58833.792819 24.430482 0.026964498
58833.793386 24.407627 0.025954767
58833.793945 24.453945 0.030944696
58833.794517 24.390897 0.02593337
58833.79508 24.473463 0.03096594
58833.795646 24.416228 0.02695738
58833.796225 24.43343 0.025967585
58833.79679 24.384802 0.026971823
58833.797352 24.417652 0.026967444
58833.797908 24.432814 0.025974229
58833.798484 24.432991 0.024975324
58833.799061 24.476286 0.025962066
58833.799624 24.394858 0.025961842
58833.800185 24.430535 0.026972274
58833.800756 24.43936 0.029971568
58833.801313 24.453771 0.026947779
58833.801876 24.41676 0.026958803
58833.802443 24.442383 0.027957816
58833.803031 24.460346 0.027968569
58833.803608 24.439948 0.025960163
58833.804175 24.469772 0.026972697
58833.804741 24.450972 0.026970841
58833.805316 24.429854 0.027964791
58833.805876 24.430923 0.029956948
58833.806445 24.407078 0.028974494
58833.807016 24.446948 0.027968486
58833.807582 24.418713 0.030941332
58833.80816 24.440424 0.032959802
58833.808724 24.477931 0.033957227
58833.809281 24.431185 0.027958008
58833.809857 24.458573 0.025970286
58833.810432 24.428519 0.030967195
58833.811002 24.426848 0.02896859
58833.81157 24.413137 0.030968289
58833.812141 24.409219 0.031966461
58833.81271 24.415093 0.025972753
58833.813283 24.455106 0.027975458
58833.81385 24.428011 0.024974691
58833.814425 24.44157 0.027971508
58833.81499 24.433004 0.02297835
58833.815567 24.429875 0.028969306
58833.816133 24.451927 0.028972327
58833.816698 24.412512 0.027971405
58833.817289 24.41756 0.02597033
58833.817864 24.42213 0.031959605
58833.818429 24.410979 0.026954405
58833.819011 24.398242 0.031949735
58833.819573 24.422917 0.028960042
58833.820146 24.413924 0.02795419
58833.82073 24.448026 0.029957962
58833.821295 24.423197 0.027964099
58833.821869 24.400547 0.03296614
58833.822431 24.510798 0.033958254
58833.822986 24.466094 0.03296359
58833.823546 24.443478 0.038937271
58833.824122 24.407867 0.033960614
58833.82469 24.457553 0.038957304
58833.82527 24.542914 0.042947715
58833.825842 24.39559 0.037954248
58833.826414 24.451266 0.037941883
58833.826987 24.473272 0.035923273
58833.827559 24.477601 0.032946273
58833.828123 24.414986 0.030972327
58833.828694 24.431096 0.030953298
58833.829263 24.454744 0.029960524
58833.829826 24.419156 0.027966367
58833.830398 24.406109 0.030933073
58833.830961 24.422797 0.030956058
58833.831526 24.433932 0.024962537
58833.832097 24.434011 0.024963847
58833.83267 24.40241 0.024963383
58833.833228 24.457434 0.028959495
58833.833798 24.426835 0.026962616
58833.834371 24.374412 0.03094041
58833.834936 24.423959 0.026963616
58833.83551 24.451596 0.027965974
58833.836083 24.428392 0.025957097
58833.836648 24.407843 0.028934522
58833.837231 24.457534 0.03094972
58833.837806 24.467363 0.034935567
58833.83839 24.49304 0.032936455
58833.838952 24.489831 0.037904582
58833.839512 24.471928 0.033944164
58833.840078 24.43682 0.030948851
58833.840638 24.515128 0.035924752
58833.841214 24.432867 0.030947493
58833.841784 24.41051 0.029960271
58833.842354 24.468072 0.033959654
58833.842932 24.468282 0.034948516
58833.8435 24.432364 0.030961727
58833.844068 24.426753 0.032949003
58833.84464 24.429958 0.033924023
58833.845192 24.390599 0.028955717
58833.845764 24.410793 0.027966255
58833.846315 24.384938 0.029972759
58833.846882 24.460167 0.03396303
58833.847447 24.435537 0.030968133
58833.848017 24.484232 0.039964751
58833.848583 24.442616 0.03895492
58833.849139 24.463814 0.041952431
58833.849713 24.480678 0.034954391
58833.850286 24.38313 0.032967755
