HJD mag magerr
0.0 0.0 0.0
0.0 0.0 0.0
58833.527497 25.764691 0.23982411
58833.528073 25.628487 0.20767808
58833.52864 25.856482 0.17782478
0.0 0.0 0.0
58833.529794 25.811158 0.23160781
58833.530369 25.859823 0.16575138
58833.530936 25.490031 0.099895308
58833.531508 25.970471 0.1308859
58833.532068 25.846108 0.10390354
58833.532639 25.671549 0.085893007
58833.533201 25.752663 0.091929103
58833.533765 25.950383 0.10493414
58833.534319 25.980642 0.12871883
58833.534878 25.829599 0.095803532
58833.535457 25.765559 0.096826855
58833.536022 25.918126 0.088921359
58833.536586 25.782358 0.07693863
58833.537148 25.714252 0.06493354
58833.537706 25.755356 0.075881332
58833.538275 25.78761 0.070924681
58833.538843 25.82618 0.06692885
58833.539403 25.864106 0.06292948
58833.539961 25.908315 0.063941529
58833.540691 25.783745 0.050960869
58833.54127 25.779259 0.056926986
58833.541834 25.929391 0.065942916
58833.542384 25.799006 0.060936979
58833.542946 25.786841 0.057932946
58833.543507 25.808959 0.056950621
58833.544071 25.743739 0.046969235
58833.544644 25.754962 0.04996203
58833.545206 25.76249 0.05493532
58833.545767 25.796124 0.052951137
58833.54634 25.682443 0.049960589
58833.546924 25.804703 0.053942072
58833.547488 25.820297 0.056935408
58833.548053 25.761412 0.050941715
58833.548633 25.873975 0.054960675
58833.549203 25.817682 0.044958019
58833.549779 25.818018 0.05195557
58833.550355 25.827411 0.055941199
58833.550911 25.85981 0.049934052
58833.551466 25.775793 0.0499404
58833.552025 25.74948 0.057914077
58833.552609 25.804588 0.056913761
58833.553172 25.730958 0.059940992
58833.553736 25.826925 0.051950406
58833.554298 25.849185 0.05396349
58833.554862 25.814157 0.052962055
58833.55542 25.850631 0.053974837
58833.556007 25.827579 0.058978932
58833.556565 25.828006 0.063976527
58833.557125 25.793076 0.058972165
58833.557676 25.859059 0.060978082
58833.558245 25.810408 0.055961691
58833.558811 25.873491 0.061944816
58833.559373 25.813237 0.058933171
58833.559928 25.872963 0.071857876
58833.560497 25.822557 0.08379332
58833.561052 25.799311 0.062908494
58833.561629 25.781233 0.071901219
58833.562183 25.820503 0.057941094
58833.562742 25.891149 0.056945205
58833.563315 25.699017 0.055947239
58833.563889 25.897797 0.069829824
58833.564461 25.771277 0.070760309
58833.565019 25.853862 0.043956402
58833.565576 25.829639 0.038987052
58833.566153 25.878409 0.059920539
58833.566722 25.793002 0.049941161
58833.56729 25.733705 0.047939047
58833.56785 25.833882 0.056902424
58833.568406 25.87975 0.043971938
58833.568961 25.83112 0.045973356
58833.569533 25.799144 0.04098002
58833.570095 25.815323 0.041971667
58833.57065 25.821482 0.039983062
58833.57121 25.807783 0.036973415
58833.571768 25.879466 0.042973449
58833.572322 25.765543 0.043968242
58833.572898 25.803464 0.052956731
58833.573468 25.824253 0.05785934
58833.574037 25.831161 0.060893771
58833.574593 25.763075 0.052906632
58833.575159 25.859527 0.075716029
58833.575726 25.941156 0.068799346
58833.576286 25.972468 0.071835888
58833.576839 25.861331 0.062867637
58833.577403 25.825476 0.047950518
58833.577964 25.764116 0.047956129
58833.578544 25.884771 0.055934387
58833.579114 25.85574 0.051954469
58833.579688 25.81622 0.053916719
58833.580238 25.87379 0.061904956
58833.58081 25.78625 0.051918796
58833.581375 25.876214 0.062796282
58833.581944 25.827095 0.052907761
58833.582509 25.720521 0.044944834
58833.58308 25.806605 0.051908016
58833.583647 25.699991 0.053869785
58833.584215 25.937536 0.079773461
58833.584762 25.804412 0.055879707
58833.585316 25.931013 0.069840797
58833.585886 25.782191 0.047919016
58833.586442 25.781513 0.049929752
58833.587001 25.84995 0.055917888
58833.587566 25.809813 0.077858852
58833.58814 25.81133 0.073887401
58833.588711 25.805299 0.044962982
58833.589285 25.813694 0.050930492
58833.589857 25.874737 0.057766802
58833.590423 25.814982 0.073761244
58833.590994 26.013091 0.092791481
58833.591559 26.09576 0.1297184
58833.592112 25.799018 0.087751389
58833.592665 25.784098 0.088736644
58833.593224 25.74008 0.090811673
58833.593796 26.180419 0.15580882
0.0 0.0 0.0
58833.59492 25.765219 0.10374409
58833.595528 25.726224 0.078777044
58833.596082 25.862575 0.090856872
58833.596665 25.833704 0.08485768
58833.597231 25.81238 0.07283245
58833.597797 25.865239 0.06790805
58833.59838 25.82678 0.051946813
58833.598947 25.872714 0.05293634
58833.599512 25.793178 0.060916909
58833.60009 25.831975 0.060937143
58833.600655 25.730684 0.049946472
58833.601221 25.809339 0.056921167
58833.601788 25.781407 0.062944029
58833.602358 25.771453 0.052929723
58833.602926 25.833916 0.070894896
0.0 0.0 0.0
58833.604047 25.701782 0.05292507
58833.604615 25.862309 0.067885409
58833.605171 26.016501 0.093828024
58833.605736 25.834664 0.074886723
58833.606292 25.92407 0.077887301
58833.606846 25.852861 0.078862588
58833.607409 25.856398 0.073879647
58833.607972 25.749683 0.069906927
58833.608554 25.718251 0.074848885
58833.609122 25.873471 0.080897111
58833.609691 25.859722 0.081835842
58833.61027 25.787504 0.061893035
58833.610843 25.794318 0.060888896
58833.611415 25.863823 0.061871678
58833.611993 25.870245 0.069852484
58833.612577 25.878765 0.064847947
58833.613137 25.81027 0.065848665
58833.613696 25.902876 0.069825587
58833.614278 25.829413 0.059870303
58833.614853 25.84818 0.067803392
58833.615407 25.794039 0.063841758
58833.615983 25.884102 0.06586939
58833.616534 25.775609 0.055899784
58833.617093 25.830776 0.072892927
58833.617655 25.866365 0.06492494
58833.618216 25.860158 0.067928699
58833.618781 25.825051 0.067938199
58833.619336 25.740107 0.061927248
58833.619908 25.801643 0.067915288
58833.620489 25.886676 0.060922628
58833.621073 25.882969 0.060933087
58833.621643 25.837754 0.066903265
58833.622212 25.748297 0.054915599
58833.622786 25.92356 0.074877776
58833.623339 25.812186 0.070923597
58833.623898 25.728107 0.060910286
58833.624467 25.804081 0.059932883
58833.625042 25.912671 0.060921219
58833.625625 25.837512 0.055929885
58833.626195 25.78323 0.053940643
58833.626758 25.773993 0.06689349
58833.627345 25.870094 0.058955775
58833.627901 25.877396 0.06095544
58833.628481 25.816126 0.052957153
58833.629058 25.845234 0.053953215
58833.629625 25.823466 0.05295743
58833.630194 25.94745 0.055958145
58833.630754 25.805832 0.054962735
58833.631339 25.798284 0.059899455
58833.631919 25.80974 0.078801224
58833.632476 25.723231 0.072831235
58833.633035 25.979575 0.081877679
58833.633609 25.761341 0.062872258
58833.634176 25.948541 0.11091907
58833.63477 25.854264 0.066903205
58833.63533 25.724054 0.055946902
58833.635896 25.731396 0.057918937
58833.636454 25.862415 0.054960931
58833.637031 25.89656 0.063889875
58833.637603 25.825952 0.066937396
58833.638178 25.841964 0.061901701
58833.638751 25.754869 0.055957325
58833.639317 25.746339 0.055954697
58833.639885 25.857243 0.054958791
58833.640451 25.803156 0.057976722
58833.641017 25.789963 0.051974046
58833.641587 25.842745 0.059957771
58833.642165 25.864389 0.060961593
58833.642733 25.852535 0.055961713
58833.643298 25.805726 0.065955797
58833.643881 25.775198 0.055945788
58833.644463 25.842944 0.052976202
58833.645038 25.822646 0.055963894
58833.645621 25.815913 0.058942226
58833.646196 25.729449 0.058944127
58833.646775 25.771225 0.058960998
58833.647352 25.852081 0.058965002
58833.647947 25.708575 0.055937726
58833.648518 25.806991 0.056978175
58833.649091 25.89676 0.062966464
58833.649661 25.781211 0.056974529
58833.650234 25.880044 0.058974366
58833.650812 25.80017 0.053968417
58833.651385 25.794476 0.055961181
58833.651942 25.760682 0.055961817
58833.652501 25.822075 0.057972279
58833.653051 25.681797 0.052978263
58833.653627 25.872309 0.05897368
58833.654196 25.731232 0.060957903
58833.654761 25.827452 0.055965779
58833.655332 25.773961 0.054973302
58833.655903 25.819097 0.059976815
58833.656459 25.823215 0.061977028
58833.657018 25.683974 0.052980662
58833.657575 25.873597 0.06598037
58833.658134 25.915494 0.06897259
58833.658729 25.859839 0.067962048
58833.659291 25.775365 0.056967469
58833.659866 25.805443 0.062978938
58833.660428 25.766716 0.063962632
58833.660996 25.767136 0.055965052
58833.661568 25.712383 0.060962903
58833.662129 25.79732 0.063946954
58833.662686 25.740034 0.070939659
58833.663254 25.900282 0.064975985
58833.663845 25.749097 0.074919286
58833.664399 25.761428 0.070959717
58833.664959 25.763006 0.064976207
58833.66553 25.818909 0.063971581
58833.666087 25.734154 0.066978624
58833.666661 25.752857 0.055979916
58833.66724 25.785531 0.048984123
58833.667808 25.830138 0.066981005
58833.668374 25.822282 0.068977847
58833.66894 25.810607 0.071972586
58833.669515 25.799946 0.06296974
58833.670105 25.824817 0.078961482
58833.670664 25.689058 0.06695985
58833.671231 25.872626 0.07396359
58833.671792 25.75235 0.068958548
58833.672357 25.733731 0.067960481
58833.672921 25.674806 0.069957742
58833.6735 25.66279 0.061973664
58833.674063 25.810885 0.066976979
58833.674632 25.820181 0.077958076
58833.675223 25.724853 0.072907034
58833.67579 25.665046 0.074948458
58833.67635 25.915708 0.08693923
58833.676916 25.816602 0.087958083
58833.677484 25.881078 0.093952247
58833.678056 25.839326 0.087946778
58833.678616 25.678313 0.093849425
58833.679182 25.821866 0.10886925
58833.679761 25.889068 0.12179777
58833.680323 26.040778 0.16458875
58833.680894 25.965127 0.12280123
58833.681455 26.068421 0.15567121
58833.68202 25.887062 0.12178238
58833.682591 25.801783 0.12577464
58833.683157 25.886614 0.11587617
58833.683728 25.817361 0.11186321
58833.68429 25.787165 0.11077169
58833.684864 25.68057 0.084920685
58833.685427 25.69243 0.094912783
58833.686006 25.697672 0.084887529
58833.68663 25.969072 0.10494697
58833.687197 25.839917 0.093962058
58833.687766 25.778865 0.094949965
58833.688335 25.87083 0.095958711
58833.6889 25.848052 0.087947244
58833.689473 25.715705 0.09094167
58833.690035 25.65234 0.073941248
58833.690606 25.790335 0.0939164
58833.691182 25.801973 0.080950161
58833.691769 25.876629 0.090930631
58833.692334 25.839904 0.09988722
58833.692912 25.796743 0.084916308
58833.693482 25.775104 0.076932468
58833.694055 25.737574 0.079934702
58833.694629 25.910396 0.097956675
58833.695214 26.035842 0.10795024
58833.695788 25.758517 0.084944173
58833.696709 25.715645 0.086943791
58833.697282 25.815398 0.10690541
58833.697854 25.593369 0.077925825
58833.698426 25.905278 0.10894411
58833.698997 25.79782 0.1169298
58833.699574 25.898425 0.099962278
58833.700162 25.760895 0.08096727
58833.700738 25.817507 0.10595422
58833.701314 25.786078 0.086955613
58833.701879 25.625265 0.10895923
58833.702433 26.08089 0.12597219
58833.702997 25.83744 0.080975378
58833.703569 25.720664 0.073963062
58833.704138 25.888686 0.099978123
58833.704693 25.761688 0.097973191
58833.705269 25.993417 0.096963451
58833.705842 25.894254 0.099951352
58833.706416 25.793428 0.10393993
58833.706995 25.829402 0.09097193
58833.70756 25.963938 0.089957152
58833.708139 25.694491 0.074960216
58833.708701 25.742495 0.080967245
58833.709269 25.781633 0.074967964
58833.709837 25.805789 0.084964939
58833.710398 25.72238 0.074968989
58833.710961 25.753016 0.093933901
58833.711531 25.726672 0.084953732
58833.712096 26.052712 0.10994951
58833.712678 25.861018 0.082947998
58833.713245 25.787455 0.079956618
58833.713811 25.678722 0.065959686
58833.71438 25.738767 0.079966056
58833.714942 25.745823 0.068961112
58833.715515 25.808451 0.072959069
58833.716099 25.854938 0.076971851
58833.716662 25.76426 0.075973571
58833.717217 25.872437 0.077970436
58833.717786 25.69414 0.070958509
58833.718352 25.934428 0.089950889
58833.718933 25.748253 0.077956737
58833.719515 25.854934 0.091953483
58833.720081 25.753775 0.088942198
58833.720652 25.684531 0.072957324
58833.721229 25.749106 0.084945598
58833.721798 25.749663 0.083944777
58833.722365 25.771522 0.075953898
58833.722938 25.801862 0.068970977
58833.723517 25.844107 0.085955047
58833.724095 25.830346 0.069962091
58833.724659 25.826969 0.076956911
58833.725228 25.734046 0.065959459
58833.725794 25.768592 0.070958111
58833.726369 25.713539 0.078938112
58833.726949 25.830816 0.091920578
58833.727521 25.755465 0.079886676
58833.728085 25.803294 0.084907309
58833.728659 25.856422 0.087942366
58833.729226 25.821184 0.077944866
58833.729803 25.774707 0.088958938
58833.730359 25.929827 0.086948101
58833.730924 25.873376 0.06796116
58833.731502 25.788765 0.077956935
58833.732059 25.856195 0.1058898
58833.732632 25.747078 0.083936316
58833.733194 25.866294 0.095912579
58833.733759 25.706312 0.090869579
58833.734321 25.85638 0.098907166
58833.734879 25.646405 0.096888405
58833.735444 25.738002 0.10383853
58833.736003 25.658905 0.10485748
58833.736571 25.728995 0.1218508
58833.737136 25.822331 0.10985369
58833.737691 25.757215 0.10189725
58833.738267 25.791155 0.11777681
58833.738823 25.657478 0.089874708
58833.739382 25.775661 0.10189111
58833.739948 25.945141 0.1308306
58833.740522 25.663676 0.1028381
58833.741085 26.192013 0.17080042
58833.741647 26.049985 0.1208958
58833.742215 25.737462 0.087918934
58833.742788 25.786168 0.099835061
58833.743365 26.002601 0.12889195
58833.743953 25.982901 0.13588059
58833.744526 25.799866 0.093906413
58833.745093 25.719364 0.081936518
58833.745664 25.782042 0.092920365
58833.746226 25.876645 0.096931981
58833.746789 25.91257 0.083931746
58833.747358 25.775197 0.077950111
58833.747921 26.013401 0.095943942
58833.748478 25.887116 0.073951793
58833.749035 25.781673 0.071950611
58833.749599 25.667103 0.067947843
58833.750168 25.884929 0.093896933
58833.750733 25.653113 0.080906717
58833.751298 25.591276 0.073859721
58833.751854 25.675386 0.099867708
58833.752416 25.86266 0.099910035
58833.752988 25.810721 0.090916099
58833.753539 25.859555 0.086925482
58833.7541 25.720362 0.074934626
58833.754655 25.803921 0.077949899
58833.75523 25.844602 0.082965044
58833.755803 25.707855 0.085939403
58833.756377 25.966723 0.095941104
58833.756948 25.905087 0.09296525
58833.757519 25.719533 0.092968756
58833.758074 25.86198 0.095964391
58833.758639 25.79177 0.099921036
58833.759204 25.828133 0.12590739
58833.759765 25.80519 0.10495647
58833.760341 25.808615 0.10095735
58833.760921 25.781986 0.10995769
58833.761489 25.837286 0.13591987
58833.76205 25.751483 0.095959533
58833.762618 25.741201 0.096944727
58833.763196 25.765057 0.085955647
58833.763771 25.850022 0.095973065
58833.764345 25.709603 0.085965614
58833.764904 25.694893 0.07697164
58833.765469 25.885312 0.10397853
58833.766035 25.782131 0.088968967
58833.766604 25.836671 0.10095028
58833.767179 25.74938 0.08997271
58833.767754 25.736632 0.10097171
58833.768337 25.768404 0.087964445
58833.768906 25.809918 0.10296703
58833.769468 25.824529 0.10094601
58833.770037 25.906422 0.10396141
58833.770609 26.022825 0.12395463
58833.771176 25.807925 0.11489869
58833.77175 25.787076 0.11992204
58833.772312 26.011939 0.14989868
58833.772873 25.803537 0.13787736
58833.773436 25.798303 0.14884448
58833.774013 26.030867 0.19486179
58833.774581 26.218715 0.20290479
58833.775149 25.587998 0.10090273
58833.775718 25.922909 0.13790444
58833.776274 25.915038 0.14593144
58833.776849 25.662057 0.095945857
58833.777425 25.876847 0.14594122
58833.777996 25.796741 0.1339193
58833.778564 25.855326 0.11694034
58833.779126 25.813707 0.1239257
58833.779701 26.011778 0.15192349
58833.780275 25.78185 0.11593642
58833.780836 25.746341 0.12485189
58833.781394 25.899769 0.15485129
58833.781959 25.762458 0.10293106
58833.78252 25.800264 0.11994372
58833.783078 25.752785 0.11189625
58833.783656 25.888156 0.12691353
58833.784224 25.913012 0.13394411
58833.784791 25.789306 0.13194893
58833.785359 25.951004 0.10895294
58833.785923 25.749628 0.091963479
58833.786499 25.726831 0.10894741
58833.787075 25.830068 0.10195365
58833.787657 25.897198 0.11395391
58833.788243 25.734721 0.10594991
58833.788815 25.917933 0.11196097
58833.789431 25.792514 0.082968001
58833.789993 25.789417 0.091958808
58833.790558 25.752982 0.093972388
58833.791114 25.873164 0.11395037
58833.791692 25.673897 0.079968981
58833.792254 25.929581 0.088950749
58833.792819 25.868833 0.092962893
58833.793386 25.893455 0.084952848
58833.793945 25.700093 0.078959787
58833.794517 26.050386 0.10196347
58833.79508 25.785886 0.071963936
58833.795646 25.831754 0.081967464
58833.796225 25.721031 0.067963568
58833.79679 25.746476 0.071976427
58833.797352 25.878531 0.078981117
58833.797908 25.903146 0.073975449
58833.798484 25.785769 0.0739777
58833.799061 25.838372 0.071972931
58833.799624 25.825874 0.076969919
58833.800185 25.740612 0.075974511
58833.800756 25.848068 0.071959843
58833.801313 25.861553 0.076966879
58833.801876 25.898271 0.082968609
58833.802443 25.832146 0.079953598
58833.803031 25.933664 0.093977337
58833.803608 25.732334 0.072970224
58833.804175 25.904387 0.08797763
58833.804741 25.792795 0.075976949
58833.805316 25.848149 0.085976108
58833.805876 25.776965 0.091969026
58833.806445 25.776835 0.084979715
58833.807016 25.861953 0.091975023
58833.807582 25.872892 0.095960009
58833.80816 25.826959 0.09597434
58833.808724 25.76394 0.081976281
58833.809281 25.745144 0.079971299
58833.809857 25.957317 0.099975707
58833.810432 25.732755 0.092968892
58833.811002 25.984498 0.10097346
58833.81157 25.982395 0.096978081
58833.812141 25.832664 0.087977841
58833.81271 25.626707 0.059980488
58833.813283 25.910615 0.082981453
58833.81385 25.832507 0.080980902
58833.814425 25.846265 0.07998014
58833.81499 25.858429 0.073980979
58833.815567 25.719158 0.075977389
58833.816133 25.784119 0.076976336
58833.816698 25.710732 0.08795571
58833.817289 25.78023 0.070968499
58833.817864 25.895363 0.093961889
58833.818429 25.830026 0.077964376
58833.819011 25.859136 0.099964061
58833.819573 25.889566 0.096972638
58833.820146 25.731471 0.086959285
58833.82073 25.774103 0.079967874
58833.821295 25.798151 0.083967661
58833.821869 25.812015 0.10496657
58833.822431 25.88511 0.093973592
58833.822986 25.663106 0.084976121
58833.823546 25.644628 0.097958743
58833.824122 25.770359 0.099956548
58833.82469 25.729948 0.10197213
58833.82527 25.712687 0.099974032
58833.825842 25.847587 0.11897002
58833.826414 25.756518 0.10495508
58833.826987 25.863379 0.10295783
58833.827559 25.85879 0.10696357
58833.828123 25.910659 0.10496993
58833.828694 25.822104 0.086955193
58833.829263 25.865181 0.084963404
58833.829826 25.81732 0.077953269
58833.830398 25.854839 0.084963328
58833.830961 25.923293 0.086965001
58833.831526 25.737866 0.067955584
58833.832097 25.762163 0.078970674
58833.83267 25.78202 0.066965526
58833.833228 25.911546 0.087965141
58833.833798 25.847882 0.077971909
58833.834371 25.754165 0.088951679
58833.834936 25.935483 0.082971368
58833.83551 25.758528 0.066969165
58833.836083 25.811627 0.079967007
58833.836648 25.823627 0.090968791
58833.837231 25.841963 0.088968566
58833.837806 25.880311 0.10393268
58833.83839 25.693443 0.076949629
58833.838952 25.735589 0.091932217
58833.839512 25.763446 0.094961388
58833.840078 25.891227 0.11595204
58833.840638 25.723864 0.092966167
58833.841214 25.794631 0.095963996
58833.841784 25.871092 0.091972553
58833.842354 25.800781 0.092968802
58833.842932 25.759663 0.085965596
58833.8435 25.852422 0.097968768
58833.844068 25.656738 0.080970597
58833.84464 25.796457 0.097968483
58833.845192 25.726928 0.086974416
58833.845764 25.763165 0.085976471
58833.846315 25.796884 0.10097652
58833.846882 25.834146 0.09597947
58833.847447 25.88973 0.12996639
58833.848017 25.854924 0.11197508
58833.848583 25.68953 0.11696891
58833.849139 25.817923 0.11797212
58833.849713 25.905477 0.11896038
58833.850286 25.943412 0.11497549
