HJD mag magerr
58833.526351 25.20653 0.18877217
58833.526938 25.333369 0.16963167
58833.527497 25.128691 0.11782671
58833.528073 25.295487 0.15068012
58833.52864 25.380482 0.11382671
58833.529223 25.142811 0.11761453
58833.529794 24.969158 0.10961451
58833.530369 25.358823 0.10875416
58833.530936 25.231031 0.091895747
58833.531508 25.308471 0.075888199
58833.532068 25.256108 0.06390574
58833.532639 25.214549 0.060895
58833.533201 25.232663 0.058931277
58833.533765 25.180383 0.052937237
58833.534319 25.256642 0.068726023
58833.534878 25.262599 0.061807917
58833.535457 25.213559 0.057831561
58833.536022 25.212126 0.052924441
58833.536586 25.194358 0.048941036
58833.537148 25.157252 0.04293644
58833.537706 25.114356 0.048884874
58833.538275 25.14561 0.041927792
58833.538843 25.18018 0.041931559
58833.539403 25.132106 0.039932298
58833.539961 25.184315 0.037944282
58833.540691 25.132745 0.039962111
58833.54127 25.186259 0.042928823
58833.541834 25.161391 0.038945523
58833.542384 25.111006 0.040939829
58833.542946 25.176841 0.037935683
58833.543507 25.143959 0.031953801
58833.544071 25.166739 0.030971373
58833.544644 25.175962 0.032964434
58833.545206 25.16549 0.036938689
58833.545767 25.136124 0.033953557
58833.54634 25.110443 0.033962854
58833.546924 25.155703 0.036944984
58833.547488 25.163297 0.033939965
58833.548053 25.170412 0.034944879
58833.548633 25.176975 0.036962716
58833.549203 25.156682 0.030960135
58833.549779 25.179018 0.03195813
58833.550355 25.179411 0.036943654
58833.550911 25.15381 0.033936118
58833.551466 25.228793 0.034942821
58833.552025 25.13748 0.037917597
58833.552609 25.165588 0.039916642
58833.553172 25.087958 0.035945592
58833.553736 25.257925 0.037952487
58833.554298 25.178185 0.033965874
58833.554862 25.176157 0.033964464
58833.55542 25.134631 0.031977174
58833.556007 25.151579 0.034980656
58833.556565 25.142006 0.036978365
58833.557125 25.151076 0.035973914
58833.557676 25.093059 0.037979583
58833.558245 25.084408 0.033964323
58833.558811 25.095491 0.031948675
58833.559373 25.148237 0.038936509
58833.559928 25.219963 0.043864766
58833.560497 25.192557 0.052800898
58833.561052 25.156311 0.040911902
58833.561629 25.199233 0.049904449
58833.562183 25.222503 0.039943715
58833.562742 25.156149 0.036948238
58833.563315 25.164017 0.033950871
58833.563889 25.323797 0.04683634
58833.564461 25.092277 0.040771162
58833.565019 25.180862 0.027963263
58833.565576 25.160639 0.024988617
58833.566153 25.302409 0.039927272
58833.566722 25.177002 0.03594393
58833.56729 25.163705 0.036941344
58833.56785 25.128882 0.035909536
58833.568406 25.11675 0.026975609
58833.568961 25.15012 0.027975788
58833.569533 25.168144 0.02598196
58833.570095 25.166323 0.027973447
58833.57065 25.100482 0.027984297
58833.57121 25.160783 0.026974899
58833.571768 25.124466 0.030975
58833.572322 25.109543 0.028970165
58833.572898 25.116464 0.027961333
58833.573468 25.144253 0.036863745
58833.574037 25.225161 0.040898604
58833.574593 25.107075 0.03291173
58833.575159 25.220527 0.050725967
58833.575726 25.245156 0.042806984
58833.576286 25.278468 0.043845567
58833.576839 25.121331 0.034877461
58833.577403 25.171476 0.033953141
58833.577964 25.086116 0.031958989
58833.578544 25.141771 0.032938218
58833.579114 25.16574 0.033957275
58833.579688 25.16322 0.037919695
58833.580238 25.13079 0.035909958
58833.58081 25.18525 0.035922969
58833.581375 25.092214 0.035810516
58833.581944 25.135095 0.033912368
58833.582509 25.127521 0.029948806
58833.58308 25.178605 0.035911704
58833.583647 25.108991 0.036874939
58833.584215 25.289536 0.050783923
58833.584762 25.219412 0.039887707
58833.585316 25.205013 0.039856058
58833.585886 25.117191 0.030924882
58833.586442 25.189513 0.037932414
58833.587001 25.11595 0.034921965
58833.587566 25.211813 0.049865413
58833.58814 25.17233 0.0498913
58833.588711 25.122299 0.028967553
58833.589285 25.156694 0.030943502
58833.589857 25.220737 0.037779353
58833.590423 25.188982 0.046771397
58833.590994 25.331091 0.050803214
58833.591559 25.23476 0.0647315
58833.592112 25.215018 0.057758995
58833.592665 25.238098 0.061741785
58833.593224 25.24408 0.061816613
58833.593796 25.210419 0.068821084
58833.594369 25.321698 0.089514901
58833.59492 25.187219 0.06875174
58833.595528 25.160224 0.048788336
58833.596082 25.228575 0.054862166
58833.596665 25.154704 0.050863526
58833.597231 25.18338 0.048837147
58833.597797 25.205239 0.043911187
58833.59838 25.18478 0.035949535
58833.598947 25.181714 0.035938974
58833.599512 25.176178 0.036920879
58833.60009 25.208975 0.040939986
58833.600655 25.136684 0.03594843
58833.601221 25.151339 0.038924039
58833.601788 25.169407 0.039946909
58833.602358 25.151453 0.036933131
58833.602926 25.110916 0.040899544
58833.60349 25.238357 0.052816102
58833.604047 25.186782 0.038927389
58833.604615 25.161309 0.038890892
58833.605171 25.170501 0.048834806
58833.605736 25.147664 0.044890935
58833.606292 25.29007 0.050890414
58833.606846 25.152861 0.045867768
58833.607409 25.210398 0.047883302
58833.607972 25.157683 0.042911514
58833.608554 25.141251 0.048853321
58833.609122 25.157471 0.045901084
58833.609691 25.171722 0.048841374
58833.61027 25.157504 0.040896922
58833.610843 25.140318 0.041892516
58833.611415 25.170823 0.041876008
58833.611993 25.214245 0.044857467
58833.612577 25.122765 0.036855903
58833.613137 25.18827 0.041856025
58833.613696 25.219876 0.043833737
58833.614278 25.137413 0.036878142
58833.614853 25.10918 0.038812937
58833.615407 25.134039 0.039848337
58833.615983 25.123102 0.039875034
58833.616534 25.171609 0.038904338
58833.617093 25.177776 0.043897001
58833.617655 25.163365 0.039928084
58833.618216 25.170158 0.04093253
58833.618781 25.173051 0.0419406
58833.619336 25.194107 0.038930305
58833.619908 25.141643 0.046917624
58833.620489 25.211676 0.036926321
58833.621073 25.186969 0.039935622
58833.621643 25.189754 0.042906719
58833.622212 25.188297 0.037918733
58833.622786 25.16656 0.042882901
58833.623339 25.134186 0.039928213
0.0 0.0 0.0
58833.624467 25.175081 0.038935558
58833.625042 25.186671 0.040923985
58833.625625 25.182512 0.039932131
58833.626195 25.15523 0.032943948
58833.626758 25.138993 0.040896518
58833.627345 25.139094 0.034958114
58833.627901 25.133396 0.031958505
58833.628481 25.177126 0.035958919
58833.629058 25.155234 0.034955398
58833.629625 25.152466 0.032959733
58833.630194 25.11845 0.03096101
58833.630754 25.140832 0.035964844
58833.631339 25.106284 0.040903884
58833.631919 25.15774 0.046808385
58833.632476 25.235231 0.052834836
58833.633035 25.199575 0.041885356
58833.633609 25.142341 0.045875484
58833.634176 25.147541 0.058922248
58833.63477 25.181264 0.045905997
58833.63533 25.141054 0.034949525
58833.635896 25.107396 0.04292108
58833.636454 25.150415 0.03396355
58833.637031 25.18256 0.043892208
58833.637603 25.178952 0.039940123
58833.638178 25.183964 0.041903984
58833.638751 25.128869 0.034959429
58833.639317 25.140339 0.03895628
58833.639885 25.144243 0.034960768
58833.640451 25.149156 0.035978149
58833.641017 25.116963 0.031975954
58833.641587 25.200745 0.039959318
58833.642165 25.143389 0.034964309
58833.642733 25.193535 0.038963049
58833.643298 25.132726 0.039957677
58833.643881 25.188198 0.036947355
58833.644463 25.159944 0.033977709
58833.645038 25.136646 0.036965396
58833.645621 25.086913 0.035944193
58833.646196 25.134449 0.036945883
58833.646775 25.060225 0.033963225
58833.647352 25.151081 0.036966583
58833.647947 25.173575 0.039939102
58833.648518 25.167991 0.040979027
58833.649091 25.08776 0.032968667
58833.649661 25.123211 0.034976179
58833.650234 25.155044 0.037975744
58833.650812 25.15217 0.038969432
58833.651385 25.118476 0.037962661
58833.651942 25.134682 0.038963149
58833.652501 25.166075 0.03697385
58833.653051 25.110797 0.037979214
58833.653627 25.151309 0.034975465
58833.654196 25.113232 0.0369599
58833.654761 25.098452 0.036967202
58833.655332 25.130961 0.036974685
58833.655903 25.159097 0.035978304
58833.656459 25.084215 0.031979074
58833.657018 25.123974 0.034981781
58833.657575 25.128597 0.033982308
58833.658134 25.186494 0.037974397
58833.658729 25.132839 0.038963839
58833.659291 25.134365 0.036968862
58833.659866 25.113443 0.035980673
58833.660428 25.169716 0.039964152
58833.660996 25.142136 0.033966921
58833.661568 25.173383 0.039964709
58833.662129 25.13732 0.040948342
58833.662686 25.148034 0.04894123
58833.663254 25.107282 0.035977679
58833.663845 25.174097 0.042921605
58833.664399 25.117428 0.040961478
58833.664959 25.166006 0.042977239
58833.66553 25.138909 0.036973009
58833.666087 25.117154 0.037979987
58833.666661 25.125857 0.032981408
58833.66724 25.077531 0.030985298
58833.667808 25.114138 0.038982139
58833.668374 25.167282 0.034979613
58833.66894 25.137607 0.039973879
58833.669515 25.153946 0.038971031
58833.670105 25.192817 0.047962757
58833.670664 25.161058 0.042961269
58833.671231 25.017626 0.042965506
58833.671792 25.18935 0.044960287
58833.672357 25.135731 0.041962011
58833.672921 25.129806 0.040959558
58833.6735 25.10379 0.038975081
58833.674063 25.137885 0.04297803
58833.674632 25.166181 0.044959695
58833.675223 25.195853 0.051908477
58833.67579 25.189046 0.049949854
58833.67635 25.195708 0.050941188
58833.676916 25.119602 0.050960254
58833.677484 25.108078 0.052954243
58833.678056 25.126326 0.047949397
58833.678616 25.110313 0.0608528
58833.679182 25.132866 0.058871923
58833.679761 25.331068 0.077800159
58833.680323 25.257778 0.08859426
58833.680894 25.163127 0.062805267
58833.681455 25.191421 0.073677275
58833.68202 25.270062 0.073785362
58833.682591 25.131783 0.074779183
58833.683157 25.144614 0.064879315
58833.683728 25.085361 0.059867252
58833.68429 25.136165 0.070774727
58833.684864 25.13957 0.06292195
58833.685427 25.07643 0.056915159
58833.686006 25.219672 0.061888844
58833.68663 25.197072 0.055948658
58833.687197 25.170917 0.058963257
58833.687766 25.117865 0.05395199
58833.688335 25.09483 0.051960558
58833.6889 25.091052 0.047949242
58833.689473 25.055705 0.051943562
58833.690035 25.13834 0.047943013
58833.690606 25.177335 0.062918077
58833.691182 25.277973 0.055951575
58833.691769 25.185629 0.046933492
58833.692334 25.183904 0.06188987
58833.692912 25.084743 0.052918672
58833.693482 25.166104 0.050934276
58833.694055 25.102574 0.047936912
58833.694629 25.095396 0.050958744
58833.695214 25.162842 0.053952005
58833.695788 25.107517 0.048946106
58833.696709 25.150645 0.05194603
58833.697282 25.207398 0.066907393
58833.697854 25.181369 0.056927218
58833.698426 25.150278 0.057945821
58833.698997 25.18182 0.068931344
58833.699574 25.239425 0.054963825
58833.700162 25.081895 0.048968648
58833.700738 25.173507 0.059955852
58833.701314 25.146078 0.047957271
58833.701879 25.224265 0.078959909
58833.702433 25.12989 0.057973452
58833.702997 25.12444 0.044976663
58833.703569 25.175664 0.052963857
58833.704138 25.108686 0.053979267
58833.704693 25.122688 0.048974584
58833.705269 25.139417 0.047964966
58833.705842 25.112254 0.05595282
58833.706416 25.117428 0.054941912
58833.706995 25.118402 0.050973167
58833.70756 25.135938 0.053958392
58833.708139 25.142491 0.04696151
58833.708701 25.176495 0.049968551
58833.709269 25.119633 0.047969237
58833.709837 25.124789 0.049966434
58833.710398 25.13938 0.048970148
58833.710961 25.251016 0.059935433
58833.711531 25.139672 0.052955423
58833.712096 25.259712 0.05895147
58833.712678 25.144018 0.04794984
58833.713245 25.196455 0.051958136
58833.713811 25.142722 0.047960641
58833.71438 25.087767 0.043967903
58833.714942 25.143823 0.04896206
58833.715515 25.153451 0.046960346
58833.716099 25.102938 0.041973491
58833.716662 25.10126 0.050974465
58833.717217 25.144437 0.040972282
58833.717786 25.13514 0.046959742
58833.718352 25.127428 0.048952702
58833.718933 25.206253 0.051958184
58833.719515 25.104934 0.044956235
58833.720081 25.157775 0.051944571
58833.720652 25.121531 0.047958946
58833.721229 25.131106 0.048947482
58833.721798 25.080663 0.049947101
58833.722365 25.115522 0.04195595
58833.722938 25.041862 0.038972773
58833.723517 25.075107 0.043957078
58833.724095 25.143346 0.041963618
58833.724659 25.215969 0.048958596
58833.725228 25.215046 0.046960498
58833.725794 25.082592 0.043960499
58833.726369 25.143539 0.050940363
58833.726949 25.134816 0.050923323
58833.727521 25.152465 0.05388856
58833.728085 25.160294 0.050909311
58833.728659 25.085422 0.045944778
58833.729226 25.142184 0.050946373
58833.729803 25.117707 0.049960791
58833.730359 25.110827 0.045950247
58833.730924 25.157376 0.044962385
58833.731502 25.188765 0.054958132
58833.732059 25.263195 0.065892902
58833.732632 25.052078 0.049938999
58833.733194 25.189294 0.052915474
58833.733759 25.092312 0.054873286
58833.734321 25.11438 0.059909507
58833.734879 25.300405 0.068890177
58833.735444 25.166002 0.068841518
58833.736003 25.264905 0.072859722
58833.736571 25.160995 0.078853246
58833.737136 25.136331 0.068856663
58833.737691 25.139215 0.06189973
58833.738267 25.222155 0.070780075
58833.738823 25.227478 0.065876662
58833.739382 25.180661 0.063894258
58833.739948 25.117141 0.059836395
58833.740522 25.159676 0.067841184
58833.741085 25.271013 0.082804872
58833.741647 25.194985 0.066898385
58833.742215 25.175462 0.058920698
58833.742788 25.256168 0.064837409
58833.743365 25.022601 0.049897052
58833.743953 25.184901 0.063884258
58833.744526 25.097866 0.050909733
58833.745093 25.190364 0.055937938
58833.745664 25.094042 0.051923024
58833.746226 25.165645 0.057933796
58833.746789 25.17557 0.051933738
58833.747358 25.134197 0.045951933
58833.747921 25.199401 0.051945873
58833.748478 25.206116 0.047953238
58833.749035 25.188673 0.047952022
58833.749599 25.173103 0.045949379
58833.750168 25.189929 0.05589984
58833.750733 25.131113 0.054908888
58833.751298 25.209276 0.060861344
58833.751854 25.221386 0.067870075
58833.752416 25.22966 0.062912048
58833.752988 25.209721 0.055918352
58833.753539 25.215555 0.055927344
58833.7541 25.123362 0.046936763
58833.754655 25.177921 0.050951268
58833.75523 25.168602 0.04496692
58833.755803 25.207855 0.058940658
58833.756377 25.063723 0.049943325
58833.756948 25.117087 0.044967321
58833.757519 25.161533 0.057970004
58833.758074 25.16198 0.050966055
58833.758639 25.13077 0.054923538
58833.759204 25.199133 0.072909347
58833.759765 25.04919 0.054958352
58833.760341 25.087615 0.053959198
58833.760921 25.211986 0.066958889
58833.761489 25.165286 0.073922212
58833.76205 25.087483 0.053961189
58833.762618 25.119201 0.058946133
58833.763196 25.179057 0.052956913
58833.763771 25.190022 0.055974071
58833.764345 25.138603 0.054966764
58833.764904 25.149893 0.055972354
58833.765469 25.095312 0.046980081
58833.766035 25.188131 0.054970061
58833.766604 25.140671 0.053951933
58833.767179 25.23238 0.055973851
58833.767754 25.085632 0.056973026
58833.768337 25.163404 0.055965617
58833.768906 25.159918 0.052968883
58833.769468 25.128529 0.063947177
58833.770037 25.143422 0.05796287
58833.770609 25.164825 0.066955769
58833.771176 25.287925 0.076900289
58833.77175 25.103076 0.066923944
58833.772312 25.142939 0.071901334
58833.772873 25.208537 0.07787984
58833.773436 25.237303 0.08984693
58833.774013 25.142867 0.090864627
58833.774581 25.036715 0.069907963
58833.775149 25.256998 0.082903506
58833.775718 25.107909 0.071906752
58833.776274 25.195038 0.076933418
58833.776849 25.040057 0.064947189
58833.777425 25.116847 0.079942775
58833.777996 25.217741 0.080920713
58833.778564 25.214326 0.072941815
58833.779126 25.208707 0.072927707
58833.779701 25.226778 0.066926523
58833.780275 25.16785 0.06993816
58833.780836 25.148341 0.075854701
58833.781394 25.170769 0.085854051
58833.781959 25.264458 0.077932099
58833.78252 25.185264 0.067945452
58833.783078 25.221785 0.078897678
58833.783656 25.025156 0.061916193
58833.784224 25.176012 0.066946561
58833.784791 25.049306 0.062950966
58833.785359 25.126004 0.056955327
58833.785923 25.156628 0.055964768
58833.786499 25.044831 0.059949354
58833.787075 25.119068 0.061955095
58833.787657 25.106198 0.058955756
58833.788243 25.119721 0.058951772
58833.788815 25.185933 0.061962342
58833.789431 25.116514 0.050969254
58833.789993 25.101417 0.056960194
58833.790558 25.170982 0.046974233
58833.791114 25.082164 0.058952366
58833.791692 25.066897 0.052970003
58833.792254 25.114581 0.048952546
58833.792819 25.122833 0.048964732
58833.793386 25.160455 0.043954955
58833.793945 25.042093 0.046961616
58833.794517 25.183386 0.049965356
58833.79508 25.174886 0.045965456
58833.795646 25.126754 0.043969279
58833.796225 25.135031 0.042964885
58833.79679 25.187476 0.047977491
58833.797352 25.112531 0.040982564
58833.797908 25.162146 0.046976463
58833.798484 25.107769 0.043978804
58833.799061 25.132372 0.039974581
58833.799624 25.149874 0.045971316
58833.800185 25.108612 0.047975544
58833.800756 25.154068 0.047960989
58833.801313 25.215553 0.044968509
58833.801876 25.136271 0.044970292
58833.802443 25.200146 0.051954845
58833.803031 25.110664 0.047978783
58833.803608 25.092334 0.040971959
58833.804175 25.130387 0.047978967
58833.804741 25.108795 0.042978469
58833.805316 25.202149 0.047977249
58833.805876 25.154965 0.056970067
58833.806445 25.107835 0.047981082
58833.807016 25.151953 0.050976384
58833.807582 25.235892 0.058961315
58833.80816 25.103959 0.048975938
58833.808724 25.12794 0.045977732
58833.809281 25.112144 0.042972946
58833.809857 25.175317 0.047977343
58833.810432 25.080755 0.052970173
58833.811002 25.266498 0.055974754
58833.81157 25.101395 0.049979399
58833.812141 25.152664 0.046979231
58833.81271 25.139707 0.046981093
58833.813283 25.090615 0.047982667
58833.81385 25.128507 0.039982481
58833.814425 25.144265 0.044981384
58833.81499 25.115429 0.044982059
58833.815567 25.103158 0.045978645
58833.816133 25.140119 0.046977373
58833.816698 25.080732 0.050957154
58833.817289 25.19023 0.049969489
58833.817864 25.203363 0.047964326
58833.818429 25.182026 0.051965566
58833.819011 25.133136 0.048965965
58833.819573 25.220566 0.051974148
58833.820146 25.104471 0.04696136
58833.82073 25.090103 0.045969441
58833.821295 25.149151 0.050968949
58833.821869 25.124015 0.057968138
58833.822431 25.12511 0.053975105
58833.822986 25.092106 0.050977301
58833.823546 25.073628 0.056960259
58833.824122 25.096359 0.060957926
58833.82469 25.090948 0.056973443
58833.82527 25.037687 0.059975452
58833.825842 25.094587 0.060971451
58833.826414 25.067518 0.060956951
58833.826987 25.153379 0.061959162
58833.827559 25.08879 0.05496517
58833.828123 25.081659 0.052971647
58833.828694 25.138104 0.051956562
58833.829263 25.111181 0.048965046
58833.829826 25.10232 0.052954398
58833.830398 25.155839 0.052964666
58833.830961 25.129293 0.048966615
58833.831526 25.086866 0.043957086
58833.832097 25.183163 0.048972128
58833.83267 25.16702 0.046966712
58833.833228 25.145546 0.052966479
58833.833798 25.114882 0.044973618
58833.834371 25.107165 0.053953474
58833.834936 25.218483 0.045973144
58833.83551 25.109528 0.048970276
58833.836083 25.114627 0.049968584
58833.836648 25.143627 0.045970913
58833.837231 25.139963 0.052970063
58833.837806 25.233311 0.059935038
58833.83839 25.112443 0.050951379
58833.838952 25.127589 0.05593462
58833.839512 25.104446 0.055963132
58833.840078 25.172227 0.055954227
58833.840638 25.137864 0.054967437
58833.841214 25.147631 0.053965798
58833.841784 25.158092 0.053973855
58833.842354 25.159781 0.058969989
58833.842932 25.150663 0.053967079
58833.8435 25.135422 0.053970367
58833.844068 25.143738 0.053971742
58833.84464 25.118457 0.053970097
58833.845192 25.166928 0.052975596
58833.845764 25.077165 0.053977485
58833.846315 25.107884 0.051977866
58833.846882 25.141146 0.054980624
58833.847447 25.24673 0.069967691
58833.848017 25.244924 0.069976016
58833.848583 25.11753 0.073969819
58833.849139 25.098923 0.056973639
58833.849713 25.129477 0.057962092
58833.850286 25.162412 0.061976773
