HJD mag magerr
0.0 0.0 0.0
0.0 0.0 0.0
0.0 0.0 0.0
0.0 0.0 0.0
58833.52864 26.031482 0.19082456
0.0 0.0 0.0
58833.529794 25.882158 0.24260755
58833.530369 25.589823 0.14175226
58833.530936 25.581031 0.10489507
58833.531508 25.809471 0.10488667
58833.532068 25.868108 0.10790342
58833.532639 25.856549 0.1068921
58833.533201 25.751663 0.089929186
58833.533765 25.726383 0.083934895
58833.534319 25.883642 0.11371987
58833.534878 25.782599 0.088804137
58833.535457 25.742559 0.091827217
58833.536022 25.743126 0.08192173
58833.536586 25.958358 0.091937985
58833.537148 25.846252 0.073932894
58833.537706 25.821356 0.080880959
58833.538275 25.89861 0.072924567
58833.538843 25.82518 0.063929049
58833.539403 25.837106 0.06692921
58833.539961 25.898315 0.059941776
58833.540691 25.787745 0.06096017
58833.54127 25.821259 0.060926636
58833.541834 25.798391 0.056943472
58833.542384 25.791006 0.060936979
58833.542946 25.811841 0.062932567
58833.543507 25.827959 0.049951139
58833.544071 25.857739 0.049969007
58833.544644 25.839962 0.050961945
58833.545206 25.89749 0.058934882
58833.545767 25.841124 0.050951293
58833.54634 25.769443 0.047960778
58833.546924 25.819703 0.059941482
58833.547488 25.820297 0.054935634
58833.548053 25.754412 0.047942124
58833.548633 25.832975 0.051960904
58833.549203 25.845682 0.050957525
58833.549779 25.894018 0.05195557
58833.550355 25.725411 0.051941543
58833.550911 25.77381 0.049934052
58833.551466 25.795793 0.050940297
58833.552025 25.91948 0.06291359
58833.552609 25.886588 0.062913162
58833.553172 25.812958 0.062940685
58833.553736 25.917925 0.053950208
58833.554298 25.768185 0.045964158
58833.554862 25.760157 0.049962297
58833.55542 25.877631 0.046975315
58833.556007 25.734579 0.052979201
58833.556565 25.811006 0.060976643
58833.557125 25.776076 0.053972402
58833.557676 25.794059 0.060978082
58833.558245 25.811408 0.057961562
58833.558811 25.855491 0.053945364
58833.559373 25.898237 0.063932696
58833.559928 25.785963 0.064858986
58833.560497 25.825557 0.080793779
58833.561052 25.781311 0.059908792
58833.561629 25.929233 0.071901219
58833.562183 25.884503 0.06294066
58833.562742 25.800149 0.052945605
58833.563315 25.805017 0.058946978
58833.563889 25.777797 0.062831251
58833.564461 25.879277 0.078758941
58833.565019 25.875862 0.047955417
58833.565576 25.786639 0.037987119
58833.566153 25.979409 0.06591934
58833.566722 25.759002 0.048941299
58833.56729 25.769705 0.050938615
58833.56785 25.837882 0.061901503
58833.568406 25.85775 0.046971592
58833.568961 25.77112 0.040973781
58833.569533 25.819144 0.041979949
58833.570095 25.775323 0.039971828
58833.57065 25.804482 0.041982936
58833.57121 25.820783 0.040973065
58833.571768 25.816466 0.038973841
58833.572322 25.779543 0.040968491
58833.572898 25.773464 0.047957213
58833.573468 25.882253 0.05785934
58833.574037 25.847161 0.058894091
58833.574593 25.792075 0.050906933
58833.575159 25.846527 0.08471399
58833.575726 25.938156 0.068799346
58833.576286 25.948468 0.06883652
58833.576839 25.804331 0.058868405
58833.577403 25.809476 0.051950062
58833.577964 25.834116 0.049955918
58833.578544 25.830771 0.053934571
58833.579114 25.75574 0.046955002
58833.579688 25.78622 0.059916066
58833.580238 25.82179 0.05590564
58833.58081 25.82525 0.049919151
58833.581375 25.799214 0.059797161
58833.581944 25.800095 0.052907761
58833.582509 25.830521 0.047944379
58833.58308 25.919605 0.063906609
58833.583647 25.849991 0.058868911
58833.584215 25.860536 0.077773916
58833.584762 25.831412 0.056879365
58833.585316 25.850013 0.062842994
58833.585886 25.845191 0.051918266
58833.586442 25.806513 0.054929028
58833.587001 25.84495 0.058917574
58833.587566 25.861813 0.080858436
58833.58814 25.79933 0.070887731
58833.588711 25.744299 0.041963553
58833.589285 25.776694 0.048931343
58833.589857 25.944737 0.069763035
58833.590423 25.818982 0.074761021
58833.590994 26.030091 0.088792093
58833.591559 25.79376 0.099722222
58833.592112 25.786018 0.09375049
58833.592665 25.839098 0.09473593
58833.593224 25.74608 0.089811787
58833.593796 26.059419 0.1468094
58833.594369 25.836698 0.13850108
58833.59492 25.803219 0.093745659
58833.595528 25.865224 0.088775072
58833.596082 25.876575 0.084857419
58833.596665 25.872704 0.08485768
58833.597231 25.75338 0.06883298
58833.597797 25.973239 0.06790805
58833.59838 25.85178 0.048947169
58833.598947 25.825714 0.05293634
58833.599512 25.825178 0.062916732
58833.60009 25.909975 0.066936654
58833.600655 25.763684 0.056945905
58833.601221 25.868339 0.059920878
58833.601788 25.786407 0.063943956
58833.602358 25.801453 0.055929327
58833.602926 25.751916 0.064895441
58833.60349 25.839357 0.090810095
58833.604047 25.793782 0.053924957
58833.604615 25.762309 0.071885036
58833.605171 25.842501 0.082828941
58833.605736 25.770664 0.070887057
58833.606292 25.82707 0.071887769
58833.606846 25.803861 0.071863248
58833.607409 25.834398 0.071879824
58833.607972 25.811683 0.079906077
58833.608554 25.926251 0.09384732
58833.609122 25.780471 0.063898432
58833.609691 25.767722 0.074836567
58833.61027 25.977504 0.075891758
58833.610843 25.850318 0.060888896
58833.611415 25.883823 0.064871286
58833.611993 25.782245 0.063853282
58833.612577 25.754765 0.057849117
58833.613137 25.81327 0.064848852
58833.613696 25.901876 0.068825777
58833.614278 25.828413 0.062869746
58833.614853 25.95918 0.072802593
58833.615407 25.876039 0.068841029
58833.615983 25.725102 0.060870053
58833.616534 25.841609 0.055899784
58833.617093 25.794776 0.071893007
58833.617655 25.988365 0.067924736
58833.618216 25.772158 0.062929135
58833.618781 25.828051 0.068938147
58833.619336 25.794107 0.061927248
58833.619908 25.905643 0.070915079
58833.620489 25.871676 0.065922237
58833.621073 25.972969 0.068932573
58833.621643 25.823754 0.064903443
58833.622212 25.904297 0.062914782
58833.622786 25.91156 0.082877169
58833.623339 25.799186 0.065924019
58833.623898 25.819107 0.068909594
58833.624467 25.849081 0.058932961
58833.625042 25.846671 0.0589214
58833.625625 25.824512 0.057929703
58833.626195 25.76923 0.052940732
58833.626758 25.799993 0.061893846
58833.627345 25.749094 0.051956199
58833.627901 25.821396 0.049956116
58833.628481 25.833126 0.054957027
58833.629058 25.726234 0.048953598
58833.629625 25.840466 0.05295743
58833.630194 25.91045 0.054958202
58833.630754 25.816832 0.054962735
58833.631339 25.858284 0.070898074
58833.631919 25.79774 0.072802038
58833.632476 25.954231 0.08482996
58833.633035 25.727575 0.065879522
58833.633609 25.785341 0.069871436
58833.634176 25.689541 0.079920426
58833.63477 25.894264 0.075902529
58833.63533 25.754054 0.062946465
58833.635896 25.826396 0.063918396
58833.636454 25.826415 0.049961328
58833.637031 25.83756 0.066889662
58833.637603 25.805952 0.056938063
58833.638178 25.839964 0.060901775
58833.638751 25.862869 0.056957269
58833.639317 25.674339 0.049955113
58833.639885 25.776243 0.048959186
58833.640451 25.835156 0.058976685
58833.641017 25.834963 0.050974101
58833.641587 25.810745 0.057957871
58833.642165 25.870389 0.064961388
58833.642733 25.880535 0.06096148
58833.643298 25.747726 0.062955924
58833.643881 25.781198 0.057945693
58833.644463 25.712944 0.05197625
58833.645038 25.851646 0.060963675
58833.645621 25.896913 0.063942012
58833.646196 25.767449 0.060944039
58833.646775 25.663225 0.054961198
58833.647352 25.848081 0.058965002
58833.647947 25.767575 0.06193742
58833.648518 25.866991 0.06397795
58833.649091 25.77576 0.060966534
58833.649661 25.728211 0.055974572
58833.650234 25.813044 0.056974448
58833.650812 25.84117 0.061968102
58833.651385 25.770476 0.060960944
58833.651942 25.909682 0.060961585
58833.652501 25.776075 0.052972525
58833.653051 25.788797 0.058978033
58833.653627 25.829309 0.062973529
58833.654196 25.781232 0.056958103
58833.654761 25.803452 0.053965875
58833.655332 25.767961 0.057973165
58833.655903 25.813097 0.055976964
58833.656459 25.725215 0.059977094
58833.657018 25.851974 0.062980345
58833.657575 25.760597 0.057980635
58833.658134 25.855494 0.066972651
58833.658729 25.771839 0.056962483
58833.659291 25.786365 0.059967351
58833.659866 25.846443 0.057979126
58833.660428 25.787716 0.060962748
58833.660996 25.831136 0.057964962
58833.661568 25.790383 0.070962453
58833.662129 25.72832 0.061947027
58833.662686 25.950034 0.10193868
58833.663254 25.868282 0.063976016
58833.663845 25.919097 0.082919016
58833.664399 25.756428 0.070959717
58833.664959 25.705006 0.059976368
58833.66553 25.757909 0.059971701
58833.666087 25.745154 0.063978702
58833.666661 25.838857 0.064979649
58833.66724 25.767531 0.053983953
58833.667808 25.842138 0.06498105
58833.668374 25.757282 0.056978201
58833.66894 25.757607 0.054973059
58833.669515 25.785946 0.069969548
58833.670105 25.687817 0.068961754
58833.670664 25.784058 0.063959962
58833.671231 25.766626 0.068963771
58833.671792 25.71035 0.070958461
58833.672357 25.660731 0.068960448
58833.672921 25.790806 0.075957557
58833.6735 25.76579 0.071973356
58833.674063 25.848885 0.073976812
58833.674632 25.722181 0.07095828
58833.675223 25.689853 0.071907081
58833.67579 25.839046 0.089948025
58833.67635 25.805708 0.0879392
58833.676916 25.861602 0.083958219
58833.677484 25.933078 0.094952221
58833.678056 26.005326 0.11194616
58833.678616 25.760313 0.10084901
58833.679182 25.884866 0.11286914
58833.679761 25.779068 0.11079818
58833.680323 26.025778 0.16258883
58833.680894 25.923127 0.12580114
58833.681455 25.788421 0.12567245
58833.68202 25.662062 0.09678353
58833.682591 25.711783 0.11577519
58833.683157 25.838614 0.1148762
58833.683728 25.725361 0.10086369
58833.68429 25.828165 0.11777138
58833.684864 25.83657 0.10392006
58833.685427 25.84343 0.099912615
58833.686006 25.848672 0.10288694
58833.68663 25.825072 0.087947323
58833.687197 25.829917 0.088962168
58833.687766 25.865865 0.09295002
58833.688335 25.78083 0.088958873
58833.6889 25.772052 0.084947323
0.0 0.0 0.0
58833.690035 25.83534 0.086940796
58833.690606 25.792335 0.087916624
58833.691182 25.727973 0.073950452
58833.691769 25.816629 0.085930796
58833.692334 25.837904 0.10188714
58833.692912 25.829743 0.088916142
58833.693482 25.782104 0.079932342
58833.694055 25.784574 0.08493452
58833.694629 25.733396 0.080957124
58833.695214 25.829842 0.084950693
58833.695788 25.898517 0.094943917
58833.696709 25.708645 0.08894372
58833.697282 25.979398 0.13190482
58833.697854 25.720369 0.086925452
58833.698426 25.648278 0.080944758
58833.698997 25.71982 0.10693
58833.699574 25.729425 0.080962705
58833.700162 25.811895 0.077967347
58833.700738 25.658507 0.086954667
58833.701314 25.787078 0.08195573
58833.701879 25.579265 0.10995921
58833.702433 25.73389 0.095972514
58833.702997 25.67244 0.070975592
58833.703569 25.813664 0.093962661
58833.704138 25.795686 0.08397837
58833.704693 25.735688 0.08797334
58833.705269 25.740417 0.082963684
58833.705842 25.765254 0.081951744
58833.706416 26.004428 0.11193979
58833.706995 25.771402 0.073972278
58833.70756 25.770938 0.082957301
58833.708139 25.788491 0.075960189
58833.708701 25.861495 0.083967173
58833.709269 25.666633 0.075967935
58833.709837 25.648789 0.068965416
58833.710398 25.69438 0.075968962
58833.710961 25.803016 0.10093372
58833.711531 25.716672 0.090953557
58833.712096 25.928712 0.10194968
58833.712678 25.697018 0.079948087
58833.713245 25.885455 0.099956087
58833.713811 25.763722 0.074959398
58833.71438 25.851767 0.074966198
58833.714942 25.870823 0.07796086
58833.715515 25.859451 0.084958767
58833.716099 25.767938 0.071971979
58833.716662 25.79126 0.076973549
58833.717217 25.841437 0.069970654
58833.717786 25.79914 0.082958184
58833.718352 25.852428 0.085950983
58833.718933 25.852253 0.086956452
58833.719515 25.843934 0.089953538
58833.720081 25.833775 0.091942095
58833.720652 25.800531 0.088956798
58833.721229 25.748106 0.074945921
58833.721798 25.840663 0.096944347
58833.722365 25.895522 0.075953898
58833.722938 25.770862 0.064971111
58833.723517 25.801107 0.0729554
58833.724095 25.773346 0.06596222
58833.724659 25.874969 0.07895684
58833.725228 25.789046 0.075959142
58833.725794 25.817592 0.076957823
58833.726369 25.834539 0.091937565
58833.726949 25.864816 0.094920477
58833.727521 25.711465 0.074886924
58833.728085 25.889294 0.082907376
58833.728659 25.836422 0.090942286
58833.729226 25.762184 0.080944766
58833.729803 25.899707 0.087958963
58833.730359 25.835827 0.074948461
58833.730924 25.863376 0.078960851
58833.731502 25.862765 0.087956625
58833.732059 25.748195 0.08889075
58833.732632 25.755078 0.077936606
58833.733194 25.755294 0.087912885
58833.733759 25.740312 0.10086905
58833.734321 25.67538 0.088907554
58833.734879 25.869405 0.11588772
58833.735444 26.007002 0.12583755
58833.736003 25.808905 0.1088573
58833.736571 25.839995 0.12885056
58833.737136 26.037331 0.14785247
58833.737691 25.889215 0.11389687
58833.738267 25.755155 0.11577689
58833.738823 25.819478 0.10287406
58833.739382 25.832661 0.11189066
58833.739948 25.921141 0.1308306
58833.740522 25.818676 0.1248371
58833.741085 25.820013 0.13380154
58833.741647 25.696985 0.092896738
58833.742215 25.758462 0.092918751
58833.742788 26.016168 0.11783444
58833.743365 25.984601 0.12889195
58833.743953 25.955901 0.11688109
58833.744526 25.722866 0.082906904
58833.745093 25.824364 0.083936449
58833.745664 25.662042 0.083920706
58833.746226 25.733645 0.079932534
58833.746789 25.69657 0.071932264
58833.747358 25.853197 0.080950021
58833.747921 25.797401 0.080944342
58833.748478 25.809116 0.074951759
58833.749035 25.754673 0.073950539
58833.749599 25.815103 0.075947527
58833.750168 25.860929 0.087897211
58833.750733 25.700113 0.084906511
58833.751298 25.850276 0.095858054
58833.751854 25.844386 0.10786735
58833.752416 25.73866 0.084910621
58833.752988 25.787721 0.086916257
58833.753539 25.823555 0.084925558
58833.7541 25.779362 0.072934718
58833.754655 25.715921 0.075949964
58833.75523 25.784602 0.082965044
58833.755803 25.782855 0.093939181
58833.756377 25.801723 0.087941309
58833.756948 25.910087 0.097965159
58833.757519 25.756533 0.088968846
58833.758074 25.78398 0.084964623
58833.758639 25.87077 0.10392093
58833.759204 25.727133 0.11190772
58833.759765 25.93319 0.10495647
58833.760341 25.769615 0.096957435
58833.760921 25.865986 0.10495777
58833.761489 25.790286 0.13191995
58833.76205 25.750483 0.094959554
58833.762618 25.750201 0.094944771
58833.763196 25.878057 0.10595529
58833.763771 26.003022 0.11397286
58833.764345 25.919603 0.097965377
58833.764904 25.772893 0.089971377
58833.765469 25.663312 0.089978716
58833.766035 25.634131 0.077969208
58833.766604 25.726671 0.092950433
58833.767179 25.96338 0.10397247
58833.767754 25.683632 0.085971995
58833.768337 25.831404 0.098964228
58833.768906 25.770918 0.092967232
58833.769468 25.930529 0.12694562
58833.770037 25.725422 0.087961732
58833.770609 25.777825 0.10495486
58833.771176 25.752925 0.10889886
58833.77175 25.638076 0.10192245
58833.772312 25.823939 0.13089902
58833.772873 25.799537 0.13387745
58833.773436 25.801303 0.1478445
58833.774013 25.906867 0.15886233
58833.774581 25.893715 0.14690539
58833.775149 25.660998 0.11790223
58833.775718 25.895909 0.13190455
58833.776274 25.950038 0.1359316
58833.776849 25.732057 0.10694558
58833.777425 25.917847 0.15694109
58833.777996 26.056741 0.15391903
58833.778564 25.885326 0.12194024
58833.779126 25.778707 0.12492568
58833.779701 25.869778 0.12092408
58833.780275 25.80185 0.10993656
58833.780836 25.944341 0.14685126
58833.781394 25.707769 0.12985194
58833.781959 25.635458 0.10193109
58833.78252 25.751264 0.10794396
58833.783078 25.885785 0.13589568
58833.783656 25.614156 0.10091416
58833.784224 25.856012 0.13194415
58833.784791 25.772306 0.10694934
58833.785359 25.732004 0.092953372
58833.785923 25.769628 0.093963438
58833.786499 25.819831 0.11594728
58833.787075 25.760068 0.10095367
58833.787657 25.773198 0.098954193
58833.788243 25.704721 0.095950142
58833.788815 25.850933 0.098961183
58833.789431 25.767514 0.085967935
58833.789993 25.755417 0.096958697
58833.790558 25.898982 0.091972426
58833.791114 25.717164 0.095950757
58833.791692 25.728897 0.088968788
58833.792254 25.782581 0.082950898
58833.792819 25.926833 0.094962852
58833.793386 25.787455 0.082952898
58833.793945 25.863093 0.086959555
58833.794517 25.830386 0.084963814
58833.79508 25.817886 0.078963711
58833.795646 25.895754 0.084967395
58833.796225 25.911031 0.075963348
58833.79679 25.795476 0.074976346
58833.797352 25.917531 0.090980926
58833.797908 25.834146 0.066975625
58833.798484 25.857769 0.072977721
58833.799061 25.792372 0.072972905
58833.799624 25.831874 0.079969846
58833.800185 25.814612 0.077974468
58833.800756 25.806068 0.072959814
58833.801313 25.864553 0.082966724
58833.801876 25.775271 0.075968781
58833.802443 25.845146 0.088953378
58833.803031 25.736664 0.076977656
58833.803608 25.746334 0.073970196
58833.804175 25.850387 0.081977742
58833.804741 25.923795 0.085976733
58833.805316 25.843149 0.08397614
58833.805876 25.763965 0.083969181
0.0 0.0 0.0
58833.807016 26.003953 0.097974925
58833.807582 25.710892 0.085960243
58833.80816 25.774959 0.092974391
58833.808724 25.81794 0.0859762
58833.809281 25.735144 0.076971369
58833.809857 25.767317 0.080976045
58833.810432 25.915755 0.09996878
58833.811002 25.726498 0.079973873
58833.81157 25.956395 0.10697796
58833.812141 25.812664 0.091977776
58833.81271 25.724707 0.068980213
58833.813283 25.759615 0.074981625
58833.81385 25.749507 0.071981083
58833.814425 25.860265 0.090979958
58833.81499 25.818429 0.073980979
58833.815567 25.993158 0.086977158
58833.816133 25.758119 0.072976421
58833.816698 25.966732 0.10995534
58833.817289 25.82623 0.070968499
58833.817864 25.738363 0.079962314
58833.818429 25.693026 0.079964319
58833.819011 25.777136 0.089964252
58833.819573 25.848566 0.088972788
58833.820146 25.692471 0.086959285
58833.82073 25.842103 0.087967694
58833.821295 25.709151 0.082967684
58833.821869 25.685015 0.097966705
58833.822431 25.87511 0.1039734
58833.822986 25.791106 0.099975869
58833.823546 25.767628 0.10795856
58833.824122 25.873359 0.10395647
58833.82469 25.783948 0.10097214
58833.82527 25.736687 0.10497393
58833.825842 25.761587 0.11097013
58833.826414 26.021518 0.13495454
58833.826987 25.860379 0.11895757
58833.827559 25.76979 0.09296381
58833.828123 25.903659 0.11296981
58833.828694 25.721104 0.083955262
58833.829263 25.828181 0.083963429
58833.829826 26.00632 0.097952812
58833.830398 25.796839 0.085963303
58833.830961 25.895293 0.098964765
58833.831526 25.785866 0.072955408
58833.832097 25.758163 0.074970796
58833.83267 25.81902 0.073965276
58833.833228 25.847546 0.084965209
58833.833798 25.683882 0.0689722
58833.834371 25.684165 0.080951941
58833.834936 25.876483 0.083971344
58833.83551 25.879528 0.086968503
58833.836083 25.849627 0.083966888
58833.836648 25.911627 0.090968791
58833.837231 25.713963 0.080968776
58833.837806 25.726311 0.09593294
58833.83839 25.902443 0.087949223
58833.838952 25.863589 0.10593175
58833.839512 25.752446 0.089961522
58833.840078 25.948227 0.11295209
58833.840638 25.867864 0.096966095
58833.841214 25.799631 0.091964093
58833.841784 25.853092 0.096972462
58833.842354 25.988781 0.10696854
58833.842932 25.823663 0.086965568
58833.8435 25.770422 0.089968936
58833.844068 25.699738 0.080970597
58833.84464 25.833457 0.096968503
58833.845192 25.908928 0.10397413
58833.845764 25.781165 0.093976332
58833.846315 25.978884 0.11797632
58833.846882 25.844146 0.09597947
58833.847447 25.62973 0.08696713
58833.848017 25.740924 0.10097525
58833.848583 25.84053 0.10896902
58833.849139 26.008923 0.1409719
58833.849713 25.740477 0.10896052
58833.850286 25.884412 0.12697535
