HJD mag magerr
0.0 0.0 0.0
0.0 0.0 0.0
58833.527497 25.71423 0.21086102
58833.528073 25.721472 0.21369514
58833.52864 25.88727 0.17782146
58833.529223 25.785739 0.23243401
0.0 0.0 0.0
58833.530369 25.624505 0.13970218
58833.530936 25.783492 0.13182721
58833.531508 25.82632 0.11287325
58833.532068 25.709001 0.085897619
58833.532639 25.77111 0.099814411
58833.533201 25.869561 0.096907152
58833.533765 25.787687 0.086926668
58833.534319 25.848526 0.11974761
58833.534878 25.929777 0.11773666
58833.535457 25.780765 0.090812344
58833.536022 25.7307 0.068923678
58833.536586 25.750785 0.07593155
58833.537148 25.807221 0.070937846
58833.537706 25.818967 0.093865002
58833.538275 25.863119 0.076916869
58833.538843 25.727763 0.059938429
58833.539403 25.685663 0.06091352
58833.539961 25.706071 0.058885264
58833.540691 25.813915 0.055945034
58833.54127 25.762729 0.061938122
58833.541834 25.742952 0.055951514
58833.542384 25.732636 0.055953206
58833.542946 25.730018 0.052924482
58833.543507 25.710296 0.042960862
58833.544071 25.725947 0.048964422
58833.544644 25.769373 0.0499402
58833.545206 25.734018 0.058936125
58833.545767 25.653406 0.046961278
58833.54634 25.700886 0.04896633
58833.546924 25.747714 0.052936646
58833.547488 25.808653 0.05891087
58833.548053 25.735816 0.055924539
58833.548633 25.750527 0.046958993
58833.549203 25.705299 0.042955415
58833.549779 25.787263 0.046962044
58833.550355 25.645957 0.049955748
58833.550911 25.641122 0.044948855
58833.551466 25.68865 0.047929347
58833.552025 25.727451 0.061919512
58833.552609 25.767989 0.060910838
58833.553172 25.798259 0.063927444
58833.553736 25.677393 0.048927334
58833.554298 25.771329 0.050965954
58833.554862 25.673813 0.040968521
58833.55542 25.748912 0.054967704
58833.556007 25.75637 0.053979646
58833.556565 25.61688 0.05397659
58833.557125 25.646251 0.0479681
58833.557676 25.721954 0.06097377
58833.558245 25.722038 0.058954197
58833.558811 25.72755 0.04895619
58833.559373 25.777803 0.058904343
58833.559928 25.825602 0.070826901
58833.560497 25.765512 0.075710254
58833.561052 25.688115 0.053902794
58833.561629 25.628838 0.059849206
58833.562183 25.747727 0.058913347
58833.562742 25.713142 0.050936574
58833.563315 25.698334 0.056949589
58833.563889 25.69291 0.062847783
58833.564461 25.742725 0.071731176
58833.565019 25.770976 0.049934938
58833.565576 25.762341 0.037982874
58833.566153 25.72461 0.058899221
58833.566722 25.690842 0.046916078
58833.56729 25.681545 0.049942446
58833.56785 25.639596 0.047913119
58833.568406 25.699642 0.038966477
58833.568961 25.690348 0.039970073
58833.569533 25.767225 0.038968535
58833.570095 25.666159 0.033976156
58833.57065 25.675266 0.038984644
58833.57121 25.723179 0.037969301
58833.571768 25.727344 0.044959463
58833.572322 25.783561 0.040973398
58833.572898 25.732522 0.04795226
58833.573468 25.827771 0.05989531
58833.574037 25.745433 0.059897859
58833.574593 25.736669 0.051918089
58833.575159 25.882179 0.09352375
58833.575726 25.868274 0.06383916
58833.576286 25.826143 0.064873217
58833.576839 25.703311 0.05088062
58833.577403 25.701995 0.049927732
58833.577964 25.687519 0.048931219
58833.578544 25.762247 0.053943579
58833.579114 25.729853 0.047902168
58833.579688 25.734445 0.053908763
58833.580238 25.822017 0.05788178
58833.58081 25.686798 0.053868146
58833.581375 25.758753 0.056836159
58833.581944 25.876786 0.053922686
58833.582509 25.771307 0.045948064
58833.58308 25.782239 0.053901851
58833.583647 25.852919 0.06482327
58833.584215 26.032345 0.089781017
58833.584762 25.831395 0.061859602
58833.585316 25.854984 0.066825793
58833.585886 25.757105 0.044933713
58833.586442 25.744204 0.049896938
58833.587001 25.765054 0.051835734
58833.587566 25.927505 0.090816141
58833.58814 25.659972 0.059803074
58833.588711 25.734203 0.034981141
58833.589285 25.850488 0.051915103
58833.589857 25.957792 0.073692156
58833.590423 25.906907 0.081664027
58833.590994 25.805846 0.079801133
58833.591559 25.69354 0.092726078
58833.592112 25.85347 0.093689308
58833.592665 25.843567 0.098702925
58833.593224 25.831883 0.10663889
58833.593796 26.009478 0.14477278
0.0 0.0 0.0
58833.59492 25.745824 0.10566564
58833.595528 25.783706 0.084733329
58833.596082 25.76726 0.08085007
58833.596665 25.776425 0.081855278
58833.597231 25.809439 0.074836128
58833.597797 25.658798 0.051894246
58833.59838 25.684062 0.05291223
58833.598947 25.74074 0.046930362
58833.599512 25.706077 0.053906127
58833.60009 25.76035 0.056933219
58833.600655 25.751945 0.061941655
58833.601221 25.785432 0.052942495
58833.601788 25.819525 0.066905012
58833.602358 25.715081 0.051923157
58833.602926 25.723828 0.061922252
58833.60349 25.83219 0.086790404
58833.604047 25.721873 0.054926093
58833.604615 25.835801 0.070878606
58833.605171 25.720245 0.070859497
58833.605736 25.779308 0.080876803
58833.606292 25.62202 0.067864647
58833.606846 25.778068 0.070851511
58833.607409 25.620683 0.063866542
58833.607972 25.733964 0.075830671
58833.608554 25.804984 0.081838022
58833.609122 25.792663 0.069865789
58833.609691 25.736217 0.074849944
58833.61027 25.6542 0.055885685
58833.610843 25.826919 0.061879741
58833.611415 25.768683 0.059779602
58833.611993 25.76069 0.060852103
58833.612577 25.857579 0.061835875
58833.613137 25.828159 0.071810433
58833.613696 25.864435 0.072750845
58833.614278 25.801595 0.065837862
58833.614853 25.806338 0.067802047
58833.615407 25.925421 0.075759547
58833.615983 25.701278 0.061857057
58833.616534 25.815843 0.06380488
58833.617093 25.78214 0.068871442
58833.617655 25.777713 0.065906722
58833.618216 25.819182 0.068900397
58833.618781 25.674567 0.058943638
58833.619336 25.674893 0.055916159
58833.619908 25.721203 0.061903863
58833.620489 25.791049 0.058915722
58833.621073 25.772546 0.057911285
58833.621643 25.868521 0.073832274
58833.622212 25.732165 0.055909171
58833.622786 25.75637 0.075797665
58833.623339 25.913404 0.072887237
58833.623898 25.792848 0.06490376
58833.624467 25.770956 0.057923012
58833.625042 25.807078 0.060908378
58833.625625 25.818607 0.059940993
58833.626195 25.691583 0.047939016
58833.626758 25.717493 0.058920196
58833.627345 25.709432 0.049949476
58833.627901 25.752015 0.054963582
58833.628481 25.74922 0.055946575
58833.629058 25.723718 0.048959621
58833.629625 25.778273 0.055951962
58833.630194 25.715416 0.048954818
58833.630754 25.62489 0.048960247
58833.631339 25.674832 0.054917262
58833.631919 25.703453 0.070824245
58833.632476 25.629099 0.069824545
58833.633035 25.805951 0.073815225
58833.633609 25.782744 0.065894352
58833.634176 25.807704 0.0909244
58833.63477 25.680684 0.062850469
58833.63533 25.760027 0.0569579
58833.635896 25.809746 0.060924867
58833.636454 25.790301 0.053943732
58833.637031 25.631272 0.054877154
58833.637603 25.665472 0.061904993
58833.638178 25.700045 0.058886409
58833.638751 25.737002 0.0559495
58833.639317 25.701257 0.05395165
58833.639885 25.720047 0.048965846
58833.640451 25.666615 0.049976041
58833.641017 25.729821 0.043963504
58833.641587 25.836684 0.055961082
58833.642165 25.783383 0.055959536
58833.642733 25.770377 0.057954093
58833.643298 25.727395 0.064949191
58833.643881 25.77479 0.055955884
58833.644463 25.728396 0.051962352
58833.645038 25.776928 0.054957908
0.0 0.0 0.0
58833.646196 25.666227 0.059931581
58833.646775 25.722448 0.054967551
58833.647352 25.684293 0.051967642
58833.647947 25.680551 0.056947795
58833.648518 25.804432 0.058973261
58833.649091 25.753707 0.053935111
58833.649661 25.801795 0.05997077
58833.650234 25.70529 0.060971626
58833.650812 25.695284 0.050963014
58833.651385 25.723941 0.056929707
58833.651942 25.654746 0.057954775
58833.652501 25.735268 0.057965574
58833.653051 25.62606 0.058943707
58833.653627 25.681177 0.055970714
58833.654196 25.750531 0.059952337
58833.654761 25.726963 0.052959163
58833.655332 25.723715 0.056957732
58833.655903 25.699565 0.058963815
58833.656459 25.672286 0.049975353
58833.657018 25.692185 0.057970179
58833.657575 25.730008 0.053972423
58833.658134 25.776085 0.054966222
58833.658729 25.717339 0.060959647
58833.659291 25.733749 0.057971681
58833.659866 25.74861 0.061972409
58833.660428 25.793882 0.063968346
58833.660996 25.822106 0.059959878
58833.661568 25.673145 0.059960531
58833.662129 25.749876 0.0639574
58833.662686 25.619208 0.068937402
58833.663254 25.793724 0.057972017
58833.663845 25.725318 0.066942821
58833.664399 25.786847 0.068953821
58833.664959 25.760707 0.06697049
58833.66553 25.753962 0.058975608
58833.666087 25.703197 0.054980838
58833.666661 25.658486 0.059977239
58833.66724 25.763945 0.059980863
58833.667808 25.834685 0.071976247
58833.668374 25.656108 0.052981938
58833.66894 25.716622 0.058976248
58833.669515 25.622223 0.054974267
58833.670105 25.776569 0.072961618
58833.670664 25.726318 0.064953302
58833.671231 25.658595 0.069959905
58833.671792 25.847074 0.075958025
58833.672357 25.74438 0.071950809
58833.672921 25.647235 0.063951152
58833.6735 25.720619 0.066975606
58833.674063 25.766716 0.073974084
58833.674632 25.713002 0.069951574
58833.675223 25.699175 0.074896205
58833.67579 25.719375 0.078943727
58833.67635 25.711587 0.081930891
58833.676916 25.698265 0.075953663
58833.677484 25.746885 0.087949761
58833.678056 25.640143 0.078939504
58833.678616 25.625396 0.098837268
58833.679182 25.8471 0.11185123
58833.679761 25.774268 0.1018452
58833.680323 26.1588 0.20554672
58833.680894 25.872118 0.12184643
58833.681455 25.74064 0.13065466
58833.68202 25.7706 0.11174571
58833.682591 25.855717 0.1246849
58833.683157 25.757169 0.11186161
58833.683728 26.071458 0.1308528
58833.68429 25.645252 0.10673624
58833.684864 25.893506 0.10291092
58833.685427 25.743353 0.090914639
58833.686006 25.702008 0.095870452
58833.68663 25.712247 0.081944816
58833.687197 25.702061 0.084944146
58833.687766 25.834449 0.10891444
58833.688335 25.684375 0.078948329
58833.6889 25.681494 0.078958251
58833.689473 25.684437 0.079936351
58833.690035 25.693567 0.076927675
58833.690606 25.868374 0.097935266
58833.691182 25.746059 0.085922973
58833.691769 25.57505 0.063918651
58833.692334 25.782958 0.091868315
58833.692912 25.865253 0.098909807
58833.693482 25.703495 0.071928763
58833.694055 25.734006 0.077946893
58833.694629 25.677799 0.084929939
58833.695214 25.681061 0.080944736
58833.695788 25.609881 0.079937272
58833.696709 25.685468 0.081939504
58833.697282 25.795038 0.10685563
58833.697854 25.925097 0.11092551
58833.698426 25.653003 0.081939331
58833.698997 25.709886 0.092946652
58833.699574 25.6205 0.073947441
58833.700162 25.635436 0.068964326
58833.700738 25.571895 0.075939497
58833.701314 25.733881 0.083959007
58833.701879 25.603223 0.1159414
58833.702433 25.689995 0.09896903
58833.702997 25.773473 0.078973639
58833.703569 25.805513 0.086960226
58833.704138 25.61597 0.066970636
58833.704693 25.726182 0.084971023
58833.705269 25.698066 0.075954948
58833.705842 25.728052 0.084961039
58833.706416 25.713727 0.085946577
58833.706995 25.734348 0.079968053
58833.70756 25.602896 0.082964174
58833.708139 25.795615 0.068968458
58833.708701 25.762068 0.076965943
58833.709269 25.845446 0.082953302
58833.709837 25.686572 0.075959586
58833.710398 25.636909 0.079952964
58833.710961 25.815344 0.09494201
58833.711531 25.802068 0.10294833
58833.712096 25.952525 0.10094982
58833.712678 25.767351 0.088941255
58833.713245 25.699641 0.077952398
58833.713811 25.73542 0.071952844
58833.71438 25.723055 0.062965282
58833.714942 25.712872 0.066967505
58833.715515 25.724099 0.065951166
58833.716099 25.65702 0.061970599
58833.716662 25.697984 0.079971087
58833.717217 25.690772 0.068933265
58833.717786 25.625746 0.07095219
58833.718352 25.775537 0.081959017
58833.718933 25.715998 0.081952591
58833.719515 25.738917 0.079954113
58833.720081 25.779292 0.089921584
58833.720652 25.657462 0.074940093
58833.721229 25.665618 0.074956521
58833.721798 25.738531 0.088934932
58833.722365 25.7949 0.073963249
58833.722938 25.664232 0.059968009
58833.723517 25.670853 0.068963823
58833.724095 25.708759 0.058967897
58833.724659 25.614104 0.065949543
58833.725228 25.728098 0.063965062
58833.725794 25.669679 0.071946646
58833.726369 25.713347 0.081895629
58833.726949 25.791205 0.080853228
58833.727521 25.703825 0.075915028
58833.728085 25.606054 0.073931469
58833.728659 25.720605 0.079938588
58833.729226 25.741222 0.072945445
58833.729803 25.709759 0.077954727
58833.730359 25.753033 0.078944794
58833.730924 25.694282 0.064967575
58833.731502 25.645943 0.075951547
58833.732059 25.738314 0.086889587
58833.732632 25.753624 0.082903974
58833.733194 25.826216 0.093913643
58833.733759 25.803176 0.10381143
58833.734321 25.705664 0.093905949
58833.734879 25.720011 0.098880083
58833.735444 25.898233 0.12084735
58833.736003 25.851718 0.13585036
58833.736571 25.826127 0.13085953
58833.737136 25.729012 0.11284377
58833.737691 25.858515 0.10491863
58833.738267 25.963026 0.14574969
58833.738823 25.957735 0.11886359
58833.739382 25.685107 0.097866987
58833.739948 25.739952 0.10584559
58833.740522 25.829088 0.12181636
58833.741085 25.887569 0.15168732
58833.741647 25.738998 0.096892314
58833.742215 25.847481 0.10190994
58833.742788 25.692814 0.091847023
58833.743365 25.831259 0.10590344
58833.743953 25.797224 0.10887482
58833.744526 25.74513 0.092860721
58833.745093 25.612777 0.071931457
58833.745664 25.8234 0.097934632
0.0 0.0 0.0
58833.746789 25.634422 0.066947842
58833.747358 25.784929 0.075955735
58833.747921 25.808852 0.086953433
58833.748478 25.709473 0.07094904
58833.749035 25.77671 0.07495812
58833.749599 25.715785 0.068959941
58833.750168 25.7233 0.075893122
58833.750733 25.793996 0.086906022
58833.751298 25.800766 0.088875928
58833.751854 25.76967 0.10777908
58833.752416 25.745337 0.095896354
58833.752988 25.666024 0.078907472
58833.753539 25.750665 0.082916373
58833.7541 25.730353 0.07894783
58833.754655 25.971207 0.093946441
58833.75523 25.757414 0.077960352
58833.755803 25.755837 0.086951664
58833.756377 25.797152 0.089957137
58833.756948 25.703861 0.077952564
58833.757519 25.742868 0.089958582
58833.758074 25.693715 0.077960812
58833.758639 25.64516 0.093932203
58833.759204 25.683331 0.10791071
58833.759765 25.586794 0.084954557
58833.760341 25.773435 0.090959112
58833.760921 25.573431 0.084955442
58833.761489 25.789757 0.13290742
58833.76205 25.752251 0.093955994
58833.762618 25.570879 0.08593363
58833.763196 25.580568 0.082969129
58833.763771 25.741991 0.088969966
58833.764345 25.676417 0.075964176
58833.764904 25.776421 0.090964392
0.0 0.0 0.0
58833.766035 25.704581 0.083964445
58833.766604 25.732961 0.093960864
58833.767179 25.704137 0.08496679
58833.767754 25.5846 0.08297247
58833.768337 25.692484 0.073949518
58833.768906 25.671908 0.078963974
58833.769468 25.648123 0.092953202
58833.770037 25.606469 0.081961369
58833.770609 25.664203 0.091963822
58833.771176 25.907228 0.12991837
58833.77175 25.873102 0.12193707
58833.772312 26.108739 0.17192589
58833.772873 25.742345 0.12188074
58833.773436 25.713035 0.13185607
58833.774013 25.594954 0.12077926
58833.774581 25.723785 0.13185486
58833.775149 25.82762 0.13490558
58833.775718 25.837117 0.13489558
58833.776274 25.687862 0.10889225
58833.776849 25.909301 0.13393772
58833.777425 25.730118 0.12593864
58833.777996 25.959008 0.14190696
58833.778564 25.671262 0.11493933
58833.779126 25.596923 0.10892238
58833.779701 25.756958 0.11689753
58833.780275 25.817023 0.12590514
58833.780836 25.825166 0.1278514
58833.781394 25.624058 0.11589187
58833.781959 25.71912 0.11091487
58833.78252 25.535729 0.0959267
58833.783078 25.888772 0.14390393
58833.783656 25.859248 0.13093248
58833.784224 25.776372 0.1119525
58833.784791 25.764518 0.1109416
58833.785359 25.634752 0.08995344
58833.785923 25.623362 0.079957144
58833.786499 25.702597 0.094958298
58833.787075 25.57419 0.084945473
58833.787657 25.681777 0.092957485
58833.788243 25.792105 0.11094932
58833.788815 25.804073 0.10894333
58833.789431 25.627293 0.072963872
58833.789993 25.626852 0.086957464
58833.790558 25.801132 0.09197624
0.0 0.0 0.0
58833.791692 25.736372 0.083973357
58833.792254 25.668017 0.075963727
58833.792819 25.764686 0.076967444
58833.793386 25.756341 0.077959786
58833.793945 25.781899 0.082964954
58833.794517 25.726327 0.064960675
58833.79508 25.623725 0.066960695
58833.795646 25.633478 0.069972971
58833.796225 25.853909 0.072970933
58833.79679 25.748789 0.066974459
58833.797352 25.738803 0.066976058
58833.797908 25.67609 0.064971525
58833.798484 25.653912 0.064972918
58833.799061 25.755599 0.069976181
58833.799624 25.788527 0.073954724
58833.800185 25.66149 0.067975254
58833.800756 25.780142 0.076966681
58833.801313 25.721915 0.072951912
58833.801876 25.718604 0.072964334
58833.802443 25.796059 0.077963337
58833.803031 25.7988 0.083974675
58833.803608 25.598697 0.067968947
58833.804175 25.630097 0.076974574
58833.804741 25.561758 0.059978705
58833.805316 25.746571 0.074977129
58833.805876 25.758424 0.088965052
58833.806445 25.744155 0.084976948
58833.807016 25.825446 0.082973271
58833.807582 25.80266 0.086960438
58833.80816 25.810697 0.098966493
58833.808724 25.64184 0.071976963
58833.809281 25.674332 0.071967149
58833.809857 25.746636 0.075973753
58833.810432 25.650111 0.077975237
58833.811002 25.660276 0.085971729
58833.81157 25.68378 0.076973946
58833.812141 25.629975 0.074975285
58833.81271 25.795688 0.073976916
58833.813283 25.655998 0.079971191
58833.81385 25.65419 0.065973286
58833.814425 25.772745 0.076975071
58833.81499 25.645343 0.062978327
58833.815567 25.769536 0.080971163
58833.816133 25.69139 0.078975235
58833.816698 25.719067 0.083970022
58833.817289 25.822474 0.085951249
58833.817864 25.709977 0.086966138
58833.818429 25.808801 0.081966691
58833.819011 25.808985 0.083961611
58833.819573 25.707031 0.078960831
58833.820146 25.78538 0.086957142
58833.82073 25.785441 0.075964989
58833.821295 25.770159 0.09195843
58833.821869 25.766676 0.097969918
58833.822431 25.759163 0.096967481
58833.822986 25.657509 0.080972054
58833.823546 25.68724 0.087963989
58833.824122 25.794066 0.10395939
58833.82469 25.680703 0.11194804
58833.82527 25.726159 0.10896927
58833.825842 25.756876 0.12096706
58833.826414 25.681842 0.10395533
58833.826987 25.650421 0.089964052
58833.827559 25.650188 0.0869598
58833.828123 25.652856 0.089967407
58833.828694 25.775768 0.085948827
58833.829263 25.805709 0.088960424
58833.829826 25.778525 0.088959106
58833.830398 25.699182 0.084939903
58833.830961 25.73462 0.086946881
58833.831526 25.758279 0.074966669
58833.832097 25.643089 0.072959661
58833.83267 25.657577 0.066951827
58833.833228 25.663573 0.06796435
58833.833798 25.616272 0.066961681
58833.834371 25.809602 0.088941073
58833.834936 25.585919 0.066961639
58833.83551 25.690011 0.077956005
58833.836083 25.670741 0.07996731
58833.836648 25.625311 0.08594107
58833.837231 25.79214 0.084961148
58833.837806 25.82504 0.10092853
58833.83839 25.713058 0.076947141
58833.838952 25.612781 0.089926133
58833.839512 25.812326 0.1009579
58833.840078 25.793288 0.10695882
58833.840638 25.613843 0.076952557
58833.841214 25.875116 0.099963348
58833.841784 25.738422 0.080968967
58833.842354 25.786064 0.085966173
58833.842932 25.744393 0.085962131
58833.8435 25.813043 0.095958681
58833.844068 25.825812 0.098967973
58833.84464 25.699823 0.07796772
58833.845192 25.784332 0.094970416
58833.845764 25.67099 0.090976896
58833.846315 25.697522 0.089972115
58833.846882 25.720482 0.096974239
58833.847447 25.686705 0.09097392
58833.848017 25.702829 0.10496003
58833.848583 25.789835 0.11796802
58833.849139 25.687966 0.11196501
58833.849713 25.74058 0.10695625
58833.850286 25.734742 0.11097004
