HJD mag magerr
58833.526351 25.311489 0.18876831
58833.526938 25.056207 0.13266181
58833.527497 25.49323 0.16586181
58833.528073 25.245472 0.13869782
58833.52864 25.18127 0.095824487
0.0 0.0 0.0
58833.529794 25.266112 0.15645954
58833.530369 25.173505 0.085707124
58833.530936 25.228492 0.084829851
58833.531508 25.25632 0.065876255
58833.532068 25.236001 0.063899207
58833.532639 25.25311 0.065816946
58833.533201 25.309561 0.063909036
58833.533765 25.321687 0.062928288
58833.534319 25.351526 0.083750971
58833.534878 25.292777 0.065743401
58833.535457 25.313765 0.065815388
58833.536022 25.2077 0.049925936
58833.536586 25.316785 0.051933735
58833.537148 25.279221 0.045940416
58833.537706 25.274967 0.053869204
58833.538275 25.349119 0.045919872
58833.538843 25.255763 0.041940914
58833.539403 25.343663 0.047915158
58833.539961 25.356071 0.039888131
58833.540691 25.296915 0.038946958
58833.54127 25.336729 0.040941003
58833.541834 25.324952 0.041953165
58833.542384 25.337636 0.040955337
58833.542946 25.290018 0.039926587
58833.543507 25.289296 0.035961975
58833.544071 25.306947 0.037965683
58833.544644 25.295373 0.037941956
58833.545206 25.275018 0.036939859
58833.545767 25.338406 0.035962822
58833.54634 25.335886 0.034968006
58833.546924 25.346714 0.03993892
58833.547488 25.319653 0.038914337
58833.548053 25.376816 0.038927956
58833.548633 25.283527 0.033961063
58833.549203 25.249299 0.032956987
58833.549779 25.389263 0.035963557
58833.550355 25.293957 0.039957058
58833.550911 25.302122 0.034950436
58833.551466 25.30465 0.036931419
58833.552025 25.281451 0.038922899
58833.552609 25.271989 0.041914576
58833.553172 25.253259 0.037931856
58833.553736 25.348393 0.040928667
58833.554298 25.327329 0.034968178
58833.554862 25.297813 0.033969751
58833.55542 25.289912 0.039968976
58833.556007 25.33037 0.03798077
58833.556565 25.37988 0.041977455
58833.557125 25.355251 0.043968455
58833.557676 25.300954 0.037975568
58833.558245 25.322038 0.038956478
58833.558811 25.30455 0.033958613
58833.559373 25.368803 0.041907238
58833.559928 25.419602 0.04683217
58833.560497 25.357512 0.060714105
58833.561052 25.318115 0.039905657
58833.561629 25.221838 0.044854961
58833.562183 25.338727 0.041915965
58833.562742 25.396142 0.037939111
58833.563315 25.351334 0.040951565
58833.563889 25.37791 0.048851604
58833.564461 25.401725 0.054736008
58833.565019 25.376976 0.037938406
58833.565576 25.284341 0.027983989
58833.566153 25.43361 0.044904062
58833.566722 25.314842 0.036919041
58833.56729 25.348545 0.039944153
58833.56785 25.240596 0.036917733
58833.568406 25.374642 0.031967982
58833.568961 25.338348 0.031971306
58833.569533 25.332225 0.029969817
58833.570095 25.328159 0.028977023
58833.57065 25.263266 0.0249865
58833.57121 25.336179 0.030970266
58833.571768 25.317344 0.031961283
58833.572322 25.307561 0.027975434
58833.572898 25.343522 0.035954285
58833.573468 25.371771 0.042898334
58833.574037 25.362433 0.042901668
58833.574593 25.310669 0.037921543
58833.575159 25.557179 0.067533879
58833.575726 25.396274 0.046844212
58833.576286 25.397143 0.042882188
58833.576839 25.351311 0.041882917
58833.577403 25.332995 0.035930384
58833.577964 25.341519 0.035933622
58833.578544 25.270247 0.034946967
58833.579114 25.336853 0.037903931
58833.579688 25.407445 0.045910061
58833.580238 25.325017 0.040885555
58833.58081 25.328798 0.039872054
58833.581375 25.345753 0.04084123
58833.581944 25.357786 0.032928213
58833.582509 25.353307 0.033950557
58833.58308 25.329239 0.041904187
58833.583647 25.372919 0.044828508
58833.584215 25.219345 0.043797549
58833.584762 25.389395 0.041869412
58833.585316 25.374984 0.048833254
58833.585886 25.413105 0.035936009
58833.586442 25.340204 0.038899647
58833.587001 25.348054 0.041838138
58833.587566 25.330505 0.054822979
58833.58814 25.384972 0.049805923
58833.588711 25.345203 0.027983256
58833.589285 25.400488 0.033928563
58833.589857 25.396792 0.047704577
0.0 0.0 0.0
58833.590994 25.237846 0.049809094
58833.591559 25.47654 0.073731592
58833.592112 25.37147 0.063695472
58833.592665 25.425567 0.069707778
58833.593224 25.511883 0.085642053
58833.593796 25.505478 0.092778802
58833.594369 25.279078 0.083454632
58833.59492 25.457824 0.083669749
58833.595528 25.411706 0.065739032
58833.596082 25.47426 0.057853883
58833.596665 25.405425 0.056859298
58833.597231 25.344439 0.048840949
58833.597797 25.327798 0.044895666
58833.59838 25.398062 0.043913744
58833.598947 25.34374 0.035932532
58833.599512 25.341077 0.044907669
58833.60009 25.37335 0.043935182
58833.600655 25.382945 0.044943177
58833.601221 25.326432 0.037945024
58833.601788 25.313525 0.044907957
58833.602358 25.285081 0.038925419
58833.602926 25.324828 0.043925116
58833.60349 25.38119 0.056795487
58833.604047 25.266873 0.038928591
58833.604615 25.361801 0.048881802
58833.605171 25.349245 0.055862316
58833.605736 25.361308 0.050880431
58833.606292 25.40202 0.056866225
58833.606846 25.352068 0.048855439
58833.607409 25.286683 0.048869255
58833.607972 25.379964 0.055833909
58833.608554 25.322984 0.055841708
58833.609122 25.339663 0.051868539
58833.609691 25.437217 0.058852133
58833.61027 25.2682 0.039889377
58833.610843 25.272919 0.03688565
58833.611415 25.403683 0.045783043
58833.611993 25.27469 0.041856954
58833.612577 25.327579 0.043840621
58833.613137 25.333159 0.044819124
58833.613696 25.325435 0.047758407
58833.614278 25.349595 0.040844438
58833.614853 25.212338 0.041809927
58833.615407 25.356421 0.047764973
58833.615983 25.346278 0.046860231
58833.616534 25.410843 0.041811937
58833.617093 25.34114 0.054873393
58833.617655 25.286713 0.040910459
58833.618216 25.315182 0.041904375
58833.618781 25.300567 0.038946449
58833.619336 25.366893 0.04391796
58833.619908 25.232203 0.045906179
58833.620489 25.326049 0.039918739
58833.621073 25.295546 0.041913861
58833.621643 25.377521 0.047835832
58833.622212 25.250165 0.038912371
58833.622786 25.36637 0.055800357
58833.623339 25.247404 0.04589103
58833.623898 25.322848 0.042907025
58833.624467 25.297956 0.040925453
58833.625042 25.334078 0.045910486
58833.625625 25.308607 0.039943793
58833.626195 25.244583 0.036940802
58833.626758 25.297493 0.045921849
58833.627345 25.310432 0.037950957
58833.627901 25.284015 0.036965472
58833.628481 25.25322 0.036948804
58833.629058 25.295718 0.034961632
58833.629625 25.250273 0.035954142
58833.630194 25.298416 0.03695622
58833.630754 25.31889 0.036961835
58833.631339 25.229832 0.03892087
58833.631919 25.394453 0.054827218
58833.632476 25.236099 0.048829072
58833.633035 25.358951 0.048820554
58833.633609 25.321744 0.047896884
58833.634176 25.210704 0.053927308
58833.63477 25.304684 0.04785267
58833.63533 25.309027 0.041959402
58833.635896 25.283746 0.042927107
58833.636454 25.282301 0.037945732
58833.637031 25.288272 0.041879312
58833.637603 25.264472 0.044906715
58833.638178 25.386045 0.042888593
58833.638751 25.288002 0.0429507
58833.639317 25.263257 0.039953061
58833.639885 25.250047 0.036967209
58833.640451 25.287615 0.035977163
58833.641017 25.308821 0.038964011
58833.641587 25.271684 0.037962997
58833.642165 25.272383 0.039961202
58833.642733 25.354377 0.039955672
58833.643298 25.274395 0.043950778
58833.643881 25.27979 0.038957425
58833.644463 25.302396 0.039963337
58833.645038 25.304928 0.037959459
58833.645621 25.310406 0.040935611
58833.646196 25.351227 0.040933186
58833.646775 25.294448 0.03796909
58833.647352 25.269293 0.03696914
58833.647947 25.314551 0.043948977
58833.648518 25.293432 0.041974296
58833.649091 25.238707 0.03593704
58833.649661 25.312795 0.036972512
58833.650234 25.25929 0.038973116
58833.650812 25.253284 0.039963923
58833.651385 25.254941 0.042930927
58833.651942 25.348746 0.042955962
58833.652501 25.308268 0.043966636
58833.653051 25.30206 0.045944505
58833.653627 25.286177 0.038972031
58833.654196 25.280531 0.040953949
58833.654761 25.278963 0.039960294
58833.655332 25.314715 0.044958591
58833.655903 25.266565 0.041964899
58833.656459 25.267286 0.038976177
58833.657018 25.288185 0.041971035
58833.657575 25.290008 0.039973459
58833.658134 25.358085 0.041967312
58833.658729 25.313339 0.042960843
58833.659291 25.337749 0.044972471
58833.659866 25.32061 0.046973188
58833.660428 25.319882 0.045969406
58833.660996 25.312106 0.042961023
58833.661568 25.292145 0.047961438
58833.662129 25.271876 0.044958593
58833.662686 25.258208 0.047939051
58833.663254 25.302724 0.041973058
58833.663845 25.271318 0.051943834
58833.664399 25.286847 0.048954949
58833.664959 25.384707 0.050971229
58833.66553 25.296962 0.044976326
58833.666087 25.340197 0.046981245
58833.666661 25.301486 0.042978078
58833.66724 25.303945 0.036982002
58833.667808 25.262685 0.042977452
58833.668374 25.315108 0.043982424
58833.66894 25.341622 0.043977016
58833.669515 25.291223 0.051974417
58833.670105 25.289569 0.046963171
58833.670664 25.280318 0.047954367
58833.671231 25.294595 0.053960801
58833.671792 25.348074 0.053959198
58833.672357 25.40238 0.055951593
58833.672921 25.299235 0.048952129
58833.6735 25.291619 0.049976416
58833.674063 25.265716 0.041975528
58833.674632 25.401002 0.048952795
58833.675223 25.267175 0.053897703
58833.67579 25.492375 0.067944172
58833.67635 25.415587 0.063931812
58833.676916 25.348265 0.057954861
58833.677484 25.257885 0.057951258
58833.678056 25.371143 0.06594027
58833.678616 25.408396 0.077838938
58833.679182 25.3561 0.072853051
58833.679761 25.250268 0.065848361
58833.680323 25.3708 0.096553043
58833.680894 25.422118 0.078848957
58833.681455 25.35164 0.087658003
58833.68202 25.2286 0.067749608
58833.682591 25.360717 0.083688096
58833.683157 25.265169 0.071864172
58833.683728 25.307458 0.072856091
58833.68429 25.348252 0.082738099
58833.684864 25.311506 0.06091319
58833.685427 25.308353 0.06791585
58833.686006 25.391008 0.072871554
58833.68663 25.378247 0.064945497
58833.687197 25.387061 0.063944977
58833.687766 25.386449 0.066916285
58833.688335 25.259375 0.060949317
58833.6889 25.331494 0.057959234
58833.689473 25.371437 0.062937189
58833.690035 25.373567 0.064928354
58833.690606 25.269374 0.056937653
58833.691182 25.241059 0.050925424
58833.691769 25.32405 0.059918997
58833.692334 25.380958 0.068870145
58833.692912 25.253253 0.055912518
58833.693482 25.293495 0.054929999
58833.694055 25.330006 0.058948022
58833.694629 25.294799 0.057931441
58833.695214 25.383061 0.061945551
58833.695788 25.312881 0.061938161
58833.696709 25.348468 0.068940203
58833.697282 25.346038 0.073857176
58833.697854 25.264097 0.056927927
58833.698426 25.314003 0.060940325
58833.698997 25.365886 0.080947066
58833.699574 25.3015 0.066947732
58833.700162 25.345436 0.058964785
58833.700738 25.449895 0.075939497
58833.701314 25.346881 0.063959776
58833.701879 25.386223 0.094941798
58833.702433 25.267995 0.056970181
58833.702997 25.306473 0.051974539
58833.703569 25.329513 0.061960935
58833.704138 25.23197 0.049971436
58833.704693 25.319182 0.053972025
58833.705269 25.280066 0.058955623
58833.705842 25.430052 0.061961897
58833.706416 25.381727 0.073947077
58833.706995 25.326348 0.059968732
58833.70756 25.352896 0.06396482
58833.708139 25.279615 0.052969189
58833.708701 25.320068 0.060966537
58833.709269 25.345446 0.054954431
58833.709837 25.317572 0.062960147
58833.710398 25.351909 0.059953731
58833.710961 25.376344 0.056944059
58833.711531 25.307068 0.059950115
58833.712096 25.295525 0.056951732
58833.712678 25.316351 0.053942933
58833.713245 25.362641 0.058953408
58833.713811 25.27342 0.052953794
58833.71438 25.319055 0.053965776
58833.714942 25.397872 0.056967954
58833.715515 25.256099 0.052951912
58833.716099 25.23502 0.04697143
58833.716662 25.325984 0.054971933
58833.717217 25.280772 0.049934306
58833.717786 25.292746 0.057952795
58833.718352 25.313537 0.054960279
58833.718933 25.231998 0.054954052
58833.719515 25.278917 0.053955542
58833.720081 25.346292 0.056923552
58833.720652 25.246462 0.05294143
58833.721229 25.270618 0.050957957
58833.721798 25.373531 0.059936717
58833.722365 25.2619 0.048964591
58833.722938 25.244232 0.046968824
58833.723517 25.423853 0.053964593
58833.724095 25.317759 0.049968435
58833.724659 25.280104 0.054950358
58833.725228 25.306098 0.045966232
58833.725794 25.262679 0.053947947
58833.726369 25.405347 0.065896831
58833.726949 25.321205 0.055855465
58833.727521 25.404825 0.05891631
58833.728085 25.221054 0.049933284
58833.728659 25.174605 0.049940445
58833.729226 25.314222 0.048946944
58833.729803 25.249759 0.047956641
58833.730359 25.303033 0.057945792
58833.730924 25.259282 0.04496879
58833.731502 25.270943 0.056952648
58833.732059 25.332314 0.062892591
58833.732632 25.315624 0.057905942
58833.733194 25.275216 0.05691596
58833.733759 25.319176 0.06781396
58833.734321 25.314664 0.070907176
58833.734879 25.226011 0.066882285
58833.735444 25.362233 0.072850434
58833.736003 25.164718 0.071853962
58833.736571 25.306127 0.087861429
58833.737136 25.340012 0.077846072
58833.737691 25.278515 0.069920525
58833.738267 25.365026 0.081753078
58833.738823 25.332735 0.06586704
58833.739382 25.242107 0.06986905
58833.739948 25.277952 0.072848072
58833.740522 25.398088 0.08081917
58833.741085 25.326569 0.084691465
58833.741647 25.197998 0.059894956
58833.742215 25.373481 0.068911532
58833.742788 25.232814 0.061850159
58833.743365 25.393259 0.072905445
58833.743953 25.484224 0.074876757
58833.744526 25.36413 0.065862341
58833.745093 25.242777 0.054932647
58833.745664 25.3074 0.059936741
58833.746226 25.212261 0.064931909
58833.746789 25.385422 0.054948745
58833.747358 25.220929 0.047957534
58833.747921 25.277852 0.053955106
58833.748478 25.367473 0.056949749
58833.749035 25.31671 0.051959416
58833.749599 25.273785 0.054960721
58833.750168 25.2763 0.056895004
58833.750733 25.346996 0.058908027
58833.751298 25.251766 0.05687901
58833.751854 25.31967 0.075781324
58833.752416 25.248337 0.058898974
58833.752988 25.182024 0.052909784
58833.753539 25.253665 0.04991905
58833.7541 25.378353 0.055949231
58833.754655 25.411207 0.057947804
58833.75523 25.268414 0.055961384
58833.755803 25.216837 0.054953315
58833.756377 25.287152 0.058958398
58833.756948 25.348861 0.058953335
58833.757519 25.327868 0.064959464
58833.758074 25.309715 0.057961704
58833.758639 25.29016 0.066933645
58833.759204 25.291331 0.079911778
58833.759765 25.207794 0.062955498
58833.760341 25.319435 0.063960057
58833.760921 25.256431 0.074955788
58833.761489 25.283757 0.080909537
58833.76205 25.233251 0.061957199
58833.762618 25.297879 0.073934105
58833.763196 25.339568 0.05697019
58833.763771 25.333991 0.057970877
58833.764345 25.336417 0.061964721
58833.764904 25.335421 0.06296526
58833.765469 25.334943 0.06096828
58833.766035 25.291581 0.061965204
58833.766604 25.283961 0.059962043
58833.767179 25.324137 0.059967614
58833.767754 25.2346 0.056973415
58833.768337 25.314484 0.061950039
58833.768906 25.370908 0.070964291
58833.769468 25.312123 0.068954067
58833.770037 25.282469 0.065961945
58833.770609 25.270203 0.06596459
58833.771176 25.265228 0.075920489
58833.77175 25.385102 0.079938357
58833.772312 25.321739 0.082928021
58833.772873 25.333345 0.077882757
58833.773436 25.518035 0.11285672
58833.774013 25.349954 0.1077798
58833.774581 25.241785 0.089856125
58833.775149 25.31662 0.087906921
58833.775718 25.410117 0.096896656
58833.776274 25.428862 0.094892779
58833.776849 25.332301 0.080939151
58833.777425 25.346118 0.093939415
58833.777996 25.350008 0.083908583
58833.778564 25.276262 0.072940789
58833.779126 25.402923 0.091923007
58833.779701 25.324958 0.073899406
58833.780275 25.326023 0.073907077
58833.780836 25.402166 0.088853241
58833.781394 25.282058 0.092892965
58833.781959 25.34912 0.078916367
58833.78252 25.214729 0.07592745
58833.783078 25.354772 0.090905312
58833.783656 25.278248 0.079934034
58833.784224 25.292372 0.07295409
58833.784791 25.385518 0.080942529
58833.785359 25.429752 0.084953623
58833.785923 25.334362 0.060957995
58833.786499 25.364597 0.075958957
58833.787075 25.32819 0.07594585
58833.787657 25.324777 0.06895845
58833.788243 25.314105 0.067950724
58833.788815 25.361073 0.077944086
58833.789431 25.377293 0.061964325
58833.789993 25.356852 0.068958099
58833.790558 25.312132 0.060977188
58833.791114 25.517424 0.073961243
58833.791692 25.325372 0.059974145
58833.792254 25.237017 0.0479652
58833.792819 25.318686 0.058968257
58833.793386 25.339341 0.053960975
58833.793945 25.279899 0.060965901
58833.794517 25.400327 0.061960829
58833.79508 25.385725 0.053961446
58833.795646 25.267478 0.051973836
58833.796225 25.394909 0.052971722
58833.79679 25.322789 0.054974998
58833.797352 25.348803 0.046977061
58833.797908 25.34109 0.046972438
58833.798484 25.328912 0.048973654
58833.799061 25.366599 0.051976943
58833.799624 25.328527 0.053955635
58833.800185 25.32449 0.054975811
58833.800756 25.329142 0.052967701
58833.801313 25.298915 0.05195299
58833.801876 25.245604 0.048965604
58833.802443 25.359059 0.056964229
58833.803031 25.1808 0.052975783
58833.803608 25.317697 0.050969759
58833.804175 25.267097 0.048975785
58833.804741 25.326758 0.055978902
58833.805316 25.345571 0.048978171
58833.805876 25.326424 0.062965863
58833.806445 25.345155 0.052978155
58833.807016 25.303446 0.05697419
58833.807582 25.27766 0.059961471
58833.80816 25.370697 0.059967833
58833.808724 25.30184 0.054977596
58833.809281 25.375332 0.056967776
58833.809857 25.230636 0.049974905
58833.810432 25.279111 0.065975597
58833.811002 25.336276 0.061972514
58833.81157 25.35378 0.067974225
58833.812141 25.246975 0.059975805
58833.81271 25.281688 0.052977707
58833.813283 25.332998 0.052972352
58833.81385 25.29319 0.046974174
58833.814425 25.382745 0.055975839
58833.81499 25.288343 0.052978754
58833.815567 25.215536 0.046972812
58833.816133 25.34239 0.05297621
58833.816698 25.361067 0.060970857
58833.817289 25.322474 0.052952642
58833.817864 25.323977 0.061967106
58833.818429 25.321801 0.057967742
58833.819011 25.477985 0.07196199
58833.819573 25.316031 0.063961422
58833.820146 25.20738 0.049959025
58833.82073 25.291441 0.053965966
58833.821295 25.353159 0.057959763
58833.821869 25.293676 0.064970862
58833.822431 25.283163 0.053969127
58833.822986 25.178509 0.062972667
58833.823546 25.31124 0.077964306
58833.824122 25.185066 0.059960808
58833.82469 25.373703 0.081948661
58833.82527 25.161159 0.069970374
58833.825842 25.395876 0.069968231
58833.826414 25.322842 0.07695623
58833.826987 25.231421 0.065964939
0.0 0.0 0.0
58833.828123 25.329856 0.066968166
58833.828694 25.323768 0.057949946
58833.829263 25.277709 0.06096145
58833.829826 25.373525 0.057960347
58833.830398 25.388182 0.070940434
58833.830961 25.22362 0.054948274
58833.831526 25.243279 0.048967915
58833.832097 25.379089 0.057960404
58833.83267 25.290577 0.049952838
58833.833228 25.195573 0.048965442
58833.833798 25.242272 0.050962642
58833.834371 25.232602 0.061942523
58833.834936 25.337919 0.047962864
58833.83551 25.325011 0.057957006
58833.836083 25.272741 0.056968347
58833.836648 25.371311 0.055942509
58833.837231 25.27714 0.05896217
58833.837806 25.37004 0.06893014
58833.83839 25.275058 0.056948667
58833.838952 25.257781 0.06692754
58833.839512 25.293326 0.06095956
58833.840078 25.318288 0.074959799
58833.840638 25.361843 0.070952758
58833.841214 25.302116 0.063964596
58833.841784 25.219422 0.050970397
58833.842354 25.285064 0.059967229
58833.842932 25.247393 0.058963382
58833.8435 25.229043 0.060959911
58833.844068 25.302812 0.059969253
58833.84464 25.277823 0.057968619
58833.845192 25.239332 0.059971527
58833.845764 25.22599 0.05597805
58833.846315 25.284522 0.057973171
58833.846882 25.351482 0.067974922
58833.847447 25.287705 0.066974657
58833.848017 25.312829 0.071960873
58833.848583 25.286835 0.075968902
58833.849139 25.256966 0.066966261
58833.849713 25.22258 0.069957298
58833.850286 25.536742 0.091970369
