HJD mag magerr
58833.526351 25.33953 0.20777179
0.0 0.0 0.0
58833.527497 25.432691 0.17182509
58833.528073 25.643487 0.18667868
58833.52864 25.536482 0.1368258
58833.529223 25.271811 0.13661337
58833.529794 25.397158 0.15461075
58833.530369 25.366823 0.11975341
58833.530936 25.553031 0.1088949
58833.531508 25.520471 0.089887325
58833.532068 25.415108 0.079904572
58833.532639 25.490549 0.072893855
58833.533201 25.462663 0.077929782
58833.533765 25.423383 0.066935884
58833.534319 25.554642 0.092721939
58833.534878 25.467599 0.074805723
58833.535457 25.551559 0.078828394
58833.536022 25.415126 0.056923884
58833.536586 25.428358 0.056940079
58833.537148 25.395252 0.051934918
58833.537706 25.342356 0.058883133
58833.538275 25.46261 0.057925638
58833.538843 25.54218 0.056929608
58833.539403 25.509106 0.047930959
58833.539961 25.494315 0.046942924
58833.540691 25.395745 0.042961699
58833.54127 25.426259 0.043928646
58833.541834 25.415391 0.04294489
58833.542384 25.420006 0.048938371
58833.542946 25.445841 0.041934886
58833.543507 25.429959 0.036952741
58833.544071 25.463739 0.038970045
58833.544644 25.410962 0.037963462
58833.545206 25.44849 0.038938133
58833.545767 25.457124 0.044951861
58833.54634 25.451443 0.039961755
58833.546924 25.377703 0.038944485
58833.547488 25.327297 0.038938434
58833.548053 25.421412 0.040943353
58833.548633 25.443975 0.03896238
58833.549203 25.469682 0.039958569
58833.549779 25.426018 0.037957015
58833.550355 25.435411 0.043942456
58833.550911 25.45481 0.037935395
58833.551466 25.401793 0.037942149
58833.552025 25.40248 0.045915756
58833.552609 25.486588 0.048914826
58833.553172 25.305958 0.04394343
58833.553736 25.467925 0.042951563
58833.554298 25.462185 0.038965007
58833.554862 25.443157 0.040963272
58833.55542 25.416631 0.039975984
58833.556007 25.438579 0.048979422
58833.556565 25.429006 0.04897727
58833.557125 25.437076 0.046972832
58833.557676 25.393059 0.049978608
58833.558245 25.485408 0.045962528
58833.558811 25.438491 0.042946514
58833.559373 25.436237 0.044935148
58833.559928 25.459963 0.049862552
58833.560497 25.435557 0.065796767
58833.561052 25.442311 0.046910601
58833.561629 25.451233 0.053903642
58833.562183 25.359503 0.043942918
58833.562742 25.371149 0.040947354
58833.563315 25.465017 0.042948864
58833.563889 25.535797 0.053833696
58833.564461 25.515277 0.056763754
58833.565019 25.469862 0.034959467
58833.565576 25.440639 0.03098774
58833.566153 25.569409 0.04592461
58833.566722 25.408002 0.036943649
58833.56729 25.367705 0.03794107
58833.56785 25.466882 0.042906293
58833.568406 25.41675 0.029974613
58833.568961 25.45012 0.03397463
58833.569533 25.429144 0.027981548
58833.570095 25.424323 0.032972591
58833.57065 25.456482 0.032983649
58833.57121 25.418783 0.032973872
58833.571768 25.413466 0.033974488
58833.572322 25.442543 0.03096977
58833.572898 25.423464 0.037958629
58833.573468 25.352253 0.038863069
58833.574037 25.464161 0.044897241
58833.574593 25.474075 0.043908244
58833.575159 25.465527 0.060720908
58833.575726 25.513156 0.047804763
58833.576286 25.409468 0.046843913
58833.576839 25.370331 0.040874034
58833.577403 25.432476 0.03495287
58833.577964 25.507116 0.040957059
58833.578544 25.440771 0.041936119
58833.579114 25.43074 0.03995601
58833.579688 25.40222 0.040918924
58833.580238 25.39479 0.042907901
58833.58081 25.41525 0.041920969
58833.581375 25.336214 0.043804191
58833.581944 25.393095 0.040910072
58833.582509 25.396521 0.038945989
58833.58308 25.384605 0.047908668
58833.583647 25.432991 0.045871651
58833.584215 25.354536 0.055781271
58833.584762 25.464412 0.04588401
58833.585316 25.409013 0.041854311
58833.585886 25.433191 0.039921046
58833.586442 25.411513 0.038932118
58833.587001 25.41695 0.040920286
58833.587566 25.599813 0.062861579
0.0 0.0 0.0
58833.588711 25.396299 0.032965953
58833.589285 25.440694 0.036938234
58833.589857 25.637737 0.049770455
58833.590423 25.338982 0.053767669
58833.590994 25.577091 0.058799573
58833.591559 25.39676 0.071728869
58833.592112 25.399018 0.066755928
58833.592665 25.448098 0.073738989
58833.593224 25.52608 0.078813241
58833.593796 25.517419 0.093815161
0.0 0.0 0.0
58833.59492 25.643219 0.099744676
58833.595528 25.486224 0.069779338
58833.596082 25.508575 0.063860227
58833.596665 25.492704 0.06586013
58833.597231 25.32538 0.049836847
58833.597797 25.333239 0.044910977
58833.59838 25.48578 0.043947888
58833.598947 25.447714 0.040937926
58833.599512 25.424178 0.042919391
58833.60009 25.453975 0.041939769
58833.600655 25.391684 0.042947261
58833.601221 25.428339 0.043922961
58833.601788 25.409407 0.042946331
58833.602358 25.402453 0.038932525
58833.602926 25.465916 0.05089729
58833.60349 25.408357 0.059814348
58833.604047 25.428782 0.041926736
58833.604615 25.343309 0.046888585
58833.605171 25.433501 0.061831707
58833.605736 25.581664 0.065887537
58833.606292 25.60507 0.063888547
58833.606846 25.333861 0.049866717
58833.607409 25.464398 0.060881034
58833.607972 25.445683 0.061907825
58833.608554 25.405251 0.053852087
58833.609122 25.429471 0.05589937
58833.609691 25.442722 0.055839578
58833.61027 25.452504 0.044895851
58833.610843 25.437318 0.045891461
58833.611415 25.402823 0.044875068
58833.611993 25.380245 0.047856548
58833.612577 25.411765 0.0458521
58833.613137 25.47027 0.050852345
58833.613696 25.508876 0.049831002
58833.614278 25.441413 0.043874752
58833.614853 25.44718 0.049807802
58833.615407 25.350039 0.047845289
58833.615983 25.432102 0.046872793
58833.616534 25.347609 0.038904338
58833.617093 25.489776 0.057894456
58833.617655 25.477365 0.045926962
58833.618216 25.380158 0.047931064
58833.618781 25.485051 0.051939348
58833.619336 25.435107 0.045928993
58833.619908 25.428643 0.050917007
58833.620489 25.396676 0.041925134
58833.621073 25.486969 0.043934918
58833.621643 25.443754 0.051904992
58833.622212 25.357297 0.045916918
58833.622786 25.43156 0.054880178
58833.623339 25.477186 0.049926013
58833.623898 25.347107 0.046912163
58833.624467 25.382081 0.044934492
58833.625042 25.393671 0.039924211
58833.625625 25.423512 0.043931387
58833.626195 25.37423 0.040942207
58833.626758 25.441993 0.045895614
58833.627345 25.388094 0.041957101
58833.627901 25.374396 0.039957122
58833.628481 25.438126 0.04295799
58833.629058 25.424234 0.041954318
58833.629625 25.446466 0.03995861
58833.630194 25.39145 0.040959358
58833.630754 25.397832 0.044963589
58833.631339 25.473284 0.04990131
58833.631919 25.43174 0.056805163
58833.632476 25.466231 0.062832714
58833.633035 25.448575 0.05388171
58833.633609 25.404341 0.046875219
58833.634176 25.418541 0.069921144
58833.63477 25.553264 0.05790412
58833.63533 25.404054 0.044947915
58833.635896 25.379396 0.04292108
58833.636454 25.468415 0.041962192
58833.637031 25.56856 0.050891145
58833.637603 25.486952 0.051938507
58833.638178 25.422964 0.048902932
58833.638751 25.462869 0.046957956
58833.639317 25.406339 0.046955367
58833.639885 25.427243 0.043959614
58833.640451 25.452156 0.041977587
58833.641017 25.389963 0.035975369
58833.641587 25.420745 0.041959084
58833.642165 25.541389 0.046962627
58833.642733 25.463535 0.040962822
58833.643298 25.498726 0.05095661
58833.643881 25.442198 0.040946875
58833.644463 25.499944 0.042976803
58833.645038 25.390646 0.04296475
58833.645621 25.474913 0.047942884
58833.646196 25.473449 0.046944839
58833.646775 25.368225 0.040962271
58833.647352 25.431081 0.050965394
58833.647947 25.397575 0.043938644
58833.648518 25.411991 0.046978629
58833.649091 25.42276 0.04196761
58833.649661 25.324211 0.040975523
58833.650234 25.395044 0.04497512
58833.650812 25.46417 0.04496893
58833.651385 25.504476 0.05096147
58833.651942 25.484682 0.05196204
58833.652501 25.443075 0.044973052
58833.653051 25.412797 0.045978618
58833.653627 25.492309 0.046974311
58833.654196 25.451232 0.048958616
58833.654761 25.483452 0.043966508
58833.655332 25.493961 0.043973992
58833.655903 25.542097 0.050977187
58833.656459 25.417215 0.042977939
58833.657018 25.420974 0.044981032
58833.657575 25.508597 0.051980893
58833.658134 25.436494 0.049973395
58833.658729 25.415839 0.04396333
58833.659291 25.437365 0.041968365
58833.659866 25.427443 0.049979513
58833.660428 25.368716 0.045963597
58833.660996 25.581136 0.050965313
58833.661568 25.449383 0.050963553
58833.662129 25.50232 0.051947497
58833.662686 25.489034 0.057940423
58833.663254 25.502282 0.050976531
58833.663845 25.432097 0.051920612
58833.664399 25.430428 0.049960692
58833.664959 25.392006 0.051976698
58833.66553 25.473909 0.043972439
58833.666087 25.526154 0.052979072
58833.666661 25.499857 0.051980068
58833.66724 25.436531 0.040984496
58833.667808 25.456138 0.047981609
58833.668374 25.480282 0.0479786
58833.66894 25.451607 0.052973137
58833.669515 25.437946 0.052970114
58833.670105 25.398817 0.053962379
58833.670664 25.374058 0.048960763
58833.671231 25.403626 0.048964919
58833.671792 25.44035 0.058959081
58833.672357 25.447731 0.058960838
58833.672921 25.474806 0.059958144
58833.6735 25.40679 0.050974161
58833.674063 25.426885 0.058977224
58833.674632 25.505181 0.066958418
58833.675223 25.427853 0.056908021
58833.67579 25.506046 0.066948779
58833.67635 25.515708 0.067939975
58833.676916 25.416602 0.062959246
58833.677484 25.377078 0.064953372
58833.678056 25.587326 0.07794716
58833.678616 25.436313 0.080850396
58833.679182 25.517866 0.081870242
58833.679761 25.491068 0.082799746
58833.680323 25.388778 0.092593725
58833.680894 25.491127 0.090802658
58833.681455 25.667421 0.11667295
58833.68202 25.505062 0.092783777
58833.682591 25.529783 0.094776773
58833.683157 25.465614 0.08187779
58833.683728 25.503361 0.078865098
58833.68429 25.408165 0.081773563
58833.684864 25.45757 0.072921271
58833.685427 25.32143 0.067914167
58833.686006 25.568672 0.087887413
58833.68663 25.424072 0.066948039
58833.687197 25.355917 0.058963257
58833.687766 25.608865 0.090950077
58833.688335 25.40883 0.062959829
58833.6889 25.520052 0.070947788
58833.689473 25.425705 0.070942352
58833.690035 25.35734 0.058942051
58833.690606 25.446335 0.067917691
58833.691182 25.528973 0.071950547
58833.691769 25.370629 0.060932076
58833.692334 25.484904 0.078888339
58833.692912 25.469743 0.069917117
58833.693482 25.567104 0.069932808
58833.694055 25.374574 0.057935923
58833.694629 25.576396 0.077957225
58833.695214 25.537842 0.070951128
58833.695788 25.444517 0.066944849
58833.696709 25.385645 0.065944821
58833.697282 25.528398 0.090905977
58833.697854 25.420369 0.069926246
58833.698426 25.625278 0.07994479
58833.698997 25.59882 0.0949303
58833.699574 25.411425 0.069963068
58833.700162 25.462895 0.064967772
58833.700738 25.393507 0.064955551
58833.701314 25.566078 0.08195573
58833.701879 25.576265 0.10995921
58833.702433 25.49989 0.077972835
58833.702997 25.57544 0.063975786
58833.703569 25.522664 0.057963609
58833.704138 25.443686 0.066978772
58833.704693 25.430688 0.059974051
58833.705269 25.518417 0.06496415
58833.705842 25.487254 0.066952251
58833.706416 25.471428 0.076940682
58833.706995 25.521402 0.063972577
58833.70756 25.393938 0.0689577
58833.708139 25.471491 0.060960695
58833.708701 25.500495 0.071967497
58833.709269 25.492633 0.071968054
58833.709837 25.431789 0.060965759
58833.710398 25.39738 0.053969828
58833.710961 25.527016 0.076934481
58833.711531 25.592672 0.0799539
58833.712096 25.552712 0.072950637
58833.712678 25.524018 0.070948403
58833.713245 25.385455 0.062957362
58833.713811 25.464722 0.062959802
58833.71438 25.442767 0.056966935
58833.714942 25.559823 0.061961366
58833.715515 25.426451 0.063959379
58833.716099 25.398938 0.05397266
58833.716662 25.44826 0.058974087
58833.717217 25.428437 0.055971204
58833.717786 25.47214 0.069958541
58833.718352 25.544428 0.068951518
58833.718933 25.518253 0.064957301
58833.719515 25.754934 0.088953566
58833.720081 25.415775 0.06194362
58833.720652 25.455531 0.066957592
58833.721229 25.457106 0.060946575
58833.721798 25.578663 0.075945121
58833.722365 25.462522 0.061954436
58833.722938 25.484862 0.055971491
58833.723517 25.426107 0.057956029
58833.724095 25.390346 0.049962978
58833.724659 25.601969 0.07095715
58833.725228 25.512046 0.059959707
58833.725794 25.432592 0.052959404
58833.726369 25.495539 0.06193921
58833.726949 25.437816 0.063922025
58833.727521 25.490465 0.068887277
58833.728085 25.548294 0.062908322
58833.728659 25.564422 0.076942718
58833.729226 25.438184 0.065945365
58833.729803 25.533707 0.064959788
58833.730359 25.470827 0.0589492
58833.730924 25.440376 0.051961879
58833.731502 25.580765 0.07095721
58833.732059 25.529195 0.076891699
58833.732632 25.470078 0.062937596
58833.733194 25.356294 0.063914317
58833.733759 25.277312 0.063871921
58833.734321 25.45438 0.075908226
58833.734879 25.711405 0.10788798
58833.735444 25.543002 0.094839068
58833.736003 25.443905 0.096857895
58833.736571 25.626995 0.11885091
58833.737136 25.522331 0.095854394
58833.737691 25.534215 0.084897992
58833.738267 25.528155 0.096777845
58833.738823 25.509478 0.082875151
58833.739382 25.488661 0.081892375
58833.739948 25.389141 0.081833428
58833.740522 25.600676 0.10083822
58833.741085 25.305013 0.084804659
58833.741647 25.433985 0.080897354
58833.742215 25.474462 0.07791938
58833.742788 25.386168 0.071836734
58833.743365 25.576601 0.094893026
58833.743953 25.566901 0.090882147
58833.744526 25.438866 0.069907707
58833.745093 25.465364 0.064937302
58833.745664 25.460042 0.0659217
58833.746226 25.596645 0.080932494
58833.746789 25.50357 0.064932664
58833.747358 25.403197 0.064950608
58833.747921 25.435401 0.056945482
58833.748478 25.412116 0.056952568
58833.749035 25.465673 0.057951273
58833.749599 25.488103 0.062948086
58833.750168 25.535929 0.073898052
58833.750733 25.394113 0.066907652
58833.751298 25.369276 0.069860149
58833.751854 25.418386 0.080868866
58833.752416 25.45566 0.074911155
58833.752988 25.503721 0.073916899
58833.753539 25.436555 0.06592653
58833.7541 25.410362 0.05593581
58833.754655 25.438921 0.056950836
58833.75523 25.479602 0.060965814
58833.755803 25.470855 0.076939714
58833.756377 25.554723 0.083941427
58833.756948 25.525087 0.067965929
58833.757519 25.410533 0.071969348
58833.758074 25.53098 0.074964898
58833.758639 25.35877 0.077921863
58833.759204 25.546133 0.10390794
58833.759765 25.32519 0.073957311
58833.760341 25.414615 0.067958355
58833.760921 25.490986 0.078958412
58833.761489 25.458286 0.088921323
58833.76205 25.454483 0.076960039
58833.762618 25.333201 0.076945277
58833.763196 25.402057 0.066956206
58833.763771 25.449022 0.069973576
58833.764345 25.305603 0.056966648
58833.764904 25.577893 0.075971665
58833.765469 25.252312 0.049979901
58833.766035 25.391131 0.071969373
58833.766604 25.557671 0.082950671
58833.767179 25.51938 0.072973138
58833.767754 25.407632 0.070972415
58833.768337 25.508404 0.072964855
58833.768906 25.554918 0.078967607
58833.769468 25.574529 0.085946352
58833.770037 25.403422 0.066962412
58833.770609 25.511825 0.080955325
58833.771176 25.549925 0.091899487
58833.77175 25.452076 0.086922929
58833.772312 25.617939 0.1048997
58833.772873 25.544537 0.10687827
58833.773436 25.531303 0.12084533
58833.774013 25.621867 0.13486286
58833.774581 25.464715 0.094906634
58833.775149 25.321998 0.083903454
58833.775718 25.781909 0.13290453
58833.776274 25.573038 0.1079322
58833.776849 25.463057 0.096945829
58833.777425 25.447847 0.098942101
58833.777996 25.388741 0.085920498
58833.778564 25.438326 0.090941026
58833.779126 25.485707 0.088926813
0.0 0.0 0.0
58833.780275 25.47085 0.093937026
58833.780836 25.481341 0.1008529
58833.781394 25.556769 0.12585206
58833.781959 25.534458 0.094931329
58833.78252 25.411264 0.084944636
58833.783078 25.559785 0.11589614
58833.783656 25.652156 0.10791396
58833.784224 25.449012 0.087945368
58833.784791 25.504306 0.08794983
58833.785359 25.573004 0.091953404
58833.785923 25.600628 0.079963769
58833.786499 25.531831 0.10394752
58833.787075 25.496068 0.083954115
58833.787657 25.629198 0.088954443
58833.788243 25.423721 0.081950572
58833.788815 25.313933 0.062962291
58833.789431 25.577514 0.067968427
58833.789993 25.527417 0.087958906
58833.790558 25.360982 0.058973456
58833.791114 25.439164 0.070951643
58833.791692 25.478897 0.072969167
58833.792254 25.463581 0.065951485
58833.792819 25.395833 0.053964353
58833.793386 25.531455 0.067953378
58833.793945 25.359093 0.061960498
58833.794517 25.424386 0.063964516
58833.79508 25.434886 0.060964403
58833.795646 25.502754 0.053968523
58833.796225 25.482031 0.059963855
58833.79679 25.386476 0.056976977
58833.797352 25.440531 0.05298186
58833.797908 25.502146 0.058975884
58833.798484 25.458769 0.061977999
58833.799061 25.379372 0.055973492
58833.799624 25.500874 0.055970676
58833.800185 25.451612 0.05997497
58833.800756 25.489068 0.054960537
58833.801313 25.574553 0.062967367
58833.801876 25.464271 0.054969596
58833.802443 25.576146 0.062954206
58833.803031 25.446664 0.062978059
58833.803608 25.572334 0.067970377
58833.804175 25.531387 0.069978028
58833.804741 25.542795 0.072977026
58833.805316 25.466149 0.060976681
58833.805876 25.429965 0.067969613
58833.806445 25.520835 0.062980321
58833.807016 25.625953 0.081975222
58833.807582 25.514892 0.068960811
58833.80816 25.681959 0.088974464
58833.808724 25.55894 0.071976528
58833.809281 25.393144 0.057971996
58833.809857 25.529317 0.065976461
58833.810432 25.421755 0.069969433
58833.811002 25.446498 0.062974422
58833.81157 25.509395 0.066978692
58833.812141 25.373664 0.060978528
58833.81271 25.537707 0.063980355
58833.813283 25.553615 0.066981841
58833.81385 25.526507 0.056981524
58833.814425 25.543265 0.064980495
58833.81499 25.410429 0.051981676
58833.815567 25.501158 0.068977577
58833.816133 25.526119 0.060976748
58833.816698 25.444732 0.064956391
58833.817289 25.43223 0.061968832
58833.817864 25.533363 0.066962881
58833.818429 25.505026 0.071964568
58833.819011 25.583136 0.070964777
58833.819573 25.573566 0.077973048
58833.820146 25.418471 0.058960409
58833.82073 25.421103 0.060968511
58833.821295 25.492151 0.072967949
58833.821869 25.558015 0.083967042
58833.822431 25.41411 0.065974446
0.0 0.0 0.0
58833.823546 25.603628 0.090958898
58833.824122 25.504359 0.079957073
58833.82469 25.409948 0.082972498
58833.82527 25.511687 0.093974165
58833.825842 25.426587 0.072970955
58833.826414 25.609518 0.089955504
58833.826987 25.456379 0.07595853
58833.827559 25.40779 0.071964368
58833.828123 25.554659 0.089970206
58833.828694 25.524104 0.075955474
58833.829263 25.410181 0.065964025
58833.829826 25.65132 0.075953329
58833.830398 25.587839 0.073963646
58833.830961 25.548293 0.07396535
58833.831526 25.502866 0.06295579
58833.832097 25.377163 0.06197131
58833.83267 25.46102 0.054966122
58833.833228 25.476546 0.061965975
58833.833798 25.453882 0.064972358
58833.834371 25.565165 0.078952016
58833.834936 25.480483 0.058972243
58833.83551 25.440528 0.062969352
58833.836083 25.475627 0.062967701
58833.836648 25.430627 0.060969827
58833.837231 25.381963 0.062969461
58833.837806 25.343311 0.068934289
58833.83839 25.482443 0.071949859
58833.838952 25.551589 0.07593298
58833.839512 25.424446 0.079961844
58833.840078 25.457227 0.082952822
58833.840638 25.430864 0.068966791
58833.841214 25.578631 0.089964145
58833.841784 25.399092 0.05797363
58833.842354 25.461781 0.074969286
58833.842932 25.467663 0.07296603
58833.8435 25.478422 0.076969288
58833.844068 25.392738 0.064971151
58833.84464 25.416457 0.07196918
58833.845192 25.359928 0.064975027
58833.845764 25.479165 0.077976641
58833.846315 25.408884 0.074976998
58833.846882 25.486146 0.075979869
58833.847447 25.54373 0.092966984
58833.848017 25.409924 0.077975757
58833.848583 25.36153 0.082969546
58833.849139 25.464923 0.096972416
58833.849713 25.577477 0.089960882
58833.850286 25.555412 0.10097569
