HJD mag magerr
0.0 0.0 0.0
0.0 0.0 0.0
0.0 0.0 0.0
0.0 0.0 0.0
0.0 0.0 0.0
0.0 0.0 0.0
0.0 0.0 0.0
0.0 0.0 0.0
0.0 0.0 0.0
58833.531508 25.528471 0.087887431
58833.532068 25.341108 0.06790539
0.0 0.0 0.0
58833.533201 25.444663 0.075929901
0.0 0.0 0.0
0.0 0.0 0.0
0.0 0.0 0.0
0.0 0.0 0.0
0.0 0.0 0.0
58833.536586 25.418358 0.055940182
58833.537148 25.538252 0.060933894
0.0 0.0 0.0
58833.538275 25.39561 0.049926515
0.0 0.0 0.0
0.0 0.0 0.0
58833.539961 25.423315 0.045943044
58833.540691 25.583745 0.050960869
0.0 0.0 0.0
58833.541834 25.392391 0.048944167
58833.542384 25.350006 0.048938371
58833.542946 25.454841 0.048933855
58833.543507 25.541959 0.045951518
58833.544071 25.505739 0.041969699
58833.544644 25.570962 0.043962633
58833.545206 25.39949 0.044936808
58833.545767 25.627124 0.048951464
58833.54634 25.610443 0.044961097
58833.546924 25.347703 0.04294365
58833.547488 25.326297 0.039938182
58833.548053 25.395412 0.03994357
0.0 0.0 0.0
58833.549203 25.620682 0.046957838
58833.549779 25.602018 0.043956262
58833.550355 25.417411 0.047941955
0.0 0.0 0.0
58833.551466 26.151793 0.081938471
58833.552025 25.36248 0.044915943
58833.552609 25.373588 0.051914382
58833.553172 25.506958 0.049942313
58833.553736 25.597925 0.048950738
58833.554298 25.589185 0.048963878
58833.554862 25.690157 0.049962297
58833.55542 25.672631 0.052974897
58833.556007 25.689579 0.055979059
58833.556565 25.539006 0.062976564
58833.557125 25.542076 0.048972695
58833.557676 25.606059 0.05397839
58833.558245 25.627408 0.057961562
58833.558811 25.560491 0.049945714
58833.559373 26.519237 0.12993002
0.0 0.0 0.0
0.0 0.0 0.0
58833.561052 25.315311 0.04291142
0.0 0.0 0.0
58833.562183 25.611503 0.054941397
0.0 0.0 0.0
58833.563315 25.659017 0.058946978
58833.563889 25.572797 0.056832785
58833.564461 26.608277 0.15375336
58833.565019 25.348862 0.031960884
58833.565576 25.631639 0.035987268
58833.566153 25.456409 0.04592461
58833.566722 25.565002 0.047941443
0.0 0.0 0.0
58833.56785 25.874882 0.06790059
58833.568406 25.58675 0.03997249
58833.568961 25.69712 0.042973597
58833.569533 25.605144 0.033980667
58833.570095 25.599323 0.032972591
58833.57065 26.511482 0.087981737
58833.57121 25.747783 0.041972991
58833.571768 25.642466 0.039973735
58833.572322 25.639543 0.038968683
58833.572898 25.626464 0.049957007
0.0 0.0 0.0
58833.574037 25.382161 0.043897555
58833.574593 25.449075 0.045907821
0.0 0.0 0.0
58833.575726 25.287156 0.041807504
0.0 0.0 0.0
58833.576839 25.256331 0.037875587
58833.577403 25.425476 0.039951752
58833.577964 25.461116 0.044956486
58833.578544 25.853771 0.058934137
58833.579114 25.57274 0.048954774
0.0 0.0 0.0
0.0 0.0 0.0
58833.58081 25.33725 0.039921557
58833.581375 25.371214 0.044803583
0.0 0.0 0.0
58833.582509 26.041521 0.062942826
58833.58308 25.441605 0.049908327
58833.583647 25.337991 0.047871116
58833.584215 25.436536 0.054781759
58833.584762 25.263412 0.038888443
58833.585316 25.340013 0.043852734
0.0 0.0 0.0
0.0 0.0 0.0
0.0 0.0 0.0
58833.587566 25.256813 0.049865413
58833.58814 25.59033 0.066888222
58833.588711 25.506299 0.035965008
58833.589285 25.243694 0.032941551
58833.589857 25.305737 0.040776557
0.0 0.0 0.0
0.0 0.0 0.0
0.0 0.0 0.0
0.0 0.0 0.0
58833.592665 25.307098 0.060742074
0.0 0.0 0.0
58833.593796 25.193419 0.068821084
0.0 0.0 0.0
58833.59492 25.280219 0.06875174
58833.595528 25.219224 0.051786559
58833.596082 25.277575 0.052862698
0.0 0.0 0.0
58833.597231 26.39938 0.1308286
58833.597797 25.486239 0.052909627
58833.59838 25.60578 0.048947169
58833.598947 25.609714 0.05293634
0.0 0.0 0.0
58833.60009 25.921975 0.067936582
58833.600655 25.810684 0.063945476
58833.601221 25.493339 0.049921998
58833.601788 25.654407 0.055944625
58833.602358 25.504453 0.048930337
58833.602926 25.542916 0.054896652
0.0 0.0 0.0
58833.604047 25.444782 0.046925865
0.0 0.0 0.0
58833.605171 25.468501 0.060831893
58833.605736 25.390664 0.057888502
58833.606292 25.38807 0.055889579
58833.606846 26.236861 0.10586092
58833.607409 25.676398 0.066880319
58833.607972 25.389683 0.055908687
58833.608554 25.445251 0.065849978
58833.609122 25.423471 0.057899108
58833.609691 25.249722 0.052840281
58833.61027 25.686504 0.060893152
58833.610843 25.397318 0.045891461
58833.611415 25.271823 0.040876358
0.0 0.0 0.0
58833.612577 25.287765 0.041853549
58833.613137 25.36027 0.043855056
58833.613696 25.231876 0.042834279
0.0 0.0 0.0
0.0 0.0 0.0
58833.615407 25.779039 0.072840524
58833.615983 25.412102 0.047872535
58833.616534 25.491609 0.044902277
58833.617093 25.679776 0.07089309
58833.617655 25.702365 0.056925604
58833.618216 25.397158 0.045931431
0.0 0.0 0.0
58833.619336 25.534107 0.049928435
58833.619908 25.666643 0.066915362
58833.620489 25.509676 0.052923431
58833.621073 25.820969 0.065932749
58833.621643 25.343754 0.049905313
58833.622212 25.453297 0.047916575
58833.622786 25.68856 0.06487877
0.0 0.0 0.0
58833.623898 25.638107 0.066909749
58833.624467 25.588081 0.050933717
58833.625042 25.737671 0.059921308
58833.625625 25.710512 0.055929885
0.0 0.0 0.0
58833.626758 25.674993 0.058894093
58833.627345 25.546094 0.045956685
58833.627901 25.681396 0.0529559
58833.628481 25.675126 0.056956912
58833.629058 25.601234 0.047953686
58833.629625 25.661466 0.048957715
0.0 0.0 0.0
0.0 0.0 0.0
58833.631339 25.461284 0.051900874
58833.631919 25.43374 0.058804667
58833.632476 25.330231 0.0518351
58833.633035 25.291575 0.048882982
58833.633609 25.689341 0.062872258
58833.634176 25.529541 0.080920365
58833.63477 26.126264 0.094901555
58833.63533 25.607054 0.053947051
58833.635896 25.510396 0.049919894
58833.636454 25.554415 0.042962064
58833.637031 25.85756 0.06588973
58833.637603 25.583952 0.054938229
58833.638178 25.738964 0.059901851
58833.638751 25.590869 0.050957644
0.0 0.0 0.0
58833.639885 25.644243 0.05395885
0.0 0.0 0.0
58833.641017 25.607963 0.049974158
58833.641587 25.539745 0.049958364
58833.642165 25.668389 0.057961768
58833.642733 26.030535 0.07496101
58833.643298 25.546726 0.052956471
58833.643881 25.673198 0.051946006
58833.644463 25.603944 0.047976467
58833.645038 25.669646 0.053963995
58833.645621 25.590913 0.052942545
58833.646196 25.646449 0.060944039
58833.646775 25.578225 0.049961501
58833.647352 25.700081 0.057965044
58833.647947 25.520575 0.052937909
58833.648518 25.817991 0.060978039
58833.649091 25.73276 0.055966736
58833.649661 25.619211 0.052974714
58833.650234 25.585044 0.049974796
0.0 0.0 0.0
58833.651385 25.587476 0.05696113
58833.651942 25.577682 0.05196204
58833.652501 25.593075 0.052972525
58833.653051 25.650797 0.065977823
58833.653627 25.618309 0.044974454
58833.654196 25.687232 0.063957772
58833.654761 25.712452 0.054965826
58833.655332 25.633961 0.053973352
58833.655903 25.695097 0.060976781
0.0 0.0 0.0
0.0 0.0 0.0
0.0 0.0 0.0
58833.658134 25.570494 0.058972942
58833.658729 25.724839 0.057962435
58833.659291 25.540365 0.052967651
58833.659866 25.630443 0.052979353
58833.660428 25.658716 0.062962669
58833.660996 26.110136 0.09196408
58833.661568 25.792383 0.067962572
58833.662129 25.58632 0.053947387
0.0 0.0 0.0
58833.663254 25.611282 0.061976079
58833.663845 25.638097 0.075919249
58833.664399 25.907428 0.075959573
0.0 0.0 0.0
58833.66553 25.695909 0.067971477
0.0 0.0 0.0
58833.666661 26.551857 0.13197886
58833.66724 25.724531 0.052983984
58833.667808 25.685138 0.065981027
58833.668374 26.208282 0.092977431
0.0 0.0 0.0
58833.669515 25.743946 0.069969548
0.0 0.0 0.0
58833.670664 25.612058 0.059960131
58833.671231 26.093626 0.097962993
0.0 0.0 0.0
58833.672357 25.578731 0.057960885
58833.672921 25.601806 0.065957886
0.0 0.0 0.0
58833.674063 25.676885 0.075976771
58833.674632 25.511181 0.060958663
0.0 0.0 0.0
58833.67579 25.572046 0.067948734
58833.67635 25.531708 0.068939925
58833.676916 25.414602 0.061959314
0.0 0.0 0.0
58833.678056 25.462326 0.067947665
58833.678616 25.326313 0.07085141
58833.679182 25.391866 0.071870825
58833.679761 25.439068 0.081799824
0.0 0.0 0.0
58833.680894 25.175127 0.07180418
58833.681455 25.098421 0.072677444
0.0 0.0 0.0
58833.682591 25.283783 0.07677888
58833.683157 25.298614 0.070878684
0.0 0.0 0.0
0.0 0.0 0.0
58833.684864 25.47857 0.074921159
58833.685427 25.42043 0.072913825
0.0 0.0 0.0
0.0 0.0 0.0
0.0 0.0 0.0
58833.687766 25.532865 0.078950485
0.0 0.0 0.0
58833.6889 25.567052 0.079947469
58833.689473 25.426705 0.071942308
58833.690035 25.58634 0.075941167
0.0 0.0 0.0
58833.691182 25.465973 0.061951121
58833.691769 25.478629 0.067931612
58833.692334 25.355904 0.066889329
58833.692912 25.330743 0.061917729
58833.693482 25.408104 0.063933166
58833.694055 25.381574 0.057935923
0.0 0.0 0.0
58833.695214 25.671842 0.086950643
58833.695788 25.431517 0.065944899
58833.696709 25.556645 0.073944353
0.0 0.0 0.0
58833.697854 25.348369 0.072926077
58833.698426 25.490278 0.081944727
58833.698997 26.03582 0.13092958
58833.699574 25.585425 0.079962733
58833.700162 25.512895 0.070967555
58833.700738 25.517507 0.079954891
0.0 0.0 0.0
0.0 0.0 0.0
58833.702433 25.55189 0.079972792
58833.702997 25.66144 0.071975568
58833.703569 25.533664 0.061963442
58833.704138 25.751686 0.090978251
58833.704693 25.677688 0.080973468
58833.705269 25.619417 0.067964054
0.0 0.0 0.0
0.0 0.0 0.0
58833.706995 25.627402 0.07197233
58833.70756 25.647938 0.078957399
0.0 0.0 0.0
58833.708701 25.525495 0.068967598
0.0 0.0 0.0
58833.709837 25.692789 0.079965066
58833.710398 25.74938 0.077968909
58833.710961 25.481016 0.068934864
0.0 0.0 0.0
58833.712096 25.566712 0.082950227
58833.712678 25.592018 0.073948288
58833.713245 26.212455 0.1099559
0.0 0.0 0.0
0.0 0.0 0.0
58833.714942 25.671823 0.069961081
58833.715515 25.564451 0.060959506
0.0 0.0 0.0
58833.716662 25.81126 0.078973505
0.0 0.0 0.0
58833.717786 25.49914 0.060958889
58833.718352 26.047428 0.10295064
58833.718933 25.710253 0.081956602
58833.719515 25.601934 0.086953624
0.0 0.0 0.0
58833.720652 25.483531 0.065957642
58833.721229 25.618106 0.072945998
58833.721798 25.461663 0.074945169
0.0 0.0 0.0
0.0 0.0 0.0
58833.723517 25.674107 0.074955337
58833.724095 26.062346 0.089961631
58833.724659 25.616969 0.065957385
58833.725228 25.682046 0.068959353
58833.725794 25.621592 0.070958111
0.0 0.0 0.0
58833.726949 25.497816 0.071921484
58833.727521 25.401465 0.060887871
58833.728085 25.400294 0.063908258
58833.728659 25.567422 0.072942875
0.0 0.0 0.0
58833.729803 25.524707 0.069959559
58833.730359 25.541827 0.067948737
58833.730924 25.612376 0.062961341
0.0 0.0 0.0
0.0 0.0 0.0
58833.732632 25.495078 0.071936948
58833.733194 25.581294 0.072913658
0.0 0.0 0.0
58833.734321 25.33938 0.068908705
58833.734879 25.415405 0.071889914
58833.735444 25.322002 0.074840787
0.0 0.0 0.0
0.0 0.0 0.0
0.0 0.0 0.0
58833.737691 25.448215 0.082898102
0.0 0.0 0.0
0.0 0.0 0.0
0.0 0.0 0.0
58833.739948 25.280141 0.071834528
0.0 0.0 0.0
0.0 0.0 0.0
0.0 0.0 0.0
58833.742215 25.520462 0.07891933
0.0 0.0 0.0
58833.743365 25.331601 0.077893947
0.0 0.0 0.0
58833.744526 25.439866 0.072907494
58833.745093 25.507364 0.067937132
58833.745664 25.423042 0.067921561
58833.746226 25.513645 0.067933109
58833.746789 25.53357 0.064932664
0.0 0.0 0.0
58833.747921 25.554401 0.068944802
58833.748478 25.540116 0.06195229
0.0 0.0 0.0
58833.749599 25.688103 0.071947676
58833.750168 25.353929 0.064898808
58833.750733 25.354113 0.065907736
58833.751298 25.403276 0.066860508
58833.751854 25.495386 0.085868507
58833.752416 25.48066 0.066911711
58833.752988 25.529721 0.072916959
58833.753539 25.457555 0.06192682
0.0 0.0 0.0
58833.754655 25.563921 0.077949899
58833.75523 25.553602 0.075965237
58833.755803 25.502855 0.076939714
58833.756377 25.540723 0.076941667
0.0 0.0 0.0
58833.757519 25.551533 0.091968778
58833.758074 25.41098 0.06096545
0.0 0.0 0.0
0.0 0.0 0.0
58833.759765 25.57819 0.079957094
58833.760341 25.690615 0.098957392
58833.760921 25.597986 0.089958094
0.0 0.0 0.0
0.0 0.0 0.0
0.0 0.0 0.0
58833.763196 25.644057 0.082955716
58833.763771 25.658022 0.083973259
0.0 0.0 0.0
58833.764904 25.556893 0.084971468
58833.765469 25.804312 0.10197855
58833.766035 26.244131 0.1489683
58833.766604 25.765671 0.096950353
58833.767179 25.50038 0.077972991
58833.767754 25.827632 0.10597163
58833.768337 25.573404 0.072964855
58833.768906 25.482918 0.078967607
58833.769468 25.521529 0.086946325
0.0 0.0 0.0
58833.770609 25.771825 0.10995479
0.0 0.0 0.0
58833.77175 25.617076 0.1039224
58833.772312 25.393939 0.086900422
58833.772873 25.397537 0.091878947
0.0 0.0 0.0
0.0 0.0 0.0
58833.774581 25.368715 0.095906596
58833.775149 25.515998 0.11590229
0.0 0.0 0.0
58833.776274 25.548038 0.10293234
58833.776849 25.774057 0.11794536
0.0 0.0 0.0
0.0 0.0 0.0
58833.778564 25.489326 0.10794054
58833.779126 25.678707 0.11292597
58833.779701 25.357778 0.081925495
0.0 0.0 0.0
0.0 0.0 0.0
58833.781394 25.424769 0.11185259
58833.781959 25.295458 0.080931938
58833.78252 25.476264 0.083944674
0.0 0.0 0.0
58833.783656 25.432156 0.08391479
58833.784224 25.741012 0.12094437
58833.784791 25.505306 0.07995011
0.0 0.0 0.0
58833.785923 25.736628 0.098963344
58833.786499 25.617831 0.086947993
0.0 0.0 0.0
58833.787657 25.689198 0.10595405
0.0 0.0 0.0
58833.788815 25.574933 0.082961548
0.0 0.0 0.0
0.0 0.0 0.0
58833.790558 25.793982 0.10597219
58833.791114 25.447164 0.080951218
58833.791692 25.598897 0.079968981
58833.792254 25.643581 0.071951243
58833.792819 25.682833 0.068963577
58833.793386 25.715455 0.076953065
58833.793945 26.262093 0.13095881
0.0 0.0 0.0
58833.79508 25.801886 0.084963551
58833.795646 25.571754 0.060968157
0.0 0.0 0.0
58833.79679 25.655476 0.068976517
58833.797352 25.702531 0.065981409
58833.797908 25.606146 0.056975962
0.0 0.0 0.0
58833.799061 25.620372 0.061973244
58833.799624 25.607874 0.070970085
58833.800185 25.783612 0.098974128
58833.800756 25.900068 0.089959419
0.0 0.0 0.0
0.0 0.0 0.0
58833.802443 25.618146 0.07095388
58833.803031 25.732664 0.082977527
58833.803608 25.896334 0.081969999
58833.804175 25.770387 0.071977973
58833.804741 25.889795 0.099976507
58833.805316 25.761149 0.080976192
58833.805876 25.821965 0.097968927
58833.806445 25.695835 0.077979869
58833.807016 25.638953 0.070975509
0.0 0.0 0.0
58833.80816 25.682959 0.092974391
58833.808724 25.63694 0.071976528
58833.809281 25.717144 0.074971419
58833.809857 25.722317 0.076976139
58833.810432 25.670755 0.094968858
58833.811002 25.610498 0.078973898
58833.81157 25.753395 0.10597797
58833.812141 25.769664 0.10197764
58833.81271 25.613707 0.075980047
58833.813283 25.534615 0.060982042
58833.81385 25.748507 0.082980868
0.0 0.0 0.0
58833.81499 25.640429 0.062981262
58833.815567 25.600158 0.074977413
58833.816133 25.841119 0.096976024
58833.816698 25.628732 0.088955689
58833.817289 25.68023 0.079968246
58833.817864 25.569363 0.071962637
58833.818429 25.652026 0.075964436
58833.819011 25.502136 0.075964611
0.0 0.0 0.0
58833.820146 25.751471 0.085959312
58833.82073 25.973103 0.10196745
0.0 0.0 0.0
58833.821869 25.845015 0.10296661
58833.822431 25.73311 0.11497323
58833.822986 25.677106 0.097975898
58833.823546 25.672628 0.10895854
58833.824122 25.683359 0.11195633
58833.82469 25.798948 0.1289718
58833.82527 25.682687 0.12497362
58833.825842 25.755587 0.13396986
58833.826414 25.510518 0.086955606
58833.826987 25.507379 0.081958331
58833.827559 25.60579 0.081964064
58833.828123 25.653659 0.080970428
58833.828694 25.601104 0.074955504
58833.829263 25.692181 0.081963482
58833.829826 25.59232 0.076953298
0.0 0.0 0.0
0.0 0.0 0.0
58833.831526 25.507866 0.06295579
0.0 0.0 0.0
0.0 0.0 0.0
58833.833228 25.811546 0.080965309
58833.833798 25.573882 0.057972691
58833.834371 25.687165 0.075952136
0.0 0.0 0.0
0.0 0.0 0.0
58833.836083 25.622627 0.075967141
58833.836648 25.691627 0.07196934
58833.837231 25.529963 0.071969073
58833.837806 25.386311 0.065934514
0.0 0.0 0.0
58833.838952 25.276589 0.066933585
0.0 0.0 0.0
58833.840078 25.599227 0.097952397
58833.840638 25.527864 0.075966564
58833.841214 25.651631 0.088964172
58833.841784 25.596092 0.079972822
58833.842354 25.524781 0.072969356
58833.842932 26.311663 0.14196467
0.0 0.0 0.0
58833.844068 25.616738 0.077970683
58833.84464 25.649457 0.096968503
58833.845192 25.583928 0.078974596
58833.845764 25.759165 0.099976243
58833.846315 25.727884 0.095976588
58833.846882 25.678146 0.089979571
58833.847447 25.82073 0.12396646
58833.848017 25.884924 0.13997478
58833.848583 25.74753 0.12896877
58833.849139 25.662923 0.11297218
58833.849713 25.538477 0.08796093
58833.850286 25.669412 0.1069756
