HJD mag magerr
0.0 0.0 0.0
0.0 0.0 0.0
58833.527497 25.64623 0.2048611
0.0 0.0 0.0
58833.52864 25.80127 0.15182205
58833.529223 25.317739 0.15143728
0.0 0.0 0.0
58833.530369 25.741505 0.14570187
58833.530936 25.692492 0.12482747
58833.531508 25.69832 0.10487356
58833.532068 25.690001 0.092897284
58833.532639 25.72511 0.10281427
58833.533201 25.702561 0.085907605
58833.533765 25.669687 0.082926868
58833.534319 25.738526 0.10574863
58833.534878 25.636777 0.086739622
58833.535457 25.610765 0.081813206
58833.536022 25.7357 0.072923366
58833.536586 25.699785 0.066932168
58833.537148 25.812221 0.065938189
58833.537706 25.834967 0.078866031
58833.538275 25.667119 0.062917813
58833.538843 25.683763 0.058938523
58833.539403 25.601663 0.052914419
58833.539961 25.720071 0.052885908
58833.540691 25.706915 0.057944892
58833.54127 25.795729 0.056938593
58833.541834 25.683952 0.053951691
58833.542384 25.735636 0.059952834
58833.542946 25.681018 0.056924054
58833.543507 25.584296 0.043960736
58833.544071 25.687947 0.042965016
58833.544644 25.647373 0.04694054
58833.545206 25.833018 0.057936226
58833.545767 25.773406 0.05496059
58833.54634 25.717886 0.04896633
58833.546924 25.720714 0.051936775
58833.547488 25.747653 0.054911332
58833.548053 25.725816 0.047925803
58833.548633 25.755527 0.050958596
58833.549203 25.710299 0.043955304
58833.549779 25.645263 0.04296249
58833.550355 25.695957 0.050955649
58833.550911 25.652122 0.044948855
58833.551466 25.62665 0.048929212
58833.552025 25.727451 0.055920089
58833.552609 25.700989 0.058911105
58833.553172 25.779259 0.053928576
58833.553736 25.596393 0.048927334
58833.554298 25.706329 0.047966245
58833.554862 25.780813 0.052967246
58833.55542 25.657912 0.053967764
58833.556007 25.74437 0.051979744
58833.556565 25.69088 0.056976436
58833.557125 25.673251 0.056967504
58833.557676 25.738954 0.06097377
58833.558245 25.623038 0.048955073
58833.558811 25.72855 0.056955481
58833.559373 25.711803 0.05290512
58833.559928 25.689602 0.060828528
58833.560497 25.696512 0.078709677
58833.561052 25.667115 0.053902794
58833.561629 25.694838 0.059849206
58833.562183 25.801727 0.060913147
58833.562742 25.693142 0.051936438
58833.563315 25.682334 0.055949676
58833.563889 25.66491 0.058848669
58833.564461 25.760725 0.070731389
0.0 0.0 0.0
58833.565576 25.673341 0.034983128
58833.566153 25.61261 0.053900645
58833.566722 25.801842 0.050915261
58833.56729 25.666545 0.047942722
58833.56785 25.697596 0.048912811
58833.568406 25.780642 0.038966477
58833.568961 25.695348 0.038970194
58833.569533 25.648225 0.036968754
0.0 0.0 0.0
58833.57065 25.689266 0.038984644
58833.57121 25.681179 0.036969411
58833.571768 25.673344 0.039959993
58833.572322 25.676561 0.039973499
58833.572898 25.672522 0.039953451
58833.573468 25.792771 0.054895977
58833.574037 25.723433 0.053898895
58833.574593 25.634669 0.044919506
58833.575159 25.647179 0.075529961
58833.575726 25.674274 0.055841109
58833.576286 25.749143 0.056875634
58833.576839 25.703311 0.049880827
58833.577403 25.686995 0.040929186
58833.577964 25.741519 0.050930976
58833.578544 25.868247 0.051943804
58833.579114 25.660853 0.043902756
58833.579688 25.666445 0.051909044
58833.580238 25.743017 0.052882601
58833.58081 25.715798 0.056867593
58833.581375 25.714753 0.052837096
58833.581944 25.732786 0.048923513
58833.582509 25.693307 0.045948064
58833.58308 25.699239 0.048902662
58833.583647 25.704919 0.057824636
58833.584215 25.689345 0.060788277
58833.584762 25.758395 0.050863987
58833.585316 25.796984 0.063826726
58833.585886 25.629105 0.040934588
58833.586442 25.701204 0.046897529
58833.587001 25.781054 0.058834612
58833.587566 25.650505 0.068819392
58833.58814 25.704972 0.064802019
58833.588711 25.619203 0.034981141
58833.589285 25.746488 0.049916156
58833.589857 25.857792 0.068693749
58833.590423 25.692907 0.064668379
58833.590994 25.940846 0.091799504
58833.591559 25.67854 0.096725204
58833.592112 25.84647 0.090689727
58833.592665 25.834567 0.094703404
58833.593224 25.639883 0.086641865
58833.593796 25.913478 0.1287741
58833.594369 25.777078 0.1254386
58833.59492 25.926824 0.12266353
58833.595528 25.800706 0.085733103
58833.596082 25.69826 0.078850306
58833.596665 25.744425 0.081855278
58833.597231 25.662439 0.063837631
58833.597797 25.636798 0.054893765
58833.59838 25.768062 0.054911971
58833.598947 25.68274 0.047930223
58833.599512 25.655077 0.051906416
58833.60009 25.76435 0.061932706
58833.600655 25.715945 0.055942071
58833.601221 25.685432 0.049942863
58833.601788 25.723525 0.060905577
58833.602358 25.675081 0.050923284
58833.602926 25.785828 0.063922044
58833.60349 25.77119 0.080791091
58833.604047 25.742873 0.0539262
58833.604615 25.586801 0.055880474
58833.605171 25.846245 0.077858584
58833.605736 25.832308 0.072877448
58833.606292 25.67302 0.06586489
58833.606846 25.709068 0.062852582
58833.607409 25.685683 0.067866044
58833.607972 25.636964 0.06183269
58833.608554 25.753984 0.078838312
58833.609122 25.725663 0.074865284
58833.609691 25.720217 0.074849944
58833.61027 25.6662 0.06088498
58833.610843 25.797919 0.059880008
58833.611415 25.716683 0.055780381
58833.611993 25.79869 0.063851632
58833.612577 25.687579 0.05583707
58833.613137 25.645159 0.058813513
58833.613696 25.686435 0.061753326
58833.614278 25.643595 0.054839912
58833.614853 25.791338 0.064802596
58833.615407 25.733421 0.064761043
58833.615983 25.646278 0.056857904
58833.616534 25.663843 0.054806985
58833.617093 25.64614 0.067871551
58833.617655 25.728713 0.05790752
58833.618216 25.675182 0.057901509
58833.618781 25.759567 0.062943313
58833.619336 25.803893 0.061915553
58833.619908 25.731203 0.06590348
58833.620489 25.716049 0.058915722
58833.621073 25.718546 0.054911637
58833.621643 25.732521 0.06183349
58833.622212 25.666165 0.053909427
58833.622786 25.77837 0.076797572
58833.623339 25.681404 0.062888216
58833.623898 25.733848 0.067903497
58833.624467 25.728956 0.052923543
58833.625042 25.652078 0.048909944
58833.625625 25.782607 0.060940906
58833.626195 25.696583 0.0489389
58833.626758 25.695493 0.050921098
58833.627345 25.686432 0.048949567
58833.627901 25.678015 0.050963871
58833.628481 25.65422 0.045947478
58833.629058 25.670718 0.04795972
58833.629625 25.721273 0.051952243
58833.630194 25.727416 0.047954903
58833.630754 25.67889 0.049960154
58833.631339 25.665832 0.051917747
58833.631919 25.769453 0.075823598
58833.632476 25.791099 0.074823879
58833.633035 25.718951 0.062816984
58833.633609 25.763744 0.068894072
58833.634176 25.750704 0.088924491
58833.63477 25.820684 0.070849724
58833.63533 25.704027 0.052958207
58833.635896 25.662746 0.056925226
58833.636454 25.717301 0.051943904
58833.637031 25.686272 0.056876924
58833.637603 25.707472 0.057905293
58833.638178 25.685045 0.053886928
58833.638751 25.732002 0.0559495
58833.639317 25.831257 0.05895133
58833.639885 25.732047 0.051965616
58833.640451 25.643615 0.050975987
58833.641017 25.638821 0.050962988
58833.641587 25.726684 0.053961224
58833.642165 25.717383 0.058959336
58833.642733 25.690377 0.054954274
58833.643298 25.667395 0.059949454
58833.643881 25.73079 0.052956073
58833.644463 25.677396 0.048962545
58833.645038 25.665928 0.051958097
58833.645621 25.731406 0.06493383
58833.646196 25.701227 0.054931878
58833.646775 25.736448 0.05196774
58833.647352 25.653293 0.049967783
58833.647947 25.672551 0.056947795
58833.648518 25.622432 0.047973835
58833.649091 25.827707 0.061934666
58833.649661 25.671795 0.053971064
58833.650234 25.79629 0.057971755
58833.650812 25.689284 0.055962736
58833.651385 25.644941 0.057929646
58833.651942 25.696746 0.061954567
58833.652501 25.732268 0.058965519
58833.653051 25.69206 0.057943753
58833.653627 25.652177 0.044971435
58833.654196 25.641531 0.052952776
58833.654761 25.768963 0.056958934
58833.655332 25.696715 0.060957531
58833.655903 25.677565 0.057963859
58833.656459 25.735286 0.062974789
58833.657018 25.678185 0.050970477
58833.657575 25.714008 0.055972322
58833.658134 25.785085 0.061965845
58833.658729 25.634339 0.054959946
58833.659291 25.707749 0.054971826
58833.659866 25.64261 0.054972713
58833.660428 25.612882 0.049969095
58833.660996 25.720106 0.055960076
58833.661568 25.709145 0.056960718
58833.662129 25.601876 0.053957908
58833.662686 25.696208 0.078936955
58833.663254 25.686724 0.059971931
58833.663845 25.669318 0.066942821
58833.664399 25.669847 0.063954029
58833.664959 25.639707 0.062970636
58833.66553 25.709962 0.061975501
58833.666087 25.679197 0.053980882
58833.666661 25.651486 0.052977511
58833.66724 25.802945 0.061980808
58833.667808 25.679685 0.053976823
58833.668374 25.728108 0.060981638
58833.66894 25.807622 0.065976021
58833.669515 25.680223 0.059974054
58833.670105 25.742569 0.065961904
58833.670664 25.743318 0.067953176
58833.671231 25.648595 0.062960236
58833.671792 25.574074 0.060958723
58833.672357 25.75338 0.072950772
58833.672921 25.596235 0.061951251
58833.6735 25.768619 0.067975572
58833.674063 25.617716 0.053974761
58833.674632 25.656002 0.066951696
58833.675223 25.786175 0.079895977
58833.67579 25.738375 0.071943993
58833.67635 25.615587 0.07193134
58833.676916 25.700265 0.076953614
58833.677484 25.793885 0.090949669
58833.678056 25.699143 0.08293932
58833.678616 25.559396 0.085838197
58833.679182 25.7791 0.10485145
58833.679761 25.849268 0.12384422
58833.680323 25.8478 0.14754886
58833.680894 25.905118 0.11384675
58833.681455 25.54764 0.10665617
58833.68202 25.6966 0.099746403
58833.682591 25.864717 0.13268452
58833.683157 25.858169 0.10986169
58833.683728 25.753458 0.10185394
58833.68429 25.739252 0.1057363
58833.684864 25.663506 0.086911503
58833.685427 25.754353 0.10291424
58833.686006 25.713008 0.083870944
58833.68663 25.537247 0.078944913
58833.687197 25.783061 0.09194396
58833.687766 25.738449 0.089915045
58833.688335 25.819375 0.080948249
58833.6889 25.708494 0.077958285
58833.689473 25.615437 0.077936429
58833.690035 25.697567 0.07992754
58833.690606 25.761374 0.090935511
58833.691182 25.697059 0.07792332
58833.691769 25.70305 0.077917747
58833.692334 25.672958 0.086868624
58833.692912 25.766253 0.093909985
58833.693482 25.597495 0.071928763
58833.694055 25.705006 0.07894685
58833.694629 25.629799 0.073930404
58833.695214 25.662061 0.086944559
58833.695788 25.835881 0.080937235
58833.696709 25.694468 0.086939295
58833.697282 25.794038 0.1048557
58833.697854 25.740097 0.092925976
58833.698426 25.724003 0.095938929
58833.698997 25.701886 0.10294638
58833.699574 25.5545 0.075947369
58833.700162 25.769436 0.08896374
58833.700738 25.635895 0.086939115
58833.701314 25.808881 0.087958899
58833.701879 25.747223 0.12194131
58833.702433 25.530995 0.077969438
58833.702997 25.644473 0.06697394
58833.703569 25.737513 0.074960501
58833.704138 25.56097 0.069970539
58833.704693 25.893182 0.094970849
58833.705269 25.660066 0.07095511
58833.705842 25.723052 0.086960987
58833.706416 25.839727 0.097946208
58833.706995 25.674348 0.078968078
58833.70756 25.713896 0.0859641
58833.708139 25.777615 0.069968424
58833.708701 25.654068 0.071966097
58833.709269 25.646446 0.073953562
58833.709837 25.651572 0.068959859
58833.710398 25.730909 0.075953082
58833.710961 25.654344 0.084942358
58833.711531 25.712068 0.084948843
58833.712096 25.746525 0.082950335
58833.712678 25.817351 0.079941533
58833.713245 25.668641 0.07495252
58833.713811 25.71142 0.066953035
58833.71438 25.761055 0.079964678
58833.714942 25.629872 0.061967709
58833.715515 25.767099 0.078950689
58833.716099 25.68702 0.075970145
58833.716662 25.670984 0.06697144
58833.717217 25.635772 0.061933563
58833.717786 25.770746 0.07095219
58833.718352 25.757537 0.074959249
58833.718933 25.827998 0.092952256
58833.719515 25.650917 0.079954113
58833.720081 25.642292 0.080921946
58833.720652 25.767462 0.087939644
58833.721229 25.794618 0.076956445
58833.721798 25.623531 0.077935439
58833.722365 25.7969 0.071963319
58833.722938 25.631232 0.060967962
58833.723517 25.757853 0.070963747
58833.724095 25.670759 0.056968
58833.724659 25.747104 0.073949116
58833.725228 25.734098 0.068964855
58833.725794 25.622679 0.069946755
58833.726369 25.947347 0.095894932
58833.726949 25.634205 0.075853544
58833.727521 25.614825 0.066915617
58833.728085 25.799054 0.078931243
58833.728659 25.641605 0.064939276
58833.729226 25.841222 0.08394507
58833.729803 25.638759 0.071954971
58833.730359 25.657033 0.068945185
58833.730924 25.637282 0.057967894
58833.731502 25.673943 0.077951464
58833.732059 25.721314 0.085889677
58833.732632 25.812624 0.090903591
0.0 0.0 0.0
58833.733759 25.633176 0.083812542
58833.734321 25.614664 0.082906443
58833.734879 25.701011 0.097880128
58833.735444 25.907233 0.12484721
58833.736003 25.865718 0.12685064
58833.736571 25.711127 0.12585968
58833.737136 25.851012 0.12284336
58833.737691 25.698515 0.087919349
58833.738267 25.862026 0.11875064
58833.738823 25.775735 0.10286423
58833.739382 25.723107 0.095867091
58833.739948 25.634952 0.10284575
58833.740522 25.694088 0.096817767
58833.741085 25.747569 0.12268852
58833.741647 25.683998 0.089892633
58833.742215 25.865481 0.09691011
58833.742788 25.530814 0.080847878
58833.743365 25.773259 0.10390352
58833.743953 25.635224 0.10387502
58833.744526 25.76813 0.093860681
58833.745093 25.747777 0.079931089
58833.745664 25.6374 0.076935518
58833.746226 25.686261 0.074931356
58833.746789 25.742422 0.071947563
58833.747358 25.592929 0.063956293
58833.747921 25.688852 0.079953663
58833.748478 25.674473 0.063949351
58833.749035 25.73771 0.068958367
58833.749599 25.819785 0.079959535
58833.750168 25.6633 0.074893195
58833.750733 25.682996 0.074906679
58833.751298 25.692766 0.087875988
0.0 0.0 0.0
58833.752416 25.697337 0.081897041
58833.752988 25.729024 0.078907472
58833.753539 25.649665 0.073916841
58833.7541 25.740353 0.075947961
58833.754655 25.780207 0.068947219
58833.75523 25.669414 0.070960605
58833.755803 25.676837 0.081951831
58833.756377 25.784152 0.092957063
58833.756948 25.609861 0.07395269
58833.757519 25.686868 0.088958607
58833.758074 25.617715 0.067961186
58833.758639 25.70616 0.10493184
58833.759204 25.729331 0.1209104
58833.759765 25.730794 0.10395408
58833.760341 25.642435 0.085959239
58833.760921 25.700431 0.089955299
58833.761489 25.846757 0.12390766
58833.76205 25.719251 0.090956068
58833.762618 25.659879 0.089933503
58833.763196 25.667568 0.072969441
58833.763771 25.706991 0.082970085
58833.764345 25.634417 0.071964308
58833.764904 25.597421 0.074964802
58833.765469 25.661943 0.084967521
58833.766035 25.702581 0.091964266
58833.766604 25.627961 0.088960976
58833.767179 25.765137 0.090966664
58833.767754 25.4986 0.076972627
58833.768337 25.598484 0.072949554
58833.768906 25.640908 0.079963939
58833.769468 25.640123 0.092953202
58833.770037 25.577469 0.089961164
58833.770609 25.657203 0.097963706
58833.771176 25.641228 0.10091921
58833.77175 25.610102 0.090937897
58833.772312 25.940739 0.14492624
58833.772873 25.662345 0.12488065
58833.773436 25.581035 0.11985646
58833.774013 25.611954 0.13677874
58833.774581 25.682785 0.12785494
58833.775149 25.60262 0.11490601
58833.775718 25.690117 0.10889623
58833.776274 25.786862 0.12189187
58833.776849 25.483301 0.089938781
58833.777425 25.687118 0.11693881
58833.777996 25.765008 0.12890719
58833.778564 25.628262 0.10393959
58833.779126 25.909923 0.1369217
58833.779701 25.815958 0.13189718
58833.780275 25.716023 0.11390542
58833.780836 25.874166 0.13385121
58833.781394 25.692058 0.12689149
58833.781959 25.69612 0.10891494
58833.78252 25.643729 0.094926729
58833.783078 25.796772 0.1199044
58833.783656 25.433248 0.084933793
58833.784224 25.675372 0.10095282
58833.784791 25.765518 0.11294155
58833.785359 25.669752 0.087953511
58833.785923 25.657362 0.081957079
58833.786499 25.728597 0.099958168
58833.787075 25.72119 0.096945087
58833.787657 25.568777 0.094957428
58833.788243 25.797105 0.097949608
58833.788815 25.620073 0.085943834
58833.789431 25.657293 0.079963654
58833.789993 25.669852 0.086957464
58833.790558 25.749132 0.080976489
58833.791114 25.672424 0.084960825
58833.791692 25.741372 0.080973428
58833.792254 25.756017 0.078963636
58833.792819 25.795686 0.0849672
58833.793386 25.676341 0.071960002
58833.793945 25.635899 0.072965308
58833.794517 25.819327 0.072960332
58833.79508 25.820725 0.081960147
58833.795646 25.678478 0.072972871
58833.796225 25.750909 0.068971051
58833.79679 25.807789 0.073974231
58833.797352 25.593803 0.057976416
58833.797908 25.66909 0.059971718
58833.798484 25.717912 0.064972918
58833.799061 25.745599 0.06197646
58833.799624 25.585527 0.065955014
58833.800185 25.63049 0.058975611
58833.800756 25.667142 0.068966934
58833.801313 25.745915 0.073951877
58833.801876 25.589604 0.064964642
58833.802443 25.706059 0.069963608
58833.803031 25.5828 0.06097538
58833.803608 25.640697 0.067968947
58833.804175 25.677097 0.073974656
58833.804741 25.659758 0.074978164
58833.805316 25.698571 0.074977129
58833.805876 25.578424 0.066965693
58833.806445 25.730155 0.082976995
58833.807016 25.569446 0.070973605
58833.807582 25.57266 0.077960697
58833.80816 25.701697 0.084966824
0.0 0.0 0.0
58833.809281 25.663332 0.063967443
58833.809857 25.679636 0.073973811
58833.810432 25.669111 0.083975099
58833.811002 25.750276 0.097971488
58833.81157 25.68178 0.084973751
58833.812141 25.668975 0.075975259
58833.81271 25.631688 0.062977259
58833.813283 25.704998 0.072971403
58833.81385 25.70019 0.065973286
58833.814425 25.644745 0.075975097
58833.81499 25.760343 0.070978079
58833.815567 25.629536 0.065971664
58833.816133 25.73639 0.071975423
58833.816698 25.667067 0.075970251
58833.817289 25.633474 0.072951632
58833.817864 25.637977 0.086966138
58833.818429 25.655801 0.07396696
58833.819011 25.809985 0.079961724
58833.819573 25.530031 0.071961073
58833.820146 25.80338 0.079957353
58833.82073 25.741441 0.070965153
58833.821295 25.660159 0.078958793
58833.821869 25.673676 0.088970102
58833.822431 25.664163 0.08696771
58833.822986 25.567509 0.072972286
58833.823546 25.72524 0.094963808
58833.824122 25.831066 0.10895931
58833.82469 25.961703 0.11694797
58833.82527 25.594159 0.092969606
58833.825842 25.701876 0.10096737
0.0 0.0 0.0
58833.826987 25.684421 0.085964163
58833.827559 25.717188 0.089959725
58833.828123 25.598856 0.07996768
58833.828694 25.734768 0.081948935
58833.829263 25.892709 0.086960474
58833.829826 25.702525 0.077959424
58833.830398 25.969182 0.10493941
58833.830961 25.70962 0.082946991
58833.831526 25.750279 0.070966796
58833.832097 25.658089 0.085959243
58833.83267 25.616577 0.068951745
58833.833228 25.669573 0.060964664
58833.833798 25.753272 0.077961268
58833.834371 25.650602 0.080941394
58833.834936 25.723919 0.069961512
58833.83551 25.679011 0.065956526
58833.836083 25.730741 0.08096728
58833.836648 25.574311 0.070941621
58833.837231 25.82014 0.088961048
58833.837806 25.67904 0.079929429
58833.83839 25.684058 0.077947086
58833.838952 25.730781 0.094925924
58833.839512 25.562326 0.074958764
58833.840078 25.545288 0.092959163
58833.840638 25.553843 0.079952469
58833.841214 25.769116 0.092963511
58833.841784 25.672422 0.087968782
58833.842354 25.776064 0.087966119
58833.842932 25.694393 0.083962195
58833.8435 25.661043 0.08495895
58833.844068 25.589812 0.078968461
0.0 0.0 0.0
58833.845192 25.713332 0.083970659
58833.845764 25.70199 0.090976896
58833.846315 25.721522 0.086972179
58833.846882 25.601482 0.083974483
58833.847447 25.617705 0.07797426
58833.848017 25.656829 0.097960155
58833.848583 25.732835 0.10796817
58833.849139 25.546966 0.09396536
58833.849713 25.76758 0.10795623
58833.850286 25.566742 0.084970528
