HJD mag magerr
0.0 0.0 0.0
58833.526938 25.341207 0.17365966
58833.527497 25.33823 0.15186216
58833.528073 25.400472 0.16669653
58833.52864 25.30327 0.11182352
58833.529223 25.314739 0.14743754
0.0 0.0 0.0
58833.530369 25.339505 0.10470476
58833.530936 25.330492 0.083829942
58833.531508 25.45332 0.08087488
58833.532068 25.470001 0.076898148
58833.532639 25.35311 0.070816401
58833.533201 25.590561 0.075908142
58833.533765 25.492687 0.070927615
58833.534319 25.196526 0.074752367
58833.534878 25.392777 0.073741682
0.0 0.0 0.0
58833.536022 25.3437 0.058924665
58833.536586 25.360785 0.050933877
58833.537148 25.437221 0.049939808
58833.537706 25.411967 0.056868656
58833.538275 25.499119 0.054918601
58833.538843 25.343763 0.042940712
58833.539403 25.400663 0.046915329
58833.539961 25.437071 0.043887276
58833.540691 25.380915 0.043946209
58833.54127 25.379729 0.044940215
58833.541834 25.362952 0.040953334
58833.542384 25.341636 0.042954956
58833.542946 25.401018 0.039926587
58833.543507 25.405296 0.039961283
58833.544071 25.396947 0.038965533
58833.544644 25.442373 0.041941237
58833.545206 25.400018 0.039939065
58833.545767 25.414406 0.038962298
58833.54634 25.421886 0.034968006
58833.546924 25.306714 0.041938463
58833.547488 25.466653 0.045912719
58833.548053 25.486816 0.039927661
58833.548633 25.386527 0.033961063
58833.549203 25.353299 0.034956583
58833.549779 25.424263 0.031964424
58833.550355 25.511957 0.044956319
58833.550911 25.363122 0.035950229
58833.551466 25.41765 0.03793117
58833.552025 25.401451 0.045921446
58833.552609 25.333989 0.043914006
58833.553172 25.402259 0.043930302
58833.553736 25.358393 0.035929874
58833.554298 25.341329 0.033968398
58833.554862 25.409813 0.036969158
58833.55542 25.339912 0.038969102
58833.556007 25.35437 0.039980573
58833.556565 25.44488 0.046977034
58833.557125 25.365251 0.040968774
58833.557676 25.328954 0.048974474
58833.558245 25.371038 0.042955825
58833.558811 25.44555 0.041957069
58833.559373 25.322803 0.040907498
58833.559928 25.297602 0.043833309
58833.560497 25.410512 0.056715522
58833.561052 25.423115 0.043904618
58833.561629 25.288838 0.043855502
58833.562183 25.403727 0.043915532
58833.562742 25.448142 0.041938135
58833.563315 25.360334 0.043951068
58833.563889 25.41491 0.046852363
58833.564461 25.338725 0.052736812
58833.565019 25.401976 0.034939692
58833.565576 25.393341 0.029983692
0.0 0.0 0.0
58833.566722 25.323842 0.033920342
58833.56729 25.443545 0.03894438
58833.56785 25.396596 0.039916195
58833.568406 25.349642 0.029968567
58833.568961 25.438348 0.034970764
58833.569533 25.353225 0.029969817
58833.570095 25.401159 0.028977023
58833.57065 25.392266 0.029985599
58833.57121 25.395179 0.033969791
58833.571768 25.377344 0.032961079
58833.572322 25.459561 0.03397426
58833.572898 25.407522 0.035954285
58833.573468 25.388771 0.039899191
58833.574037 25.388433 0.040902359
0.0 0.0 0.0
58833.575159 25.435179 0.060538241
58833.575726 25.359274 0.043845573
58833.576286 25.358143 0.044880985
58833.576839 25.401311 0.040883247
58833.577403 25.419995 0.036930113
58833.577964 25.407519 0.037933121
58833.578544 25.321247 0.034946967
58833.579114 25.400853 0.037903931
58833.579688 25.377445 0.038911729
58833.580238 25.491017 0.044884363
58833.58081 25.433798 0.042870961
58833.581375 25.387753 0.04284035
58833.581944 25.292786 0.033927762
58833.582509 25.387307 0.032950864
58833.58308 25.304239 0.038905045
58833.583647 25.389919 0.045828118
58833.584215 25.298345 0.048794079
58833.584762 25.499395 0.042868689
0.0 0.0 0.0
58833.585886 25.399105 0.034936351
58833.586442 25.368204 0.039899326
58833.587001 25.424054 0.041838138
58833.587566 25.404505 0.054822979
58833.58814 25.383972 0.053804638
58833.588711 25.371203 0.028982895
58833.589285 25.352488 0.03592647
58833.589857 25.433792 0.047704577
58833.590423 25.243907 0.046677016
58833.590994 25.310846 0.057806073
0.0 0.0 0.0
58833.592112 25.44247 0.0676943
0.0 0.0 0.0
0.0 0.0 0.0
58833.593796 25.434478 0.082780869
0.0 0.0 0.0
0.0 0.0 0.0
0.0 0.0 0.0
58833.596082 26.01426 0.095848633
58833.596665 25.437425 0.063857823
58833.597231 25.411439 0.051840109
58833.597797 25.497798 0.049894605
58833.59838 25.407062 0.040914427
58833.598947 25.32574 0.036932269
58833.599512 25.374077 0.043907887
58833.60009 25.37335 0.044934984
58833.600655 25.416945 0.04594305
58833.601221 25.385432 0.037945024
58833.601788 25.436525 0.049907023
58833.602358 25.453081 0.044924183
58833.602926 25.367828 0.044924888
58833.60349 25.30619 0.058794966
58833.604047 25.358873 0.041927949
58833.604615 25.406801 0.05488064
58833.605171 25.297245 0.058861624
58833.605736 25.333308 0.05387986
58833.606292 25.48902 0.060865577
58833.606846 25.451068 0.051854678
0.0 0.0 0.0
58833.607972 25.286964 0.050835178
58833.608554 25.336984 0.055841708
58833.609122 25.481663 0.060866935
0.0 0.0 0.0
58833.61027 25.3812 0.043888154
58833.610843 25.317919 0.040884121
0.0 0.0 0.0
58833.611993 25.33569 0.043856209
58833.612577 25.485579 0.046839534
58833.613137 25.389159 0.048817148
58833.613696 25.251435 0.043760564
0.0 0.0 0.0
0.0 0.0 0.0
58833.615407 25.329421 0.049764346
58833.615983 25.363278 0.04586053
58833.616534 25.540843 0.04880889
58833.617093 25.40214 0.053873577
58833.617655 25.404713 0.047908954
58833.618216 25.316182 0.045903438
58833.618781 25.345567 0.040946024
58833.619336 25.303893 0.045917583
58833.619908 25.347203 0.04890561
58833.620489 25.366049 0.049916819
58833.621073 25.458546 0.045913019
58833.621643 25.378521 0.050835202
58833.622212 25.432165 0.044910914
58833.622786 25.43537 0.052800967
58833.623339 25.393404 0.048890368
58833.623898 25.370848 0.045906363
58833.624467 25.441956 0.044924682
58833.625042 25.393078 0.047910116
58833.625625 25.384607 0.041943373
58833.626195 25.395583 0.037940587
58833.626758 25.370493 0.047921527
58833.627345 25.407432 0.039950636
58833.627901 25.458015 0.047964125
58833.628481 25.45322 0.042947846
58833.629058 25.402718 0.038960884
58833.629625 25.333273 0.037953798
58833.630194 25.392416 0.039955774
58833.630754 25.32689 0.03896149
58833.631339 25.269832 0.040920239
58833.631919 25.328453 0.050828299
58833.632476 25.274099 0.049828756
58833.633035 25.469951 0.051819602
58833.633609 25.382744 0.046897092
58833.634176 25.347704 0.059926566
58833.63477 25.409684 0.053851618
58833.63533 25.391027 0.041959402
58833.635896 25.359746 0.04592659
58833.636454 25.374301 0.040945214
58833.637031 25.322272 0.042879089
58833.637603 25.371472 0.046906435
58833.638178 25.438045 0.046887879
58833.638751 25.390002 0.044950462
58833.639317 25.476257 0.048952046
58833.639885 25.417047 0.040966651
58833.640451 25.372615 0.037976942
58833.641017 25.406821 0.038964011
58833.641587 25.359684 0.038962836
58833.642165 25.378383 0.045960421
58833.642733 25.355377 0.042955299
58833.643298 25.404395 0.049950166
58833.643881 25.45779 0.03995729
58833.644463 25.378396 0.039963337
58833.645038 25.373928 0.037959459
58833.645621 25.420406 0.040935611
58833.646196 25.471227 0.044932711
58833.646775 25.397448 0.04396839
58833.647352 25.407293 0.041968502
58833.647947 25.331551 0.044948857
58833.648518 25.393432 0.041974296
58833.649091 25.439707 0.042936054
58833.649661 25.439795 0.043971759
58833.650234 25.40729 0.041972806
58833.650812 25.411284 0.040963816
58833.651385 25.359941 0.04593059
58833.651942 25.412746 0.042955962
58833.652501 25.388268 0.044966535
58833.653051 25.32106 0.042944773
58833.653627 25.354177 0.042971613
58833.654196 25.488531 0.053952705
58833.654761 25.432963 0.042959961
58833.655332 25.369715 0.042958789
58833.655903 25.401565 0.041964899
58833.656459 25.313286 0.038976177
58833.657018 25.381185 0.040971116
58833.657575 25.458008 0.045972926
58833.658134 25.353085 0.043967095
58833.658729 25.330339 0.041960946
58833.659291 25.455749 0.045972392
58833.659866 25.34261 0.040973687
58833.660428 25.432882 0.048969168
58833.660996 25.371106 0.042961023
58833.661568 25.340145 0.045961642
58833.662129 25.411876 0.045958501
58833.662686 25.412208 0.062937747
58833.663254 25.369724 0.040973154
58833.663845 25.429318 0.063942981
58833.664399 25.356847 0.049954867
58833.664959 25.378707 0.051971168
58833.66553 25.291962 0.042976472
58833.666087 25.430197 0.044981372
58833.666661 25.334486 0.043978008
58833.66724 25.300945 0.031982516
58833.667808 25.391685 0.046977184
58833.668374 25.352108 0.044982359
58833.66894 25.391622 0.046976817
58833.669515 25.492223 0.050974471
58833.670105 25.377569 0.055962451
58833.670664 25.488318 0.052953972
58833.671231 25.388595 0.052960878
58833.671792 25.309074 0.048959632
58833.672357 25.45738 0.058951409
58833.672921 25.417235 0.054951665
58833.6735 25.358619 0.043976871
58833.674063 25.324716 0.048975029
58833.674632 25.407002 0.050952629
58833.675223 25.396175 0.060897072
58833.67579 25.436375 0.06094455
58833.67635 25.343587 0.055932438
58833.676916 25.440265 0.069953989
58833.677484 25.353885 0.060951034
58833.678056 25.367143 0.067940131
58833.678616 25.444396 0.083838368
58833.679182 25.3431 0.074852906
0.0 0.0 0.0
58833.680323 25.4188 0.097552915
0.0 0.0 0.0
58833.681455 25.23764 0.077659368
0.0 0.0 0.0
58833.682591 25.191717 0.076689021
58833.683157 25.383169 0.081863274
58833.683728 25.364458 0.075855785
0.0 0.0 0.0
58833.684864 25.305506 0.06591275
58833.685427 25.321353 0.068915778
58833.686006 25.549008 0.085870851
58833.68663 25.423247 0.065945446
58833.687197 25.332061 0.064944924
58833.687766 25.433449 0.060916782
58833.688335 25.422375 0.064949045
58833.6889 25.403494 0.063958881
58833.689473 25.394437 0.075936511
58833.690035 25.335567 0.060928647
58833.690606 25.308374 0.05793755
58833.691182 25.450059 0.068923818
58833.691769 25.38805 0.061918818
58833.692334 25.359958 0.068870145
58833.692912 25.409253 0.07191109
58833.693482 25.361495 0.057929721
58833.694055 25.425006 0.059947942
58833.694629 25.280799 0.055931618
58833.695214 25.278061 0.064945386
58833.695788 25.464881 0.062938097
58833.696709 25.394468 0.071940017
58833.697282 25.287038 0.069857475
58833.697854 25.349097 0.064927284
58833.698426 25.327003 0.06693997
58833.698997 25.340886 0.079947107
58833.699574 25.4415 0.074947405
58833.700162 25.326436 0.06096468
58833.700738 25.615895 0.089939028
58833.701314 25.348881 0.067959582
58833.701879 25.458223 0.10294163
58833.702433 25.366995 0.066969763
58833.702997 25.416473 0.057974258
58833.703569 25.403513 0.056961162
58833.704138 25.35297 0.049971436
58833.704693 25.336182 0.057971829
58833.705269 25.379066 0.062955428
58833.705842 25.401052 0.066961655
58833.706416 25.389727 0.076946936
58833.706995 25.408348 0.057968829
58833.70756 25.360896 0.064964776
58833.708139 25.394615 0.053969129
58833.708701 25.342068 0.056966744
58833.709269 25.431446 0.055954369
58833.709837 25.492572 0.070959775
58833.710398 25.304909 0.057953841
58833.710961 25.477344 0.077942659
58833.711531 25.301068 0.067949596
58833.712096 25.334525 0.062951297
58833.712678 25.402351 0.063942243
58833.713245 25.393641 0.065952961
58833.713811 25.48342 0.064953121
58833.71438 25.367055 0.053965776
58833.714942 25.359872 0.052968187
58833.715515 25.260099 0.044952624
58833.716099 25.39702 0.051971093
58833.716662 25.433984 0.074971207
58833.717217 25.473772 0.054933951
58833.717786 25.401746 0.056952854
58833.718352 25.344537 0.057960074
58833.718933 25.356998 0.061953538
58833.719515 25.346917 0.054955459
58833.720081 25.376292 0.062923021
58833.720652 25.304462 0.053941342
58833.721229 25.380618 0.055957544
0.0 0.0 0.0
58833.722365 25.4059 0.048964591
58833.722938 25.379232 0.049968593
58833.723517 25.450853 0.055964464
58833.724095 25.318759 0.046968667
58833.724659 25.414104 0.052950547
58833.725228 25.410098 0.052965671
58833.725794 25.353679 0.059947417
58833.726369 25.536347 0.062897132
58833.726949 25.291205 0.056855331
0.0 0.0 0.0
58833.728085 25.431054 0.064931973
58833.728659 25.480605 0.06893906
58833.729226 25.339222 0.055946355
58833.729803 25.434759 0.065955263
58833.730359 25.458033 0.064945379
58833.730924 25.433282 0.051968245
58833.731502 25.424943 0.065952039
58833.732059 25.373314 0.067891776
58833.732632 25.425624 0.070904726
58833.733194 25.424216 0.062915376
0.0 0.0 0.0
58833.734321 25.332664 0.067907405
58833.734879 25.184011 0.063882618
58833.735444 25.374233 0.082849472
58833.736003 25.242718 0.079853167
58833.736571 25.325127 0.087861429
58833.737136 25.442012 0.089845063
0.0 0.0 0.0
58833.738267 25.405026 0.089752365
58833.738823 25.281735 0.06586704
58833.739382 25.196107 0.064869628
0.0 0.0 0.0
58833.740522 25.313088 0.081819065
0.0 0.0 0.0
58833.741647 25.401998 0.079893196
58833.742215 25.313481 0.06091221
0.0 0.0 0.0
58833.743365 25.333259 0.073905356
58833.743953 25.338224 0.074876757
58833.744526 25.29313 0.06486243
58833.745093 25.384777 0.063931929
58833.745664 25.4364 0.064936308
58833.746226 25.486261 0.071931504
58833.746789 25.375422 0.055948653
58833.747358 25.423929 0.064956238
58833.747921 25.360852 0.05995465
58833.748478 25.366473 0.053949955
58833.749035 25.44571 0.058958903
58833.749599 25.311785 0.055960651
58833.750168 25.3963 0.068893682
58833.750733 25.444996 0.064907434
58833.751298 25.393766 0.064877921
58833.751854 25.35267 0.074781428
58833.752416 25.365337 0.06189863
58833.752988 25.335024 0.059908938
58833.753539 25.353665 0.065917378
58833.7541 25.378353 0.056949144
58833.754655 25.344207 0.052948162
58833.75523 25.369414 0.056961318
58833.755803 25.341837 0.066952493
58833.756377 25.519152 0.079957428
58833.756948 25.393861 0.063953082
58833.757519 25.422868 0.076958963
58833.758074 25.371715 0.06696123
58833.758639 25.40916 0.067933569
58833.759204 25.420331 0.094911123
58833.759765 25.477794 0.078954757
58833.760341 25.369435 0.068959821
58833.760921 25.272431 0.063956307
58833.761489 25.426757 0.095908677
58833.76205 25.470251 0.073956614
58833.762618 25.365879 0.067934413
58833.763196 25.447568 0.070969515
58833.763771 25.485991 0.070970389
58833.764345 25.460417 0.065964539
58833.764904 25.366421 0.066965087
58833.765469 25.338943 0.061968236
58833.766035 25.378581 0.066964983
58833.766604 25.470961 0.071961488
58833.767179 25.465137 0.072967109
58833.767754 25.3506 0.064973037
58833.768337 25.475484 0.068949711
58833.768906 25.367908 0.06396464
58833.769468 25.483123 0.079953601
58833.770037 25.387469 0.070961734
58833.770609 25.352203 0.068964469
58833.771176 25.612228 0.097919324
58833.77175 25.338102 0.076938507
58833.772312 25.458739 0.094927484
58833.772873 25.464345 0.099881507
58833.773436 25.316035 0.097857427
58833.774013 25.241954 0.099780218
58833.774581 25.414785 0.091856036
58833.775149 25.35562 0.095906594
58833.775718 25.356117 0.087897059
58833.776274 25.420862 0.094892779
58833.776849 25.398301 0.092938674
58833.777425 25.460118 0.10193917
58833.777996 25.433008 0.096908039
58833.778564 25.452262 0.10193964
58833.779126 25.322923 0.081923506
58833.779701 25.380958 0.085898677
58833.780275 25.373023 0.089906223
58833.780836 25.476166 0.10085251
58833.781394 25.477058 0.10689224
58833.781959 25.46812 0.081916174
58833.78252 25.416729 0.090926854
58833.783078 25.353772 0.088905399
58833.783656 25.476248 0.089933581
58833.784224 25.389372 0.083953486
58833.784791 25.375518 0.077942665
58833.785359 25.400752 0.074954067
58833.785923 25.365362 0.06795762
58833.786499 25.349597 0.077958872
0.0 0.0 0.0
58833.787657 25.527777 0.093957456
58833.788243 25.463105 0.090949798
58833.788815 25.349073 0.066944543
58833.789431 25.346293 0.059964427
58833.789993 25.511852 0.071957969
58833.790558 25.412132 0.064977011
58833.791114 25.413424 0.076961116
58833.791692 25.406372 0.070973713
58833.792254 25.339017 0.055964611
58833.792819 25.385686 0.064967932
58833.793386 25.441341 0.061960465
58833.793945 25.329899 0.056966159
58833.794517 25.412327 0.056961126
58833.79508 25.454725 0.066960695
58833.795646 25.336478 0.047974127
58833.796225 25.359909 0.050971839
58833.79679 25.437789 0.056974891
58833.797352 25.381803 0.050976791
58833.797908 25.35909 0.05497195
58833.798484 25.384912 0.053973371
58833.799061 25.363599 0.047977199
58833.799624 25.404527 0.058955341
58833.800185 25.40449 0.050976045
58833.800756 25.347142 0.051967767
58833.801313 25.374915 0.054952778
58833.801876 25.418604 0.058964935
58833.802443 25.373059 0.062963907
58833.803031 25.3628 0.056975566
58833.803608 25.333697 0.053969574
58833.804175 25.367097 0.054975411
58833.804741 25.393758 0.053979013
58833.805316 25.453571 0.055977786
58833.805876 25.364424 0.058966058
58833.806445 25.406155 0.062977637
58833.807016 25.383446 0.05697419
58833.807582 25.39666 0.062961308
58833.80816 25.340697 0.059967833
58833.808724 25.39584 0.06897705
58833.809281 25.459332 0.060967575
58833.809857 25.375636 0.052974708
58833.810432 25.344111 0.057975926
58833.811002 25.431276 0.070972153
58833.81157 25.33578 0.064974336
58833.812141 25.432975 0.070975401
58833.81271 25.390688 0.056977507
58833.813283 25.420998 0.055972162
58833.81385 25.37919 0.046974174
58833.814425 25.492745 0.055975839
58833.81499 25.382343 0.05797852
58833.815567 25.468536 0.061971842
58833.816133 25.43239 0.058975902
58833.816698 25.329067 0.060970857
58833.817289 25.398474 0.065951907
58833.817864 25.477977 0.074966516
58833.818429 25.575801 0.0659673
58833.819011 25.413985 0.06396233
58833.819573 25.523031 0.065961326
58833.820146 25.42138 0.06395803
58833.82073 25.359441 0.057965727
58833.821295 25.535159 0.072959008
58833.821869 25.339676 0.074970482
58833.822431 25.413163 0.079967906
58833.822986 25.511509 0.078972107
58833.823546 25.39624 0.086964017
58833.824122 25.417066 0.070960274
58833.82469 25.433703 0.083948605
58833.82527 25.607159 0.1019694
58833.825842 25.332876 0.073968076
58833.826414 25.323842 0.081956016
0.0 0.0 0.0
58833.827559 25.486188 0.082959909
58833.828123 25.348856 0.061968412
58833.828694 25.311768 0.064949565
58833.829263 25.385709 0.066961151
58833.829826 25.362525 0.065959904
58833.830398 25.418182 0.066940632
58833.830961 25.32262 0.055948203
58833.831526 25.343279 0.05496751
58833.832097 25.321089 0.058960341
58833.83267 25.352577 0.052952606
58833.833228 25.320573 0.060964664
58833.833798 25.308272 0.049962726
58833.834371 25.492602 0.074941683
58833.834936 25.383919 0.054962302
58833.83551 25.439011 0.063956633
58833.836083 25.394741 0.060968106
58833.836648 25.452311 0.062942035
58833.837231 25.45614 0.064961854
58833.837806 25.42904 0.070929993
58833.83839 25.409058 0.064947934
58833.838952 25.456781 0.078926696
58833.839512 25.445326 0.074958764
58833.840078 25.352288 0.078959631
58833.840638 25.376843 0.058953299
58833.841214 25.434116 0.066964436
58833.841784 25.398422 0.06096975
58833.842354 25.356064 0.062967059
58833.842932 25.430393 0.066962898
58833.8435 25.366043 0.06895951
58833.844068 25.414812 0.066968905
58833.84464 25.467823 0.071967933
58833.845192 25.466332 0.072970981
58833.845764 25.51099 0.073977312
58833.846315 25.504522 0.076972431
58833.846882 25.408482 0.069974855
58833.847447 25.368705 0.071974461
58833.848017 25.332829 0.077960661
58833.848583 25.494835 0.08796856
58833.849139 25.378966 0.07896578
0.0 0.0 0.0
58833.850286 25.510742 0.094970309
