HJD mag magerr
0.0 0.0 0.0
58833.526938 25.420207 0.18665919
0.0 0.0 0.0
58833.528073 25.361472 0.16969641
58833.52864 25.39527 0.11382342
58833.529223 25.439739 0.1794358
58833.529794 25.224112 0.13746129
58833.530369 25.350505 0.11170411
58833.530936 25.327492 0.085829762
58833.531508 25.43232 0.081874808
58833.532068 25.419001 0.070898583
58833.532639 25.38211 0.070816401
58833.533201 25.392561 0.069908547
58833.533765 25.380687 0.06692793
58833.534319 25.361526 0.083750971
58833.534878 25.353777 0.069742487
58833.535457 25.441765 0.074814034
58833.536022 25.5157 0.061924332
58833.536586 25.360785 0.049934025
58833.537148 25.384221 0.04893995
58833.537706 25.386967 0.060868019
58833.538275 25.380119 0.05291884
58833.538843 25.438763 0.047939849
58833.539403 25.423663 0.044915696
58833.539961 25.385071 0.042887471
58833.540691 25.435915 0.043946209
58833.54127 25.459729 0.044940215
58833.541834 25.390952 0.040953334
58833.542384 25.404636 0.044954613
58833.542946 25.420018 0.043925782
58833.543507 25.461296 0.039961283
58833.544071 25.448947 0.038965533
58833.544644 25.416373 0.040941401
58833.545206 25.381018 0.043938202
58833.545767 25.422406 0.038962298
58833.54634 25.412886 0.039967249
58833.546924 25.463714 0.043938055
58833.547488 25.383653 0.040913807
58833.548053 25.429816 0.040927382
58833.548633 25.341527 0.036960431
58833.549203 25.405299 0.037956074
58833.549779 25.392263 0.036963375
58833.550355 25.434957 0.043956451
58833.550911 25.424122 0.040949376
58833.551466 25.41265 0.039930717
58833.552025 25.465451 0.047921122
58833.552609 25.421989 0.041914576
58833.553172 25.413259 0.042930526
58833.553736 25.355393 0.039928879
58833.554298 25.422329 0.037967597
58833.554862 25.420813 0.036969158
58833.55542 25.377912 0.042968639
58833.556007 25.35437 0.036980877
58833.556565 25.37288 0.039977657
58833.557125 25.365251 0.041968662
58833.557676 25.439954 0.045974714
58833.558245 25.430038 0.044955548
58833.558811 25.34655 0.037957745
58833.559373 25.437803 0.044906539
58833.559928 25.354602 0.048831501
58833.560497 25.395512 0.058714786
58833.561052 25.423115 0.049903422
58833.561629 25.368838 0.048853043
58833.562183 25.446727 0.047914793
58833.562742 25.443142 0.040938358
58833.563315 25.390334 0.045950778
58833.563889 25.44891 0.051850589
58833.564461 25.263725 0.046739703
58833.565019 25.435976 0.037938406
58833.565576 25.378341 0.030983561
58833.566153 25.35961 0.041905552
58833.566722 25.312842 0.035919446
58833.56729 25.348545 0.037944622
58833.56785 25.351596 0.036917733
58833.568406 25.405642 0.033967478
58833.568961 25.341348 0.029971743
58833.569533 25.337225 0.030969627
58833.570095 25.432159 0.029976821
58833.57065 25.387266 0.03098546
58833.57121 25.395179 0.031970095
58833.571768 25.388344 0.032961079
58833.572322 25.366561 0.031974591
0.0 0.0 0.0
58833.573468 25.404771 0.040898888
58833.574037 25.398433 0.041902004
58833.574593 25.375669 0.039920875
58833.575159 25.464179 0.061537551
58833.575726 25.372274 0.043845573
58833.576286 25.365143 0.040883519
58833.576839 25.323311 0.035885239
58833.577403 25.387995 0.036930113
58833.577964 25.377519 0.04093248
58833.578544 25.387247 0.039945708
58833.579114 25.406853 0.036904174
58833.579688 25.395445 0.039911447
58833.580238 25.473017 0.047883622
58833.58081 25.399798 0.043870635
58833.581375 25.368753 0.04284035
58833.581944 25.426786 0.038925917
58833.582509 25.378307 0.036949753
58833.58308 25.390239 0.042903933
58833.583647 25.418919 0.048827061
58833.584215 25.461345 0.056789914
58833.584762 25.453395 0.044867345
58833.585316 25.417984 0.04283727
58833.585886 25.458105 0.036935688
58833.586442 25.403204 0.038899647
58833.587001 25.399054 0.043837551
58833.587566 25.362505 0.056822346
58833.58814 25.513972 0.057803555
58833.588711 25.437203 0.028982895
58833.589285 25.477488 0.0369255
58833.589857 25.547792 0.055699381
58833.590423 25.444907 0.055671905
58833.590994 25.359846 0.055806738
58833.591559 25.30054 0.065734924
58833.592112 25.31347 0.057697574
58833.592665 25.441567 0.069707778
58833.593224 25.373883 0.066646815
58833.593796 25.544478 0.08877957
58833.594369 25.525078 0.095448561
58833.59492 25.326824 0.077671304
58833.595528 25.465706 0.068737907
58833.596082 25.39426 0.057853883
58833.596665 25.441425 0.059858619
58833.597231 25.393439 0.051840109
58833.597797 25.427798 0.04689521
58833.59838 25.413062 0.040914427
58833.598947 25.37574 0.037932023
58833.599512 25.439077 0.042908117
58833.60009 25.41135 0.043935182
58833.600655 25.443945 0.047942816
58833.601221 25.395432 0.037945024
58833.601788 25.417525 0.049907023
58833.602358 25.343081 0.039925182
58833.602926 25.376828 0.046924464
58833.60349 25.37419 0.05979472
58833.604047 25.349873 0.039928364
58833.604615 25.446801 0.053880813
58833.605171 25.436245 0.056862076
58833.605736 25.436308 0.050880431
58833.606292 25.37302 0.05486659
58833.606846 25.441068 0.054854011
58833.607409 25.443683 0.055867782
58833.607972 25.534964 0.056833685
58833.608554 25.532984 0.064840058
58833.609122 25.432663 0.05286833
58833.609691 25.427217 0.055852702
58833.61027 25.4462 0.045887637
58833.610843 25.344919 0.041883793
58833.611415 25.457683 0.044783389
58833.611993 25.40869 0.042856571
58833.612577 25.417579 0.044840239
58833.613137 25.423159 0.048817148
58833.613696 25.359435 0.04575943
58833.614278 25.375595 0.04384318
58833.614853 25.336338 0.046807617
58833.615407 25.395421 0.047764973
58833.615983 25.417278 0.049859419
58833.616534 25.575843 0.049808536
58833.617093 25.47714 0.060872433
58833.617655 25.412713 0.048908779
58833.618216 25.370182 0.043903881
58833.618781 25.355567 0.046944996
58833.619336 25.433893 0.048917084
58833.619908 25.413203 0.051905117
58833.620489 25.462049 0.045917469
58833.621073 25.392546 0.043913418
58833.621643 25.391521 0.054834487
58833.622212 25.378165 0.044910914
58833.622786 25.40337 0.060799494
58833.623339 25.448404 0.05288962
58833.623898 25.437848 0.05390501
58833.624467 25.471956 0.048924058
58833.625042 25.385078 0.045910486
58833.625625 25.331607 0.037944265
58833.626195 25.392583 0.040940019
58833.626758 25.427493 0.047921527
58833.627345 25.406432 0.040950489
58833.627901 25.438015 0.03896516
58833.628481 25.41422 0.038948445
58833.629058 25.328718 0.038960884
58833.629625 25.405273 0.039953495
58833.630194 25.400416 0.042955402
58833.630754 25.39989 0.041961045
58833.631339 25.417832 0.045918937
58833.631919 25.375453 0.055826975
58833.632476 25.396099 0.054827374
58833.633035 25.514951 0.052819312
58833.633609 25.339744 0.047896884
58833.634176 25.410704 0.063926156
58833.63477 25.383684 0.049852286
58833.63533 25.346027 0.041959402
58833.635896 25.423746 0.044926754
58833.636454 25.380301 0.039945376
58833.637031 25.420272 0.047878142
58833.637603 25.392472 0.046906435
58833.638178 25.410045 0.045888044
58833.638751 25.390002 0.044950462
58833.639317 25.361257 0.042952666
58833.639885 25.378047 0.038966913
58833.640451 25.361615 0.036977049
58833.641017 25.360821 0.039963897
58833.641587 25.373684 0.039962684
58833.642165 25.433383 0.04796021
58833.642733 25.433377 0.043955188
58833.643298 25.369395 0.048950256
58833.643881 25.37879 0.040957163
58833.644463 25.378396 0.037963575
58833.645038 25.447928 0.042958851
58833.645621 25.511406 0.050934628
58833.646196 25.372227 0.045932608
58833.646775 25.371448 0.042968491
58833.647352 25.334293 0.040968615
58833.647947 25.350551 0.043948977
58833.648518 25.455432 0.044974048
58833.649091 25.390707 0.04193617
58833.649661 25.410795 0.043971759
58833.650234 25.37229 0.042972713
58833.650812 25.407284 0.04296362
58833.651385 25.378941 0.042930927
58833.651942 25.401746 0.042955962
58833.652501 25.382268 0.042966743
58833.653051 25.40306 0.045944505
58833.653627 25.364177 0.042971613
58833.654196 25.402531 0.047953181
58833.654761 25.398963 0.038960419
58833.655332 25.361715 0.041958897
58833.655903 25.384565 0.044964637
58833.656459 25.416286 0.051975245
58833.657018 25.431185 0.04497082
58833.657575 25.346008 0.045972926
58833.658134 25.413085 0.047966725
58833.658729 25.346339 0.041960946
58833.659291 25.399749 0.042972642
58833.659866 25.35861 0.041973593
58833.660428 25.423882 0.045969406
58833.660996 25.413106 0.046960666
58833.661568 25.392145 0.048961343
58833.662129 25.307876 0.047958331
58833.662686 25.521208 0.066937509
58833.663254 25.377724 0.041973058
58833.663845 25.435318 0.059943222
58833.664399 25.363847 0.048954949
58833.664959 25.344707 0.046971504
58833.66553 25.422962 0.048976073
58833.666087 25.353197 0.042981512
58833.666661 25.316486 0.045977878
58833.66724 25.383945 0.03898184
58833.667808 25.362685 0.048977069
58833.668374 25.386108 0.045982298
58833.66894 25.375622 0.049976646
58833.669515 25.420223 0.048974587
58833.670105 25.396569 0.056962386
58833.670664 25.474318 0.048954281
58833.671231 25.472595 0.058960463
58833.671792 25.405074 0.052959278
58833.672357 25.48038 0.061951245
58833.672921 25.341235 0.052951806
58833.6735 25.373619 0.051976291
58833.674063 25.401716 0.046975154
58833.674632 25.362002 0.054952338
58833.675223 25.447175 0.062896921
58833.67579 25.399375 0.058944677
58833.67635 25.400587 0.059932101
58833.676916 25.380265 0.055955047
58833.677484 25.523885 0.069950491
58833.678056 25.369143 0.059940748
58833.678616 25.407396 0.073839374
58833.679182 25.4541 0.075852837
58833.679761 25.413268 0.081846579
58833.680323 25.2828 0.086554496
58833.680894 25.410118 0.083848519
58833.681455 25.43064 0.097656941
58833.68202 25.4366 0.083747668
58833.682591 25.330717 0.082688217
58833.683157 25.376169 0.080863352
58833.683728 25.464458 0.080855331
58833.68429 25.386252 0.083737998
58833.684864 25.367506 0.069912448
58833.685427 25.423353 0.074915395
58833.686006 25.342008 0.063872232
58833.68663 25.463247 0.072945133
58833.687197 25.382061 0.064944924
58833.687766 25.419449 0.068916141
58833.688335 25.370375 0.060949317
58833.6889 25.297494 0.057959234
58833.689473 25.452437 0.069936789
58833.690035 25.375567 0.066928222
58833.690606 25.439374 0.064936927
58833.691182 25.463059 0.066923949
58833.691769 25.47305 0.064918572
58833.692334 25.515958 0.077869288
58833.692912 25.298253 0.05791229
58833.693482 25.393495 0.059929553
58833.694055 25.474006 0.063947653
58833.694629 25.454799 0.068930671
58833.695214 25.428061 0.062945494
58833.695788 25.346881 0.064937975
58833.696709 25.464468 0.073939903
58833.697282 25.412038 0.08285662
58833.697854 25.428097 0.073926744
58833.698426 25.506003 0.074939594
58833.698997 25.477886 0.081947026
58833.699574 25.3645 0.06294793
58833.700162 25.329436 0.06096468
58833.700738 25.399895 0.076939457
58833.701314 25.467881 0.075959262
58833.701879 25.326223 0.077942295
58833.702433 25.305995 0.071969602
58833.702997 25.403473 0.055974344
58833.703569 25.405513 0.057961113
58833.704138 25.28797 0.056971042
58833.704693 25.352182 0.063971585
58833.705269 25.307066 0.056955733
58833.705842 25.483052 0.067961612
58833.706416 25.379727 0.071947178
58833.706995 25.359348 0.061968643
58833.70756 25.342896 0.062964866
58833.708139 25.400615 0.058968863
58833.708701 25.394068 0.060966537
58833.709269 25.357446 0.056954309
58833.709837 25.316572 0.055960571
58833.710398 25.361909 0.060953679
58833.710961 25.328344 0.06394348
58833.711531 25.343068 0.059950115
58833.712096 25.321525 0.064951171
58833.712678 25.385351 0.056942697
58833.713245 25.432641 0.065952961
58833.713811 25.38942 0.055953595
58833.71438 25.501055 0.062965282
58833.714942 25.391872 0.055968008
58833.715515 25.456099 0.05395184
58833.716099 25.51002 0.058970727
58833.716662 25.377984 0.051972096
58833.717217 25.378772 0.055933888
58833.717786 25.431746 0.057952795
58833.718352 25.418537 0.061959835
58833.718933 25.380998 0.064953355
58833.719515 25.390917 0.060955024
58833.720081 25.460292 0.067922659
58833.720652 25.419462 0.068940364
58833.721229 25.405618 0.056957471
58833.721798 25.513531 0.073935665
58833.722365 25.3389 0.051964353
58833.722938 25.479232 0.054968271
58833.723517 25.409853 0.051964734
58833.724095 25.363759 0.045968752
58833.724659 25.408104 0.058950022
58833.725228 25.371098 0.049965889
58833.725794 25.311679 0.058947497
58833.726369 25.362347 0.058897589
58833.726949 25.417205 0.067854159
58833.727521 25.468825 0.063915854
58833.728085 25.486054 0.064931973
58833.728659 25.323605 0.054939974
58833.729226 25.386222 0.059946089
58833.729803 25.475759 0.060955555
58833.730359 25.358033 0.057945792
58833.730924 25.342282 0.04496879
58833.731502 25.352943 0.054952813
58833.732059 25.501314 0.077890482
58833.732632 25.572624 0.079904139
58833.733194 25.283216 0.060915556
58833.733759 25.454176 0.079812837
58833.734321 25.398664 0.07590684
58833.734879 25.374011 0.075881459
58833.735444 25.567233 0.089848936
58833.736003 25.407718 0.091852255
58833.736571 25.446127 0.095860938
58833.737136 25.464012 0.082845613
58833.737691 25.402515 0.06892061
58833.738267 25.425026 0.090752286
58833.738823 25.541735 0.078865722
58833.739382 25.351107 0.073868649
58833.739948 25.360952 0.076847648
58833.740522 25.453088 0.08081917
58833.741085 25.243569 0.081691825
58833.741647 25.481998 0.07289369
58833.742215 25.357481 0.067911607
58833.742788 25.478814 0.076848255
58833.743365 25.375259 0.077905023
58833.743953 25.557224 0.088875764
58833.744526 25.40613 0.070861936
58833.745093 25.433777 0.062931997
58833.745664 25.5074 0.066936155
58833.746226 25.483261 0.070931556
58833.746789 25.395422 0.056948565
58833.747358 25.414929 0.05695674
58833.747921 25.366852 0.055954942
58833.748478 25.487473 0.055949815
58833.749035 25.32971 0.050959503
58833.749599 25.406785 0.055960651
58833.750168 25.4623 0.070893509
58833.750733 25.414996 0.064907434
58833.751298 25.489766 0.069877381
58833.751854 25.36367 0.075781324
58833.752416 25.390337 0.062898524
58833.752988 25.431024 0.06290864
58833.753539 25.398665 0.066917303
58833.7541 25.295353 0.053949417
58833.754655 25.413207 0.057947804
58833.75523 25.406414 0.054961453
58833.755803 25.406837 0.07695202
58833.756377 25.321152 0.062958158
58833.756948 25.364861 0.059953281
58833.757519 25.370868 0.066959367
58833.758074 25.493715 0.074960913
58833.758639 25.45216 0.069933425
58833.759204 25.411331 0.082911626
58833.759765 25.364794 0.065955329
58833.760341 25.392435 0.070959737
58833.760921 25.463431 0.075955749
58833.761489 25.405757 0.089908984
58833.76205 25.476251 0.073956614
58833.762618 25.401879 0.074934059
58833.763196 25.466568 0.067969634
58833.763771 25.485991 0.067970484
58833.764345 25.474417 0.065964539
58833.764904 25.371421 0.057965513
58833.765469 25.310943 0.063968151
58833.766035 25.441581 0.073964729
58833.766604 25.391961 0.075961345
58833.767179 25.348137 0.069967207
58833.767754 25.2856 0.060973213
58833.768337 25.400484 0.063949937
58833.768906 25.296908 0.055965156
58833.769468 25.248123 0.062954397
58833.770037 25.358469 0.060962193
58833.770609 25.399203 0.074964259
58833.771176 25.377228 0.076920421
58833.77175 25.337102 0.081938263
58833.772312 25.505739 0.094927484
58833.772873 25.439345 0.092881835
58833.773436 25.257035 0.087858042
58833.774013 25.448954 0.11077967
58833.774581 25.537785 0.10185565
58833.775149 25.48862 0.10090642
58833.775718 25.306117 0.09189687
58833.776274 25.385862 0.093892823
58833.776849 25.429301 0.094938607
58833.777425 25.290118 0.08893959
58833.777996 25.551008 0.10590775
58833.778564 25.381262 0.084940214
58833.779126 25.402923 0.088923144
58833.779701 25.309958 0.080898952
58833.780275 25.428023 0.078906769
58833.780836 25.530166 0.10685221
58833.781394 25.291058 0.087893284
58833.781959 25.34812 0.072916807
58833.78252 25.464729 0.081927183
58833.783078 25.405772 0.082905688
58833.783656 25.563248 0.097933289
58833.784224 25.363372 0.085953394
58833.784791 25.418518 0.080942529
58833.785359 25.365752 0.077953921
58833.785923 25.451362 0.065957718
58833.786499 25.499597 0.081958714
58833.787075 25.53619 0.080945629
58833.787657 25.454777 0.082957815
58833.788243 25.465105 0.070950566
58833.788815 25.472073 0.072944275
58833.789431 25.306293 0.059964427
58833.789993 25.395852 0.066958193
58833.790558 25.420132 0.063977053
58833.791114 25.280424 0.065961642
58833.791692 25.460372 0.067973816
58833.792254 25.427017 0.061964279
58833.792819 25.447686 0.062968033
58833.793386 25.400341 0.06396036
58833.793945 25.411899 0.056966159
58833.794517 25.422327 0.060960884
58833.79508 25.447725 0.055961305
58833.795646 25.320478 0.053973708
58833.796225 25.361909 0.048971967
58833.79679 25.330789 0.051975176
58833.797352 25.370803 0.04897692
58833.797908 25.34809 0.051972113
58833.798484 25.368912 0.053973371
58833.799061 25.432599 0.052976886
58833.799624 25.395527 0.056955452
58833.800185 25.35349 0.055975758
58833.800756 25.407142 0.058967359
58833.801313 25.380915 0.053952845
58833.801876 25.480604 0.059964882
58833.802443 25.404059 0.056964229
58833.803031 25.3448 0.04897604
58833.803608 25.318697 0.048969897
58833.804175 25.391097 0.059975162
58833.804741 25.307758 0.052979071
58833.805316 25.507571 0.056977739
58833.805876 25.486424 0.070965544
58833.806445 25.402155 0.058977821
58833.807016 25.387446 0.058974088
58833.807582 25.49366 0.069960987
58833.80816 25.355697 0.061967719
58833.808724 25.33284 0.0529777
58833.809281 25.422332 0.059967623
58833.809857 25.416636 0.05797443
58833.810432 25.281111 0.057975926
58833.811002 25.344276 0.06597234
58833.81157 25.42478 0.063974376
58833.812141 25.459975 0.06297568
58833.81271 25.483688 0.064977187
58833.813283 25.419998 0.062971796
58833.81385 25.36719 0.051973869
58833.814425 25.372745 0.051976063
58833.81499 25.446343 0.052978754
58833.815567 25.356536 0.050972492
58833.816133 25.32139 0.053976153
58833.816698 25.542067 0.070970422
58833.817289 25.382474 0.057952315
58833.817864 25.418977 0.063966998
58833.818429 25.332801 0.057967742
58833.819011 25.356985 0.060962483
58833.819573 25.330031 0.060961578
58833.820146 25.42938 0.06395803
58833.82073 25.390441 0.057965727
58833.821295 25.325159 0.0589597
58833.821869 25.416676 0.071970584
58833.822431 25.418163 0.07096822
58833.822986 25.400509 0.072972286
58833.823546 25.34124 0.069964631
58833.824122 25.390066 0.071960234
58833.82469 25.406703 0.075948849
58833.82527 25.321159 0.074970165
58833.825842 25.335876 0.075968006
58833.826414 25.472842 0.082955977
58833.826987 25.358421 0.070964701
58833.827559 25.488188 0.07896003
58833.828123 25.424856 0.075967811
58833.828694 25.399768 0.066949472
58833.829263 25.373709 0.063961292
58833.829826 25.416525 0.062960056
58833.830398 25.351182 0.060940983
58833.830961 25.31062 0.059947945
58833.831526 25.429279 0.059967242
58833.832097 25.326089 0.057960404
58833.83267 25.433577 0.05195268
58833.833228 25.326573 0.057964825
58833.833798 25.306272 0.051962563
58833.834371 25.360602 0.064942296
58833.834936 25.270919 0.049962685
58833.83551 25.445011 0.06095681
58833.836083 25.447741 0.060968106
58833.836648 25.335311 0.062942035
58833.837231 25.30014 0.05896217
58833.837806 25.30604 0.065930379
58833.83839 25.370058 0.061948185
58833.838952 25.420781 0.073927011
58833.839512 25.442326 0.065959234
58833.840078 25.304288 0.071959938
58833.840638 25.396843 0.067952873
58833.841214 25.488116 0.074964078
58833.841784 25.468422 0.065969506
58833.842354 25.415064 0.075966488
58833.842932 25.400393 0.064963007
58833.8435 25.398043 0.06895951
58833.844068 25.288812 0.059969253
58833.84464 25.323823 0.061968389
58833.845192 25.455332 0.075970884
58833.845764 25.37399 0.065977587
58833.846315 25.456522 0.073972521
58833.846882 25.412482 0.071974793
58833.847447 25.502705 0.087973989
58833.848017 25.398829 0.077960661
58833.848583 25.417835 0.081968717
58833.849139 25.297966 0.080965714
58833.849713 25.36258 0.068957344
58833.850286 25.314742 0.070970946
