HJD mag magerr
0.0 0.0 0.0
0.0 0.0 0.0
0.0 0.0 0.0
0.0 0.0 0.0
58833.52864 25.73827 0.14882213
0.0 0.0 0.0
0.0 0.0 0.0
58833.530369 25.742505 0.13970218
58833.530936 25.825492 0.14282686
58833.531508 25.89032 0.11387321
58833.532068 25.805001 0.088897468
58833.532639 25.78611 0.10481419
58833.533201 25.760561 0.092907303
58833.533765 25.631687 0.089926531
58833.534319 25.936526 0.13474677
58833.534878 25.927777 0.11473687
58833.535457 25.793765 0.09181226
0.0 0.0 0.0
58833.536586 25.755785 0.070931873
58833.537148 25.799221 0.068937977
58833.537706 25.791967 0.076866201
58833.538275 25.952119 0.080916665
58833.538843 25.711763 0.056938722
58833.539403 25.954663 0.070912712
58833.539961 25.832071 0.059885171
58833.540691 25.818915 0.056944962
58833.54127 25.709729 0.053938922
58833.541834 25.885952 0.060951128
58833.542384 25.864636 0.064952439
58833.542946 25.751018 0.054924259
58833.543507 25.742296 0.047960293
58833.544071 25.737947 0.045964697
58833.544644 25.822373 0.052939904
58833.545206 25.750018 0.047937503
58833.545767 25.746406 0.047961178
58833.54634 25.788886 0.050966176
58833.546924 25.779714 0.057936074
58833.547488 25.777653 0.054911332
58833.548053 25.926816 0.057924284
58833.548633 25.730527 0.049958688
58833.549203 25.707299 0.0459551
58833.549779 25.855263 0.048961852
58833.550355 25.765957 0.050955649
58833.550911 25.896122 0.055947861
58833.551466 25.74865 0.048929212
58833.552025 25.873451 0.063919347
58833.552609 25.668989 0.054911705
58833.553172 25.699259 0.051928861
58833.553736 25.848393 0.057926333
58833.554298 25.806329 0.045966463
58833.554862 25.792813 0.048967594
58833.55542 25.749912 0.055967646
58833.556007 25.76337 0.057979471
58833.556565 25.76688 0.060976256
58833.557125 25.766251 0.054967618
58833.557676 25.668954 0.05497408
58833.558245 25.806038 0.05795427
58833.558811 25.76055 0.053955719
58833.559373 25.817803 0.05790446
58833.559928 25.876602 0.068827185
58833.560497 25.880512 0.084708654
58833.561052 25.854115 0.06090192
58833.561629 25.755838 0.064847927
58833.562183 25.878727 0.061913053
58833.562742 25.850142 0.057935733
58833.563315 25.708334 0.052949957
58833.563889 25.76691 0.069846499
58833.564461 25.877725 0.073730768
58833.565019 25.873976 0.050934729
58833.565576 25.766341 0.0389828
58833.566153 25.86761 0.062898252
58833.566722 25.684842 0.046916078
58833.56729 25.858545 0.051942193
58833.56785 25.696596 0.046913441
58833.568406 25.728642 0.044965606
58833.568961 25.788348 0.035970607
58833.569533 25.771225 0.035968874
58833.570095 25.720159 0.03697577
58833.57065 25.777266 0.038984644
58833.57121 25.764179 0.037969301
58833.571768 25.822344 0.038960119
58833.572322 25.824561 0.040973398
58833.572898 25.731522 0.043952793
58833.573468 25.823771 0.054895977
58833.574037 25.708433 0.04889998
58833.574593 25.872669 0.059916919
58833.575159 25.957179 0.09352375
58833.575726 25.850274 0.064838953
58833.576286 25.910143 0.067872464
58833.576839 25.874311 0.058879245
58833.577403 25.774995 0.052927373
58833.577964 25.798519 0.053930649
58833.578544 25.724247 0.04394494
58833.579114 25.822853 0.0509018
58833.579688 25.807445 0.057908267
58833.580238 25.903017 0.06088136
58833.58081 25.861798 0.05886726
58833.581375 25.724753 0.052837096
58833.581944 25.750786 0.045924108
58833.582509 25.806307 0.047947787
58833.58308 25.741239 0.057901316
58833.583647 25.892919 0.066822938
58833.584215 25.679345 0.060788277
58833.584762 25.880395 0.064858676
58833.585316 25.890984 0.064826405
58833.585886 25.725105 0.045933522
58833.586442 25.952204 0.057895702
58833.587001 25.903054 0.0568349
58833.587566 25.844505 0.079817525
58833.58814 25.904972 0.077799969
58833.588711 25.845203 0.038980257
58833.589285 25.936488 0.054913657
58833.589857 25.964792 0.071692765
58833.590423 25.874907 0.079664434
58833.590994 25.767846 0.072802353
58833.591559 25.75454 0.094725632
58833.592112 26.00847 0.10268821
58833.592665 25.871567 0.098702925
58833.593224 25.979883 0.11663781
58833.593796 26.028478 0.14277293
58833.594369 25.776078 0.12443886
58833.59492 26.061824 0.13866203
58833.595528 25.834706 0.090732051
58833.596082 25.78626 0.078850306
58833.596665 25.706425 0.070856666
58833.597231 25.855439 0.073836245
58833.597797 25.829798 0.068892134
58833.59838 25.829062 0.056911732
58833.598947 25.84774 0.055929311
58833.599512 25.794077 0.053906127
58833.60009 25.73035 0.052933707
58833.600655 25.867945 0.063941535
58833.601221 25.793432 0.053942383
58833.601788 25.794525 0.061905474
58833.602358 25.847081 0.062922064
58833.602926 25.800828 0.067921667
58833.60349 25.72919 0.079791216
58833.604047 25.836873 0.0579258
58833.604615 25.842801 0.064879237
58833.605171 25.632245 0.066860113
58833.605736 25.789308 0.072877448
58833.606292 25.97002 0.089862745
58833.606846 25.783068 0.06985163
58833.607409 25.784683 0.071865607
58833.607972 25.786964 0.074830787
58833.608554 25.799984 0.077838414
58833.609122 25.980663 0.086864328
58833.609691 25.813217 0.074849944
58833.61027 25.7642 0.057885386
58833.610843 25.772919 0.057880297
58833.611415 25.901683 0.068778224
58833.611993 25.78869 0.06185194
58833.612577 25.750579 0.054837298
58833.613137 25.809159 0.062812416
58833.613696 25.823435 0.068751645
58833.614278 25.860595 0.067837569
58833.614853 25.773338 0.060803422
58833.615407 25.837421 0.068760437
58833.615983 25.705278 0.058857545
58833.616534 25.866843 0.064804686
58833.617093 25.80214 0.072871036
58833.617655 25.796713 0.062906995
58833.618216 25.837182 0.063900849
58833.618781 25.856567 0.069942841
58833.619336 25.795893 0.064915297
58833.619908 25.809203 0.06590348
58833.620489 25.923049 0.06491518
58833.621073 25.803546 0.060910972
58833.621643 25.823521 0.069832627
58833.622212 25.814165 0.060908613
58833.622786 25.93337 0.087796696
58833.623339 25.803404 0.066887785
58833.623898 25.815848 0.06590367
58833.624467 25.750956 0.05692311
58833.625042 25.790078 0.059908482
58833.625625 25.835607 0.057941176
58833.626195 25.854583 0.054938306
58833.626758 25.928493 0.070919267
58833.627345 25.836432 0.055949008
58833.627901 25.777015 0.055963517
58833.628481 25.78322 0.052946805
58833.629058 25.784718 0.053959187
58833.629625 25.836273 0.053952097
58833.630194 25.778416 0.052954513
58833.630754 25.88989 0.058959473
58833.631339 25.724832 0.05691697
58833.631919 25.784453 0.07482372
58833.632476 25.916099 0.083822899
58833.633035 25.805951 0.069815794
58833.633609 25.744744 0.065894352
58833.634176 25.821704 0.092924314
58833.63477 25.837684 0.073849491
58833.63533 25.806027 0.055957973
58833.635896 25.879746 0.063924631
58833.636454 25.827301 0.054943651
58833.637031 25.788272 0.063876248
58833.637603 25.755472 0.062904925
58833.638178 25.848045 0.059886317
58833.638751 25.806002 0.061949137
58833.639317 25.844257 0.059951273
58833.639885 25.714047 0.053965479
58833.640451 25.750615 0.049976041
58833.641017 25.755821 0.05296287
58833.641587 25.776684 0.051961378
58833.642165 25.695383 0.055959536
58833.642733 25.767377 0.055954211
58833.643298 25.693395 0.060949398
58833.643881 25.69879 0.053956007
58833.644463 25.826396 0.053962237
58833.645038 25.828928 0.058957691
58833.645621 25.831406 0.059934066
58833.646196 25.807227 0.057931693
58833.646775 25.782448 0.056967437
58833.647352 25.768293 0.053967513
58833.647947 25.823551 0.063947382
58833.648518 25.809432 0.058973261
58833.649091 25.771707 0.051935247
58833.649661 25.678795 0.043971759
58833.650234 25.69329 0.050972123
58833.650812 25.832284 0.056962687
58833.651385 25.843941 0.06492928
58833.651942 25.782746 0.056954832
58833.652501 25.801268 0.061965368
58833.653051 25.80506 0.060943619
58833.653627 25.722177 0.053970821
58833.654196 25.800531 0.068951918
58833.654761 25.762963 0.054959044
58833.655332 25.821715 0.062957441
58833.655903 25.829565 0.062963656
58833.656459 25.783286 0.062974789
58833.657018 25.769185 0.056970216
58833.657575 25.739008 0.057972229
58833.658134 25.834085 0.061965845
58833.658729 25.835339 0.061959604
58833.659291 25.787749 0.062971473
58833.659866 25.73661 0.064972301
58833.660428 25.864882 0.068968159
58833.660996 25.839106 0.066959595
58833.661568 25.767145 0.059960531
58833.662129 25.754876 0.061957487
58833.662686 25.842208 0.084936742
58833.663254 25.799724 0.063971775
58833.663845 25.859318 0.078942314
58833.664399 25.812847 0.064953984
58833.664959 25.890707 0.075970222
58833.66553 25.758962 0.054975772
58833.666087 25.816197 0.053980882
58833.666661 25.799486 0.057977309
58833.66724 25.762945 0.058980892
58833.667808 25.723685 0.059976588
58833.668374 25.846108 0.062981575
58833.66894 25.870622 0.065976021
58833.669515 25.701223 0.06197398
58833.670105 25.688569 0.065961904
58833.670664 25.702318 0.061953442
58833.671231 25.750595 0.072959785
58833.671792 25.668074 0.064958502
58833.672357 25.72238 0.071950809
58833.672921 25.736235 0.068950931
58833.6735 25.798619 0.072975416
58833.674063 25.743716 0.061974432
58833.674632 25.719002 0.069951574
58833.675223 25.825175 0.080895936
58833.67579 25.788375 0.081943628
58833.67635 25.838587 0.085930744
58833.676916 25.659265 0.07095393
58833.677484 25.898885 0.09594953
58833.678056 25.837143 0.10193866
58833.678616 25.805396 0.10783677
0.0 0.0 0.0
58833.679761 25.814268 0.10684494
58833.680323 25.6778 0.12655015
58833.680894 25.824118 0.11984651
58833.681455 26.02264 0.16365335
58833.68202 25.8936 0.12874496
58833.682591 25.923717 0.13168456
58833.683157 25.766169 0.10886173
58833.683728 25.761458 0.10985356
58833.68429 25.951252 0.13873482
58833.684864 25.808506 0.10091098
58833.685427 25.912353 0.1009143
58833.686006 25.939008 0.11286995
58833.68663 25.744247 0.085944699
58833.687197 25.754061 0.08994401
58833.687766 25.831449 0.10391458
58833.688335 25.822375 0.088947966
58833.6889 25.884494 0.091957883
58833.689473 25.751437 0.079936351
58833.690035 25.763567 0.077927629
58833.690606 25.752374 0.081935891
58833.691182 25.686059 0.075923419
58833.691769 25.71305 0.078917695
58833.692334 25.834958 0.09786799
58833.692912 25.826253 0.088910184
58833.693482 25.827495 0.080928338
58833.694055 25.811006 0.082946689
58833.694629 25.714799 0.089929768
58833.695214 25.829061 0.099944254
58833.695788 25.851881 0.095936783
58833.696709 25.781468 0.099938855
58833.697282 25.836038 0.095856018
58833.697854 25.711097 0.091926007
58833.698426 25.874003 0.099938837
58833.698997 25.928886 0.11494613
58833.699574 25.7795 0.091946915
58833.700162 25.751436 0.08596381
58833.700738 25.772895 0.09993878
58833.701314 25.636881 0.074959298
58833.701879 25.731223 0.12094132
58833.702433 25.738995 0.095969077
58833.702997 25.712473 0.08397354
58833.703569 25.830513 0.088960188
58833.704138 25.89697 0.094969985
58833.704693 25.861182 0.10197075
58833.705269 25.862066 0.087954643
58833.705842 25.740052 0.091960869
58833.706416 25.798727 0.094946291
58833.706995 25.809348 0.095967727
58833.70756 25.705896 0.0819642
58833.708139 25.730615 0.067968492
58833.708701 25.794068 0.080965834
58833.709269 25.733446 0.079953382
58833.709837 25.915572 0.084959305
58833.710398 25.738909 0.079952964
0.0 0.0 0.0
58833.711531 25.749068 0.084948843
58833.712096 25.789525 0.094949966
58833.712678 25.810351 0.086941311
58833.713245 25.700641 0.078952359
58833.713811 25.72942 0.072952809
58833.71438 25.767055 0.070964958
58833.714942 25.668872 0.069967397
58833.715515 25.747099 0.078950689
58833.716099 25.85902 0.083969958
58833.716662 25.695984 0.070971316
58833.717217 25.785772 0.077932969
58833.717786 25.822746 0.074952051
58833.718352 25.900537 0.086958876
58833.718933 25.768998 0.079952662
58833.719515 25.897917 0.089953798
58833.720081 25.780292 0.076922137
58833.720652 25.794462 0.078939938
58833.721229 25.827618 0.079956339
58833.721798 25.780531 0.095934673
58833.722365 25.7289 0.066963514
58833.722938 25.715232 0.064967791
58833.723517 25.742853 0.071963711
58833.724095 25.771759 0.06396767
58833.724659 25.830104 0.082948741
58833.725228 25.794098 0.075964616
58833.725794 25.720679 0.075946448
58833.726369 25.782347 0.086895352
58833.726949 25.943205 0.098852378
58833.727521 25.942825 0.092914253
58833.728085 25.779054 0.076931329
58833.728659 25.738605 0.077938663
58833.729226 25.766222 0.076945295
58833.729803 25.781759 0.07895469
58833.730359 25.735033 0.070945097
58833.730924 25.850282 0.071967324
58833.731502 25.922943 0.094950915
58833.732059 25.873314 0.1028884
58833.732632 25.809624 0.086903773
58833.733194 25.913216 0.10091341
58833.733759 25.842176 0.11081115
58833.734321 25.805664 0.10090569
58833.734879 25.880011 0.11887935
58833.735444 25.754233 0.10484805
58833.736003 25.749718 0.11485107
58833.736571 25.894127 0.14085927
58833.737136 25.865012 0.13484296
58833.737691 25.800515 0.11391834
58833.738267 25.936026 0.13575
58833.738823 26.051735 0.12686333
58833.739382 25.665107 0.095867091
58833.739948 25.858952 0.12384483
58833.740522 25.627088 0.10281736
58833.741085 25.778569 0.13468796
58833.741647 25.796998 0.096892314
58833.742215 25.892481 0.11390961
58833.742788 26.115814 0.12884528
58833.743365 25.915259 0.1279027
58833.743953 25.881224 0.11887447
58833.744526 25.76613 0.094860642
58833.745093 25.748777 0.077931174
58833.745664 25.7664 0.090934879
58833.746226 25.764261 0.088930808
58833.746789 25.880422 0.084947002
58833.747358 25.766929 0.074955774
58833.747921 25.808852 0.086953433
58833.748478 25.807473 0.077948791
58833.749035 25.74171 0.07095828
58833.749599 25.805785 0.07395974
58833.750168 25.9083 0.09589201
58833.750733 25.738996 0.088905931
58833.751298 25.759766 0.084876175
58833.751854 25.76267 0.10177938
58833.752416 25.771337 0.091896527
58833.752988 25.736024 0.084907157
58833.753539 26.116665 0.10691554
58833.7541 25.764353 0.076947916
58833.754655 25.780207 0.077946876
58833.75523 25.872414 0.089960017
58833.755803 25.898837 0.1049512
58833.756377 25.727152 0.080957396
58833.756948 25.773861 0.083952399
58833.757519 25.713868 0.083958742
58833.758074 25.762715 0.083960634
58833.758639 25.90916 0.10693178
58833.759204 25.647331 0.099910952
58833.759765 25.771794 0.095954259
58833.760341 25.828435 0.098958937
58833.760921 25.666431 0.088955326
58833.761489 25.622757 0.11590789
58833.76205 25.702251 0.090956068
58833.762618 26.075879 0.1219328
58833.763196 25.865568 0.093968867
58833.763771 25.881991 0.094969864
58833.764345 25.905417 0.089963812
58833.764904 25.714421 0.078964683
58833.765469 25.804943 0.084967521
58833.766035 25.748581 0.086964374
58833.766604 25.673961 0.091960907
58833.767179 25.760137 0.098966522
58833.767754 25.7716 0.10397207
58833.768337 25.800484 0.084949181
58833.768906 25.808908 0.093963532
58833.769468 25.883123 0.12195263
58833.770037 25.721469 0.087961211
58833.770609 25.992203 0.11596343
58833.771176 25.869228 0.12491848
58833.77175 25.767102 0.10493746
58833.772312 25.802739 0.11492685
58833.772873 25.790345 0.1308805
58833.773436 25.966035 0.16385533
58833.774013 25.768954 0.15277833
58833.774581 25.602785 0.1168552
58833.775149 25.86362 0.13590557
58833.775718 25.536117 0.10889623
58833.776274 25.745862 0.11589204
58833.776849 25.922301 0.15193747
58833.777425 25.748118 0.13093855
58833.777996 25.888008 0.14390693
58833.778564 25.663262 0.10493956
58833.779126 25.579923 0.11192229
58833.779701 25.725958 0.11389761
58833.780275 25.884023 0.132905
58833.780836 25.848166 0.1458509
58833.781394 25.794058 0.14389103
58833.781959 25.71212 0.10991491
58833.78252 25.813729 0.12492606
58833.783078 25.759772 0.12290433
58833.783656 25.734248 0.10893296
58833.784224 25.848372 0.12695216
58833.784791 25.780518 0.10594171
58833.785359 25.830752 0.10795293
58833.785923 25.879362 0.10195658
58833.786499 25.994597 0.12495768
58833.787075 25.94519 0.13694431
58833.787657 25.744777 0.10295722
58833.788243 25.702105 0.098949583
58833.788815 25.846073 0.10194346
0.0 0.0 0.0
58833.789993 25.772852 0.092957311
58833.790558 25.832132 0.09097626
58833.791114 25.675424 0.092960586
58833.791692 25.783372 0.08897325
58833.792254 25.842017 0.085963451
58833.792819 25.796686 0.077967411
58833.793386 25.848341 0.078959753
58833.793945 25.756899 0.073965268
58833.794517 25.808327 0.078960124
58833.79508 25.768725 0.079960208
58833.795646 25.856478 0.082972594
58833.796225 25.860909 0.077970804
58833.79679 25.738789 0.067974423
58833.797352 25.848803 0.076975766
58833.797908 25.84509 0.07797115
58833.798484 25.701912 0.066972854
58833.799061 25.802599 0.068976212
58833.799624 25.665527 0.068954897
58833.800185 25.81449 0.080974888
58833.800756 25.883142 0.085966456
58833.801313 25.721915 0.069952022
58833.801876 25.864604 0.078964147
58833.802443 25.759059 0.077963337
58833.803031 25.7948 0.079974766
58833.803608 25.746697 0.066968982
58833.804175 25.741097 0.083974405
58833.804741 25.749758 0.081977983
58833.805316 25.760571 0.074977129
58833.805876 25.908424 0.096964895
58833.806445 25.685155 0.073977238
58833.807016 25.752446 0.084973226
58833.807582 25.72666 0.091960318
58833.80816 25.685697 0.092966622
58833.808724 25.84784 0.07797681
58833.809281 25.939332 0.088966713
58833.809857 25.783636 0.087973464
58833.810432 25.886111 0.10497474
58833.811002 25.804276 0.1029714
58833.81157 25.83878 0.10197344
58833.812141 25.753975 0.080975135
58833.81271 25.798688 0.090976559
58833.813283 25.844998 0.083971086
58833.81385 25.85219 0.07697299
58833.814425 25.802745 0.072975181
58833.81499 25.753343 0.059978439
58833.815567 25.774536 0.076971276
58833.816133 25.89439 0.0849751
58833.816698 25.774067 0.096969735
58833.817289 25.769474 0.085951249
58833.817864 25.933977 0.10896567
58833.818429 25.737801 0.082966661
58833.819011 25.865985 0.093961374
58833.819573 25.839031 0.090960509
58833.820146 25.85638 0.093956963
58833.82073 25.859441 0.088964655
58833.821295 25.894159 0.092958407
58833.821869 25.726676 0.10296983
58833.822431 25.651163 0.093967544
58833.822986 25.659509 0.07997208
58833.823546 25.76024 0.094963808
58833.824122 25.741066 0.10795932
58833.82469 25.846703 0.12794784
58833.82527 25.803159 0.12096908
58833.825842 25.777876 0.11196719
58833.826414 25.759842 0.097955488
58833.826987 25.680421 0.086964134
58833.827559 25.669188 0.084959853
58833.828123 25.743856 0.099967192
58833.828694 25.725768 0.081948935
58833.829263 25.887709 0.092960331
58833.829826 25.690525 0.073959565
58833.830398 25.798182 0.093939651
58833.830961 25.74262 0.084946934
58833.831526 25.744279 0.080966504
58833.832097 25.734089 0.080959386
58833.83267 25.935577 0.092951054
58833.833228 25.632573 0.0719642
58833.833798 25.839272 0.080961176
58833.834371 25.868602 0.10594056
58833.834936 25.706919 0.071961434
58833.83551 25.752011 0.079955934
58833.836083 25.883741 0.084967164
58833.836648 25.758311 0.083941131
58833.837231 25.60114 0.067961719
0.0 0.0 0.0
58833.83839 25.771058 0.079946982
58833.838952 25.737781 0.094925924
58833.839512 25.755326 0.1099577
58833.840078 25.864288 0.11395869
58833.840638 25.749843 0.093952138
58833.841214 25.886116 0.10996315
58833.841784 25.795422 0.088968758
58833.842354 25.733064 0.088966093
58833.842932 25.614393 0.073962566
58833.8435 25.663043 0.085958923
58833.844068 25.788812 0.078968461
58833.84464 25.802823 0.09096736
58833.845192 25.859332 0.093970436
58833.845764 25.90099 0.095976802
58833.846315 25.773522 0.097971965
58833.846882 25.781482 0.10097418
58833.847447 25.789705 0.098973757
58833.848017 25.787829 0.10496003
58833.848583 25.761835 0.10096829
58833.849139 25.752966 0.1269648
58833.849713 25.66358 0.091956566
58833.850286 25.740742 0.1069701
