HJD mag magerr
58833.526351 25.316489 0.20176795
58833.526938 25.563207 0.22865803
0.0 0.0 0.0
0.0 0.0 0.0
58833.52864 25.43127 0.11382342
0.0 0.0 0.0
58833.529794 25.421112 0.15845938
58833.530369 25.498505 0.11470386
58833.530936 25.660492 0.12082764
58833.531508 25.50532 0.088874353
58833.532068 25.688001 0.088897468
58833.532639 25.58911 0.089814938
58833.533201 25.625561 0.083907701
58833.533765 25.499687 0.068927767
58833.534319 25.615526 0.088750328
58833.534878 25.612777 0.092738881
58833.535457 25.639765 0.083812997
58833.536022 25.5277 0.063924129
58833.536586 25.517785 0.055933226
58833.537148 25.535221 0.054939189
58833.537706 25.565967 0.064867471
58833.538275 25.588119 0.060917988
58833.538843 25.562763 0.049939559
58833.539403 25.532663 0.051914553
58833.539961 25.474071 0.048886442
58833.540691 25.545915 0.042946342
58833.54127 25.539729 0.048939574
58833.541834 25.531952 0.049952093
58833.542384 25.569636 0.051953642
58833.542946 25.590018 0.049924855
58833.543507 25.535296 0.03896144
58833.544071 25.527947 0.037965683
58833.544644 25.536373 0.040941401
58833.545206 25.512018 0.0429384
58833.545767 25.559406 0.046961278
58833.54634 25.573886 0.043966787
58833.546924 25.565714 0.044937866
58833.547488 25.562653 0.045912719
58833.548053 25.513816 0.046925995
58833.548633 25.536527 0.040959757
58833.549203 25.514299 0.038955926
58833.549779 25.514263 0.041962617
58833.550355 25.556957 0.04795596
58833.550911 25.556122 0.041949234
58833.551466 25.54465 0.042930132
58833.552025 25.513451 0.048920971
58833.552609 25.563989 0.053911871
58833.553172 25.546259 0.050929013
58833.553736 25.531393 0.042928278
58833.554298 25.556329 0.039967265
58833.554862 25.581813 0.042968253
58833.55542 25.602912 0.046968267
58833.556007 25.55037 0.045980098
58833.556565 25.53788 0.049976827
58833.557125 25.536251 0.049967946
58833.557676 25.529954 0.051974264
58833.558245 25.547038 0.046955299
58833.558811 25.54955 0.04895619
58833.559373 25.544803 0.046906131
58833.559928 25.543602 0.052830337
58833.560497 25.487512 0.063713173
58833.561052 25.513115 0.047903782
58833.561629 25.499838 0.051851818
58833.562183 25.600727 0.05291405
58833.562742 25.568142 0.043937724
58833.563315 25.593334 0.051950059
58833.563889 25.54091 0.054849699
58833.564461 25.501725 0.059734265
58833.565019 25.538976 0.038938026
58833.565576 25.556341 0.034983128
58833.566153 25.42161 0.046903182
58833.566722 25.637842 0.045916307
58833.56729 25.545545 0.04694287
58833.56785 25.498596 0.040915738
58833.568406 25.556642 0.03696684
58833.568961 25.561348 0.036970461
58833.569533 25.497225 0.034969003
58833.570095 25.520159 0.033976156
58833.57065 25.525266 0.032985212
58833.57121 25.569179 0.037969301
58833.571768 25.550344 0.037960253
58833.572322 25.579561 0.035973972
58833.572898 25.556522 0.038953641
58833.573468 25.543771 0.044897838
58833.574037 25.539433 0.042901668
58833.574593 25.467669 0.045919273
58833.575159 25.577179 0.067533879
58833.575726 25.554274 0.051842339
58833.576286 25.551143 0.048878891
58833.576839 25.491311 0.045881765
58833.577403 25.478995 0.039929397
58833.577964 25.524519 0.038932894
58833.578544 25.564247 0.042945116
58833.579114 25.484853 0.041903102
58833.579688 25.558445 0.045910061
58833.580238 25.593017 0.046883856
58833.58081 25.534798 0.045870035
58833.581375 25.482753 0.045839199
58833.581944 25.623786 0.043924556
58833.582509 25.552307 0.036949753
58833.58308 25.534239 0.046903043
58833.583647 25.639919 0.055825098
58833.584215 25.695345 0.063787195
58833.584762 25.580395 0.04586672
58833.585316 25.645984 0.050832143
58833.585886 25.577105 0.039934839
58833.586442 25.553204 0.044897975
58833.587001 25.505054 0.045837025
58833.587566 25.606505 0.067819594
58833.58814 25.587972 0.05880331
58833.588711 25.522203 0.03098224
58833.589285 25.613488 0.04391984
58833.589857 25.666792 0.053700518
58833.590423 25.560907 0.058670594
58833.590994 25.601846 0.071802548
58833.591559 25.64054 0.083728364
58833.592112 25.55247 0.064695164
58833.592665 25.633567 0.083704978
58833.593224 25.511883 0.074644486
58833.593796 25.600478 0.093778621
58833.594369 25.558078 0.10644424
58833.59492 25.499824 0.089668415
58833.595528 25.459706 0.063739846
58833.596082 25.67226 0.072851099
58833.596665 25.573425 0.062858011
58833.597231 25.599439 0.060838147
58833.597797 25.551798 0.055893617
58833.59838 25.569062 0.044913541
58833.598947 25.54474 0.042930998
58833.599512 25.630077 0.053906127
58833.60009 25.55635 0.046934618
58833.600655 25.589945 0.05294232
58833.601221 25.436432 0.040944345
58833.601788 25.466525 0.051906707
58833.602358 25.545081 0.046923853
58833.602926 25.594828 0.059922476
58833.60349 25.58119 0.068792864
58833.604047 25.491873 0.046927092
58833.604615 25.440801 0.047882029
58833.605171 25.622245 0.066860113
58833.605736 25.628308 0.062878513
58833.606292 25.58002 0.06386515
58833.606846 25.526068 0.056853611
58833.607409 25.517683 0.057867435
58833.607972 25.589964 0.064832175
58833.608554 25.655984 0.071839091
58833.609122 25.535663 0.059867086
58833.609691 25.587217 0.063851317
58833.61027 25.4642 0.05088655
58833.610843 25.626919 0.054880775
58833.611415 25.541683 0.048782108
58833.611993 25.58869 0.052853657
58833.612577 25.453579 0.045839877
58833.613137 25.514159 0.053815141
58833.613696 25.633435 0.056754814
58833.614278 25.587595 0.051840645
58833.614853 25.653338 0.057804127
58833.615407 25.499421 0.051763775
58833.615983 25.531278 0.051858938
58833.616534 25.613843 0.053807269
58833.617093 25.65914 0.069871335
58833.617655 25.555713 0.048908779
58833.618216 25.488182 0.046903233
58833.618781 25.488567 0.047944853
58833.619336 25.419893 0.048917084
58833.619908 25.489203 0.053904824
58833.620489 25.623049 0.051916537
58833.621073 25.603546 0.054911637
58833.621643 25.573521 0.052834829
58833.622212 25.583165 0.047910346
58833.622786 25.63337 0.06179934
58833.623339 25.500404 0.050889977
58833.623898 25.585848 0.055904741
58833.624467 25.592956 0.051923663
58833.625042 25.555078 0.050909624
58833.625625 25.478607 0.04294318
58833.626195 25.592583 0.046939138
58833.626758 25.539493 0.049921234
58833.627345 25.570432 0.043950097
58833.627901 25.578015 0.051963794
58833.628481 25.56222 0.047947262
58833.629058 25.544718 0.044960048
58833.629625 25.567273 0.044952877
58833.630194 25.585416 0.043955291
58833.630754 25.58489 0.047960345
58833.631339 25.579832 0.049918108
58833.631919 25.521453 0.056826742
58833.632476 25.621099 0.065825159
58833.633035 25.639951 0.05981759
58833.633609 25.547744 0.055895529
58833.634176 25.439704 0.066925884
58833.63477 25.538684 0.056851188
58833.63533 25.490027 0.047958673
58833.635896 25.480746 0.047926288
58833.636454 25.587301 0.04494465
58833.637031 25.550272 0.054877154
58833.637603 25.574472 0.052905743
58833.638178 25.616045 0.055886708
58833.638751 25.524002 0.0429507
58833.639317 25.524257 0.045952332
58833.639885 25.609047 0.04796593
58833.640451 25.570615 0.045976281
58833.641017 25.582821 0.043963504
58833.641587 25.543684 0.051961378
58833.642165 25.496383 0.05095993
58833.642733 25.592377 0.052954408
58833.643298 25.556395 0.055949704
58833.643881 25.57079 0.045956627
58833.644463 25.544396 0.043962937
58833.645038 25.513928 0.045958561
58833.645621 25.525406 0.050934628
58833.646196 25.567227 0.051932088
58833.646775 25.631448 0.04996788
58833.647352 25.563293 0.050967711
58833.647947 25.543551 0.048948436
58833.648518 25.507432 0.047973835
58833.649091 25.539707 0.051935247
58833.649661 25.519795 0.043971759
58833.650234 25.54429 0.045972464
58833.650812 25.614284 0.055962736
58833.651385 25.531941 0.050930133
58833.651942 25.570746 0.051955155
58833.652501 25.552268 0.050966022
58833.653051 25.60206 0.056943802
58833.653627 25.466177 0.04897113
58833.654196 25.562531 0.052952776
58833.654761 25.581963 0.047959513
58833.655332 25.631715 0.053957906
58833.655903 25.543565 0.046964484
58833.656459 25.529286 0.047975471
58833.657018 25.468185 0.047970636
58833.657575 25.499008 0.049972651
58833.658134 25.517085 0.055966162
58833.658729 25.527339 0.049960259
58833.659291 25.565749 0.047972245
58833.659866 25.59461 0.052972817
58833.660428 25.552882 0.05196896
58833.660996 25.492106 0.048960513
58833.661568 25.530145 0.054960855
58833.662129 25.528876 0.051958036
58833.662686 25.589208 0.067937455
58833.663254 25.516724 0.053972212
58833.663845 25.408318 0.055943503
58833.664399 25.562847 0.056954389
58833.664959 25.593707 0.061970675
58833.66553 25.617962 0.054975772
58833.666087 25.623197 0.056980756
58833.666661 25.533486 0.049977654
58833.66724 25.486945 0.048981256
58833.667808 25.538685 0.055976739
58833.668374 25.558108 0.055981815
58833.66894 25.473622 0.053976451
58833.669515 25.632223 0.06197398
58833.670105 25.584569 0.060962152
58833.670664 25.541318 0.052953972
58833.671231 25.519595 0.060960345
58833.671792 25.574074 0.060958723
58833.672357 25.57638 0.061951245
58833.672921 25.476235 0.056951535
58833.6735 25.619619 0.062975754
58833.674063 25.618716 0.063974364
58833.674632 25.628002 0.06295188
58833.675223 25.437175 0.06389685
58833.67579 25.576375 0.06994408
58833.67635 25.442587 0.060932025
58833.676916 25.460265 0.066954175
58833.677484 25.479885 0.070950439
58833.678056 25.540143 0.066940199
58833.678616 25.582396 0.085838197
58833.679182 25.5471 0.083852349
58833.679761 25.517268 0.084846327
58833.680323 25.5238 0.10755178
58833.680894 25.574118 0.091847925
58833.681455 25.67564 0.10865602
58833.68202 25.5326 0.095746676
58833.682591 25.526717 0.10268627
58833.683157 25.386169 0.077863602
58833.683728 25.389458 0.078855505
58833.68429 25.525252 0.096736892
58833.684864 25.578506 0.080911787
58833.685427 25.558353 0.079915123
58833.686006 25.571008 0.079871144
58833.68663 25.598247 0.084944727
58833.687197 25.528061 0.066944823
58833.687766 25.597449 0.082915343
58833.688335 25.613375 0.071948649
58833.6889 25.707494 0.077958285
58833.689473 25.574437 0.073936598
58833.690035 25.540567 0.065928287
58833.690606 25.554374 0.072936374
58833.691182 25.581059 0.078923272
58833.691769 25.51205 0.071918086
58833.692334 25.576958 0.081868973
58833.692912 25.531253 0.078910665
58833.693482 25.579495 0.065929118
58833.694055 25.540006 0.072947128
58833.694629 25.583799 0.073930404
58833.695214 25.490061 0.068945192
58833.695788 25.562881 0.071937606
58833.696709 25.501468 0.079939595
58833.697282 25.500038 0.084856514
58833.697854 25.580097 0.080926415
58833.698426 25.580003 0.080939366
58833.698997 25.295886 0.073947375
58833.699574 25.5925 0.080947206
58833.700162 25.549436 0.069964288
58833.700738 25.427895 0.070939714
58833.701314 25.561881 0.077959193
58833.701879 25.702223 0.11694138
58833.702433 25.563995 0.085969257
58833.702997 25.499473 0.068973882
58833.703569 25.477513 0.061960935
58833.704138 25.59597 0.063970743
58833.704693 25.449182 0.066971481
58833.705269 25.504066 0.068955182
58833.705842 25.432052 0.062961845
58833.706416 25.608727 0.074947029
58833.706995 25.502348 0.064968519
58833.70756 25.639896 0.0819642
58833.708139 25.478615 0.062968684
58833.708701 25.501068 0.068966202
58833.709269 25.655446 0.073953562
58833.709837 25.583572 0.066959949
58833.710398 25.603909 0.069953287
58833.710961 25.616344 0.074942807
58833.711531 25.553068 0.074949241
58833.712096 25.620525 0.084950266
58833.712678 25.580351 0.067942031
58833.713245 25.512641 0.06995275
58833.713811 25.53842 0.067952994
58833.71438 25.667055 0.069964994
58833.714942 25.610872 0.065967543
58833.715515 25.655099 0.061951358
58833.716099 25.49302 0.059970683
58833.716662 25.514984 0.062971581
58833.717217 25.539772 0.065933384
58833.717786 25.526746 0.057952795
58833.718352 25.539537 0.068959489
58833.718933 25.609998 0.071952993
58833.719515 25.431917 0.0629549
58833.720081 25.562292 0.072922352
58833.720652 25.516462 0.066940466
58833.721229 25.582618 0.069956731
58833.721798 25.520531 0.061936534
58833.722365 25.5579 0.056964018
58833.722938 25.604232 0.05696816
58833.723517 25.643853 0.063964035
58833.724095 25.505759 0.056968
58833.724659 25.622104 0.06894937
58833.725228 25.552098 0.058965307
58833.725794 25.592679 0.069946755
58833.726369 25.495347 0.070896391
58833.726949 25.699205 0.080853228
58833.727521 25.442825 0.063915854
58833.728085 25.495054 0.062932108
58833.728659 25.518605 0.07293887
58833.729226 25.535222 0.06994557
58833.729803 25.523759 0.069955062
58833.730359 25.541033 0.058945726
58833.730924 25.578282 0.059967795
58833.731502 25.619943 0.072951679
58833.732059 25.656314 0.089889331
58833.732632 25.420624 0.067904961
58833.733194 25.622216 0.077914348
58833.733759 25.577176 0.08081276
58833.734321 25.519664 0.082906443
58833.734879 25.417011 0.07888123
58833.735444 25.492233 0.088849007
58833.736003 25.558718 0.10285162
58833.736571 25.472127 0.10086067
58833.737136 25.514012 0.095844661
58833.737691 25.525515 0.081919679
58833.738267 25.560026 0.094751987
58833.738823 25.534735 0.07986564
58833.739382 25.427107 0.073868649
58833.739948 25.505952 0.08184718
58833.740522 25.561088 0.09581784
58833.741085 25.541569 0.10168986
58833.741647 25.704998 0.090892585
58833.742215 25.435481 0.075911069
58833.742788 25.639814 0.087847307
58833.743365 25.595259 0.096903841
58833.743953 25.539224 0.086875885
58833.744526 25.59013 0.080861293
58833.745093 25.548777 0.069931564
58833.745664 25.6604 0.085935082
58833.746226 25.653261 0.082931018
58833.746789 25.535422 0.063948033
58833.747358 25.617929 0.061956409
58833.747921 25.484852 0.065954285
58833.748478 25.535473 0.055949815
58833.749035 25.48071 0.061958722
58833.749599 25.444785 0.058960456
58833.750168 25.7323 0.087892389
58833.750733 25.664996 0.08190627
58833.751298 25.539766 0.071877188
58833.751854 25.63267 0.092779921
58833.752416 25.645337 0.081897041
58833.752988 25.602024 0.072907844
58833.753539 25.526665 0.066917303
58833.7541 25.457353 0.060948827
58833.754655 25.512207 0.060947621
58833.75523 25.550414 0.064960869
58833.755803 25.557837 0.071952239
58833.756377 25.653152 0.083957303
58833.756948 25.547861 0.061953178
58833.757519 25.566868 0.080958832
58833.758074 25.516715 0.067961186
58833.758639 25.56516 0.078932872
58833.759204 25.552331 0.10191089
58833.759765 25.467794 0.073954951
58833.760341 25.557435 0.076959512
58833.760921 25.416431 0.068956049
58833.761489 25.433757 0.089908984
58833.76205 25.534251 0.076956499
58833.762618 25.683879 0.083933699
58833.763196 25.422568 0.066969677
58833.763771 25.514991 0.0779702
58833.764345 25.563417 0.07396424
58833.764904 25.582421 0.070964936
58833.765469 25.575943 0.07796769
58833.766035 25.581581 0.076964636
58833.766604 25.524961 0.076961312
58833.767179 25.573137 0.075967019
58833.767754 25.5746 0.083972446
58833.768337 25.645484 0.082949235
58833.768906 25.514908 0.074964123
58833.769468 25.529123 0.087953341
58833.770037 25.573469 0.083961314
58833.770609 25.586203 0.084963979
58833.771176 25.531228 0.095919406
58833.77175 25.573102 0.097937662
58833.772312 25.640739 0.11392688
58833.772873 25.561345 0.10788119
58833.773436 25.635035 0.13485599
58833.774013 25.449954 0.11877933
58833.774581 25.367785 0.09585587
58833.775149 25.54462 0.10190638
58833.775718 25.404117 0.094896739
58833.776274 25.625862 0.11189215
58833.776849 25.557301 0.096938543
58833.777425 25.310118 0.081939875
58833.777996 25.444008 0.081908683
58833.778564 25.546262 0.09693979
58833.779126 25.529923 0.093922921
58833.779701 25.442958 0.093898303
58833.780275 25.566023 0.091906139
58833.780836 25.686166 0.11585182
58833.781394 25.521058 0.12889143
58833.781959 25.49212 0.091915626
58833.78252 25.580729 0.10092656
58833.783078 25.612772 0.10690474
58833.783656 25.521248 0.094933392
58833.784224 25.519372 0.095952992
58833.784791 25.538518 0.095941985
58833.785359 25.560752 0.085953585
58833.785923 25.692362 0.087956903
58833.786499 25.497597 0.082958677
58833.787075 25.44319 0.078945714
58833.787657 25.617777 0.097957346
58833.788243 25.606105 0.082950057
58833.788815 25.562073 0.080943985
58833.789431 25.524293 0.075963773
58833.789993 25.590852 0.078957708
58833.790558 25.565132 0.076976598
58833.791114 25.471424 0.075961157
58833.791692 25.649372 0.078973479
58833.792254 25.605017 0.067964012
58833.792819 25.469686 0.064967932
58833.793386 25.535341 0.061960465
58833.793945 25.463899 0.058966025
58833.794517 25.523327 0.064960675
58833.79508 25.631725 0.069960565
58833.795646 25.524478 0.061973288
58833.796225 25.521909 0.051971779
58833.79679 25.598789 0.062974614
58833.797352 25.556803 0.062976203
58833.797908 25.67209 0.067971425
58833.798484 25.492912 0.059973101
58833.799061 25.521599 0.059976543
58833.799624 25.543527 0.058955341
58833.800185 25.63149 0.06197548
58833.800756 25.495142 0.064967087
58833.801313 25.523915 0.062952324
58833.801876 25.562604 0.066964558
58833.802443 25.572059 0.06596377
58833.803031 25.4738 0.059975424
58833.803608 25.523697 0.05796936
58833.804175 25.539097 0.066974881
58833.804741 25.545758 0.065978458
58833.805316 25.583571 0.067977325
58833.805876 25.453424 0.065965733
58833.806445 25.555155 0.063977595
58833.807016 25.405446 0.052974419
58833.807582 25.56166 0.070960947
58833.80816 25.496697 0.069967336
58833.808724 25.65984 0.075976858
58833.809281 25.519332 0.062967486
58833.809857 25.518636 0.071973872
58833.810432 25.519111 0.072975372
58833.811002 25.595276 0.068972224
58833.81157 25.52178 0.06897419
58833.812141 25.710975 0.084975047
58833.81271 25.532688 0.056977507
58833.813283 25.660998 0.077971247
58833.81385 25.60919 0.060973461
58833.814425 25.545745 0.065975407
58833.81499 25.573343 0.0609784
58833.815567 25.669536 0.066971623
58833.816133 25.46339 0.066975584
58833.816698 25.455067 0.070970422
58833.817289 25.485474 0.063951998
58833.817864 25.573977 0.076966445
58833.818429 25.540801 0.069967119
58833.819011 25.629985 0.075961849
58833.819573 25.627031 0.0799608
58833.820146 25.50038 0.067957828
58833.82073 25.510441 0.05996562
58833.821295 25.566159 0.07395897
58833.821869 25.523676 0.07097062
58833.822431 25.513163 0.078967937
58833.822986 25.521509 0.071972319
58833.823546 25.51124 0.084964076
58833.824122 25.637066 0.083959838
58833.82469 25.581703 0.086948526
58833.82527 25.549159 0.10796929
58833.825842 25.581876 0.089967605
58833.826414 25.390842 0.070956528
58833.826987 25.490421 0.070964701
58833.827559 25.534188 0.087959774
58833.828123 25.604856 0.083967563
58833.828694 25.537768 0.068949386
58833.829263 25.522709 0.070960982
58833.829826 25.561525 0.073959565
58833.830398 25.669182 0.078940105
58833.830961 25.46362 0.058948006
58833.831526 25.600279 0.06396706
58833.832097 25.536089 0.059960281
58833.83267 25.586577 0.064951915
58833.833228 25.544573 0.0719642
58833.833798 25.570272 0.063961821
58833.834371 25.650602 0.085941186
58833.834936 25.555919 0.065961684
58833.83551 25.512011 0.063956633
58833.836083 25.568741 0.069967671
58833.836648 25.474311 0.065941867
58833.837231 25.42214 0.056962292
58833.837806 25.57104 0.08392922
58833.83839 25.549058 0.071947437
58833.838952 25.536781 0.081926526
58833.839512 25.551326 0.085958331
58833.840078 25.449288 0.075959755
58833.840638 25.540843 0.071952722
58833.841214 25.619116 0.081963826
58833.841784 25.642422 0.079968996
58833.842354 25.539064 0.066966858
58833.842932 25.460393 0.0709627
58833.8435 25.624043 0.072959345
58833.844068 25.554812 0.072968663
58833.84464 25.669823 0.080967626
58833.845192 25.658332 0.084970635
58833.845764 25.50499 0.077977197
58833.846315 25.627522 0.073972521
58833.846882 25.539482 0.073974734
58833.847447 25.468705 0.080974171
58833.848017 25.626829 0.10196008
58833.848583 25.600835 0.10196827
58833.849139 25.616966 0.10496513
58833.849713 25.46358 0.076957016
58833.850286 25.610742 0.088970434
