HJD mag magerr
58833.526351 25.296489 0.19976801
58833.526938 25.482207 0.2056586
58833.527497 25.22523 0.13586264
58833.528073 25.355472 0.15469702
58833.52864 25.49427 0.12282302
58833.529223 25.436739 0.16443652
58833.529794 25.548112 0.18745747
58833.530369 25.187505 0.094705879
58833.530936 25.361492 0.095828984
58833.531508 25.36832 0.081874808
58833.532068 25.286001 0.063899207
58833.532639 25.35411 0.067816717
58833.533201 25.286561 0.061909223
58833.533765 25.330687 0.058928701
58833.534319 25.314526 0.078751704
58833.534878 25.281777 0.067742929
58833.535457 25.347765 0.065815388
58833.536022 25.3517 0.054925172
58833.536586 25.427785 0.05393347
58833.537148 25.279221 0.045940416
58833.537706 25.326967 0.054869014
58833.538275 25.325119 0.045919872
58833.538843 25.380763 0.043940521
58833.539403 25.343663 0.049914842
58833.539961 25.333071 0.042887471
58833.540691 25.393915 0.03994679
58833.54127 25.353729 0.044940215
58833.541834 25.385952 0.043952855
58833.542384 25.328636 0.04395478
58833.542946 25.307018 0.046925283
58833.543507 25.385296 0.039961283
58833.544071 25.252947 0.033966387
58833.544644 25.339373 0.038941759
58833.545206 25.293018 0.036939859
58833.545767 25.302406 0.037962462
58833.54634 25.295886 0.03396819
58833.546924 25.243714 0.037939434
58833.547488 25.337653 0.042913335
58833.548053 25.412816 0.041927119
58833.548633 25.330527 0.033961063
58833.549203 25.344299 0.033956778
58833.549779 25.334263 0.03396396
58833.550355 25.370957 0.044956319
58833.550911 25.314122 0.035950229
58833.551466 25.32865 0.038930936
58833.552025 25.295451 0.042921999
58833.552609 25.246989 0.042914283
58833.553172 25.272259 0.042930526
58833.553736 25.352393 0.038929104
58833.554298 25.335329 0.035967972
58833.554862 25.341813 0.042968253
58833.55542 25.288912 0.039968976
58833.556007 25.36737 0.039980573
58833.556565 25.31388 0.040977553
58833.557125 25.310251 0.03896902
58833.557676 25.369954 0.049974401
58833.558245 25.321038 0.041955974
58833.558811 25.31855 0.040957224
58833.559373 25.421803 0.044906539
58833.559928 25.328602 0.048831501
58833.560497 25.425512 0.054716319
58833.561052 25.286115 0.035906983
58833.561629 25.323838 0.048853043
58833.562183 25.294727 0.041915965
58833.562742 25.338142 0.042937924
58833.563315 25.304334 0.043951068
58833.563889 25.32891 0.046852363
58833.564461 25.398725 0.056735269
58833.565019 25.395976 0.036938808
58833.565576 25.251341 0.028983834
58833.566153 25.31361 0.041905552
58833.566722 25.309842 0.036919041
58833.56729 25.347545 0.037944622
58833.56785 25.283596 0.035918309
58833.568406 25.321642 0.031967982
58833.568961 25.290348 0.031971306
58833.569533 25.272225 0.030969627
58833.570095 25.282159 0.028977023
58833.57065 25.279266 0.02698609
58833.57121 25.241179 0.02697112
58833.571768 25.315344 0.028962009
58833.572322 25.260561 0.029974977
58833.572898 25.272522 0.033954791
58833.573468 25.390771 0.041898603
58833.574037 25.284433 0.038903134
58833.574593 25.366669 0.04092057
58833.575159 25.444179 0.059538956
58833.575726 25.333274 0.042846075
58833.576286 25.302143 0.043881572
58833.576839 25.282311 0.038883969
58833.577403 25.273995 0.033930987
58833.577964 25.328519 0.037933121
58833.578544 25.226247 0.032947601
58833.579114 25.349853 0.038903704
58833.579688 25.323445 0.03591269
58833.580238 25.316017 0.044884363
58833.58081 25.316798 0.039872054
58833.581375 25.284753 0.037842764
58833.581944 25.257786 0.030929224
58833.582509 25.265307 0.032950864
58833.58308 25.327239 0.041904187
58833.583647 25.300919 0.044828508
58833.584215 25.325345 0.046795368
58833.584762 25.313395 0.039870975
58833.585316 25.361984 0.041838062
58833.585886 25.342105 0.036935688
58833.586442 25.366204 0.038899647
58833.587001 25.386054 0.043837551
58833.587566 25.295505 0.050824414
58833.58814 25.414972 0.053804638
58833.588711 25.298203 0.025984054
58833.589285 25.357488 0.032929694
58833.589857 25.415792 0.044707075
58833.590423 25.279907 0.047676337
58833.590994 25.337846 0.05280784
0.0 0.0 0.0
58833.592112 25.25847 0.056697974
58833.592665 25.406567 0.070707537
58833.593224 25.377883 0.071645292
58833.593796 25.610478 0.10577672
58833.594369 25.248078 0.082455221
58833.59492 25.384824 0.079670758
58833.595528 25.382706 0.066738645
58833.596082 25.30626 0.056854127
58833.596665 25.385425 0.056859298
58833.597231 25.340439 0.051840109
58833.597797 25.328798 0.047894998
58833.59838 25.436062 0.040914427
58833.598947 25.29974 0.037932023
58833.599512 25.326077 0.043907887
58833.60009 25.35435 0.04193561
58833.600655 25.347945 0.04594305
58833.601221 25.276432 0.036945279
58833.601788 25.341525 0.044907957
58833.602358 25.224081 0.035926229
58833.602926 25.359828 0.049923901
58833.60349 25.43219 0.063793823
58833.604047 25.324873 0.042927758
58833.604615 25.307801 0.044882781
58833.605171 25.281245 0.049863981
58833.605736 25.344308 0.054879685
58833.606292 25.30102 0.051867198
58833.606846 25.383068 0.049855174
58833.607409 25.273683 0.048869255
58833.607972 25.314964 0.053834384
58833.608554 25.288984 0.051842653
58833.609122 25.365663 0.05386813
58833.609691 25.357217 0.054852908
58833.61027 25.3902 0.05088655
58833.610843 25.270919 0.039884468
58833.611415 25.341683 0.043783753
58833.611993 25.41269 0.044855866
58833.612577 25.332579 0.043840621
58833.613137 25.333159 0.050816292
58833.613696 25.293435 0.04575943
58833.614278 25.391595 0.047841789
58833.614853 25.323338 0.045808032
58833.615407 25.319421 0.048764652
58833.615983 25.308278 0.046860231
58833.616534 25.381843 0.044810494
58833.617093 25.31314 0.054873393
58833.617655 25.302713 0.045909329
58833.618216 25.366182 0.052902191
58833.618781 25.302567 0.040946024
58833.619336 25.274893 0.04391796
58833.619908 25.390203 0.049905438
58833.620489 25.367049 0.042918051
58833.621073 25.348546 0.043913418
58833.621643 25.381521 0.051835011
58833.622212 25.314165 0.040911828
58833.622786 25.34737 0.052800967
58833.623339 25.311404 0.044891274
58833.623898 25.349848 0.043906792
58833.624467 25.341956 0.044924682
58833.625042 25.334078 0.047910116
58833.625625 25.272607 0.040943577
58833.626195 25.289583 0.038940386
58833.626758 25.277493 0.039923051
58833.627345 25.265432 0.036951134
58833.627901 25.307015 0.036965472
58833.628481 25.27822 0.036948804
58833.629058 25.297718 0.038960884
58833.629625 25.292273 0.035954142
58833.630194 25.300416 0.038955913
58833.630754 25.32289 0.037961657
58833.631339 25.312832 0.043919416
58833.631919 25.399453 0.056826742
58833.632476 25.281099 0.050828454
58833.633035 25.337951 0.045821652
58833.633609 25.295744 0.050896318
58833.634176 25.254704 0.059926566
58833.63477 25.348684 0.055851325
58833.63533 25.286027 0.042959264
58833.635896 25.293746 0.041927299
58833.636454 25.281301 0.037945732
58833.637031 25.275272 0.041879312
58833.637603 25.342472 0.046906435
58833.638178 25.299045 0.0438884
58833.638751 25.302002 0.036951605
58833.639317 25.296257 0.04195279
58833.639885 25.279047 0.032967932
58833.640451 25.336615 0.038976842
58833.641017 25.287821 0.039963897
58833.641587 25.293684 0.040962541
58833.642165 25.337383 0.041960913
58833.642733 25.295377 0.038955811
58833.643298 25.334395 0.044950663
58833.643881 25.29779 0.040957163
58833.644463 25.332396 0.042963029
58833.645038 25.322928 0.039959194
58833.645621 25.324406 0.038935884
58833.646196 25.236227 0.039933323
58833.646775 25.271448 0.039968829
58833.647352 25.270293 0.041968502
58833.647947 25.365551 0.047948534
58833.648518 25.307432 0.037974699
58833.649091 25.244707 0.04193617
58833.649661 25.309795 0.043971759
58833.650234 25.30729 0.041972806
58833.650812 25.335284 0.04296362
58833.651385 25.235941 0.038931477
58833.651942 25.422746 0.049955305
58833.652501 25.288268 0.042966743
58833.653051 25.32906 0.043944679
58833.653627 25.279177 0.036972281
58833.654196 25.364531 0.045953373
58833.654761 25.334963 0.041960066
58833.655332 25.345715 0.040959012
58833.655903 25.262565 0.048964346
58833.656459 25.308286 0.03797628
58833.657018 25.356185 0.041971035
58833.657575 25.241008 0.037973681
58833.658134 25.304085 0.043967095
58833.658729 25.295339 0.042960843
58833.659291 25.321749 0.038973045
58833.659866 25.24961 0.041973593
58833.660428 25.270882 0.040969894
58833.660996 25.395106 0.047960587
58833.661568 25.301145 0.045961642
58833.662129 25.350876 0.047958331
58833.662686 25.329208 0.056938175
58833.663254 25.290724 0.041973058
58833.663845 25.332318 0.051943834
58833.664399 25.329847 0.051954716
58833.664959 25.278707 0.04797143
58833.66553 25.350962 0.047976132
58833.666087 25.350197 0.044981372
58833.666661 25.298486 0.041978152
58833.66724 25.301945 0.044981453
58833.667808 25.296685 0.044977311
58833.668374 25.347108 0.045982298
58833.66894 25.286622 0.044976946
58833.669515 25.355223 0.052974365
58833.670105 25.273569 0.044963377
58833.670664 25.235318 0.047954367
58833.671231 25.334595 0.049961127
58833.671792 25.297074 0.055959049
58833.672357 25.34038 0.054951659
58833.672921 25.369235 0.057951474
58833.6735 25.304619 0.054976121
58833.674063 25.284716 0.044975292
58833.674632 25.278002 0.047952885
58833.675223 25.290175 0.053897703
58833.67579 25.264375 0.054944962
58833.67635 25.290587 0.053932628
58833.676916 25.351265 0.059954689
58833.677484 25.460885 0.067950598
58833.678056 25.366143 0.059940748
58833.678616 25.344396 0.071839613
58833.679182 25.3611 0.070853205
58833.679761 25.368268 0.074847256
58833.680323 25.3428 0.091553726
58833.680894 25.385118 0.079848864
58833.681455 25.27564 0.083658506
58833.68202 25.3946 0.084747574
58833.682591 25.299717 0.078688738
58833.683157 25.203169 0.063865117
58833.683728 25.360458 0.072856091
58833.68429 25.316252 0.077738647
58833.684864 25.256506 0.054913838
58833.685427 25.237353 0.066915923
58833.686006 25.247008 0.061872413
58833.68663 25.276247 0.05994578
58833.687197 25.293061 0.05694541
58833.687766 25.395449 0.069916072
58833.688335 25.258375 0.059949391
58833.6889 25.327494 0.062958934
58833.689473 25.310437 0.060937322
58833.690035 25.388567 0.058928811
58833.690606 25.232374 0.05793755
58833.691182 25.334059 0.059924485
58833.691769 25.33405 0.058919092
58833.692334 25.304958 0.065870488
0.0 0.0 0.0
58833.693482 25.337495 0.062929324
58833.694055 25.255006 0.053948467
58833.694629 25.227799 0.059931277
58833.695214 25.278061 0.064945386
58833.695788 25.340881 0.061938161
58833.696709 25.341468 0.069940139
58833.697282 25.332038 0.071857321
58833.697854 25.351097 0.064927284
58833.698426 25.317003 0.062940198
58833.698997 25.294886 0.067947696
58833.699574 25.4495 0.066947732
58833.700162 25.336436 0.06196463
58833.700738 25.307895 0.064940024
58833.701314 25.386881 0.067959582
58833.701879 25.278223 0.07894226
58833.702433 25.229995 0.061969954
58833.702997 25.333473 0.051974539
58833.703569 25.315513 0.056961162
58833.704138 25.30497 0.055971091
58833.704693 25.223182 0.06197166
58833.705269 25.367066 0.057955677
58833.705842 25.288052 0.063961795
58833.706416 25.289727 0.06294772
58833.706995 25.258348 0.054968989
58833.70756 25.318896 0.06396482
58833.708139 25.342615 0.058968863
58833.708701 25.316068 0.055966801
58833.709269 25.261446 0.054954431
58833.709837 25.327572 0.055960571
58833.710398 25.404909 0.061953629
58833.710961 25.251344 0.06394348
58833.711531 25.335068 0.069949487
58833.712096 25.255525 0.052952084
58833.712678 25.270351 0.059942488
58833.713245 25.408641 0.061953203
58833.713811 25.28042 0.058953419
58833.71438 25.279055 0.051965912
58833.714942 25.398872 0.052968187
58833.715515 25.306099 0.05395184
58833.716099 25.30002 0.045971507
58833.716662 25.279984 0.05297204
58833.717217 25.283772 0.049934306
58833.717786 25.246746 0.053953048
58833.718352 25.305537 0.057960074
58833.718933 25.273998 0.059953671
58833.719515 25.305917 0.056955303
58833.720081 25.309292 0.060923185
58833.720652 25.324462 0.058940953
58833.721229 25.381618 0.061957146
58833.721798 25.375531 0.060936624
58833.722365 25.3889 0.056964018
58833.722938 25.418232 0.047968744
58833.723517 25.305853 0.051964734
58833.724095 25.281759 0.049968435
58833.724659 25.318104 0.054950358
58833.725228 25.355098 0.048965969
58833.725794 25.312679 0.05494785
58833.726369 25.295347 0.063897028
58833.726949 25.271205 0.055855465
58833.727521 25.339825 0.063915854
58833.728085 25.317054 0.053932853
58833.728659 25.330605 0.055939891
58833.729226 25.335222 0.056946285
58833.729803 25.272759 0.054955985
58833.730359 25.228033 0.046946733
58833.730924 25.320282 0.047968534
58833.731502 25.234943 0.053952901
58833.732059 25.414314 0.072891082
58833.732632 25.409624 0.070904726
58833.733194 25.320216 0.064915208
58833.733759 25.290176 0.069813743
58833.734321 25.330664 0.068907326
58833.734879 25.422011 0.077881304
58833.735444 25.289233 0.076850016
58833.736003 25.522718 0.097851889
58833.736571 25.412127 0.091861172
58833.737136 25.248012 0.078845976
58833.737691 25.259515 0.06192129
58833.738267 25.354026 0.078753387
58833.738823 25.327735 0.068866687
58833.739382 25.360107 0.078868212
58833.739948 25.313952 0.080847269
58833.740522 25.324088 0.077819503
58833.741085 25.331569 0.094690442
58833.741647 25.341998 0.067894113
58833.742215 25.273481 0.061912114
58833.742788 25.214814 0.061850159
58833.743365 25.385259 0.081904725
58833.743953 25.258224 0.07087712
58833.744526 25.37813 0.065862341
58833.745093 25.378777 0.061932068
58833.745664 25.3324 0.064936308
58833.746226 25.285261 0.057932425
58833.746789 25.325422 0.056948565
58833.747358 25.309929 0.054956891
58833.747921 25.255852 0.053955106
58833.748478 25.328473 0.05095019
58833.749035 25.38771 0.055959105
58833.749599 25.264785 0.046961406
58833.750168 25.3933 0.060894498
58833.750733 25.327996 0.058908027
58833.751298 25.302766 0.060878425
58833.751854 25.38367 0.079780934
58833.752416 25.407337 0.070897792
58833.752988 25.273024 0.060908835
58833.753539 25.292665 0.057918083
58833.7541 25.282353 0.055949231
58833.754655 25.229207 0.047948607
58833.75523 25.281414 0.054961453
58833.755803 25.284837 0.063952667
58833.756377 25.217152 0.060958274
58833.756948 25.258861 0.053953642
58833.757519 25.283868 0.066959367
58833.758074 25.476715 0.068961143
58833.758639 25.43216 0.076932983
58833.759204 25.400331 0.083911578
58833.759765 25.416794 0.069955128
58833.760341 25.216435 0.061960163
58833.760921 25.243431 0.061956424
58833.761489 25.341757 0.086909154
58833.76205 25.270251 0.063957084
58833.762618 25.410879 0.070934252
58833.763196 25.320568 0.059970016
58833.763771 25.335991 0.064970588
58833.764345 25.206417 0.055965048
58833.764904 25.313421 0.067965048
58833.765469 25.328943 0.059968327
58833.766035 25.412581 0.068964905
58833.766604 25.387961 0.070961527
58833.767179 25.303137 0.065967353
58833.767754 25.3096 0.066972958
58833.768337 25.336484 0.05695033
58833.768906 25.295908 0.062964697
58833.769468 25.419123 0.075953754
58833.770037 25.311469 0.069961774
58833.770609 25.230203 0.06596459
58833.771176 25.389228 0.077920354
58833.77175 25.214102 0.065939186
58833.772312 25.204739 0.070928757
58833.772873 25.294345 0.079882612
58833.773436 25.408035 0.11185676
58833.774013 25.408954 0.11477949
58833.774581 25.152785 0.071857175
58833.775149 25.39062 0.097906521
58833.775718 25.362117 0.093896781
58833.776274 25.241862 0.085893218
58833.776849 25.171301 0.069939745
58833.777425 25.538118 0.1009392
58833.777996 25.253008 0.07690896
58833.778564 25.450262 0.092939918
58833.779126 25.216923 0.075923874
58833.779701 25.398958 0.087898577
58833.780275 25.286023 0.080906658
58833.780836 25.155166 0.076854222
58833.781394 25.234058 0.091893026
58833.781959 25.39112 0.076916506
58833.78252 25.303729 0.081927183
58833.783078 25.263772 0.080905794
58833.783656 25.480248 0.088933621
58833.784224 25.204372 0.06995429
58833.784791 25.466518 0.084942364
58833.785359 25.291752 0.063954729
58833.785923 25.230362 0.066957669
58833.786499 25.183597 0.062959658
58833.787075 25.27519 0.066946338
58833.787657 25.383777 0.083957778
58833.788243 25.318105 0.071950516
58833.788815 25.275073 0.062944753
58833.789431 25.265293 0.062964277
58833.789993 25.284852 0.060958515
58833.790558 25.355132 0.064977011
58833.791114 25.374424 0.066961586
58833.791692 25.339372 0.063973969
58833.792254 25.454017 0.061964279
58833.792819 25.301686 0.053968589
58833.793386 25.333341 0.056960765
58833.793945 25.285899 0.054966304
58833.794517 25.300327 0.054961262
58833.79508 25.370725 0.062960889
58833.795646 25.332478 0.051973836
58833.796225 25.259909 0.049971902
58833.79679 25.271789 0.054974998
58833.797352 25.297803 0.044977216
58833.797908 25.31809 0.053972002
58833.798484 25.239912 0.052973423
58833.799061 25.272599 0.049977065
58833.799624 25.347527 0.05195577
58833.800185 25.31949 0.047976249
58833.800756 25.292142 0.050967835
58833.801313 25.379915 0.052952916
58833.801876 25.410604 0.05496517
58833.802443 25.316059 0.055964291
58833.803031 25.3808 0.066975145
58833.803608 25.316697 0.054969517
58833.804175 25.348097 0.061975074
58833.804741 25.280758 0.0579788
58833.805316 25.370571 0.052977937
58833.805876 25.305424 0.062965863
58833.806445 25.343155 0.062977637
58833.807016 25.233446 0.051974483
58833.807582 25.18066 0.056961654
58833.80816 25.340697 0.066967468
58833.808724 25.26684 0.0569775
58833.809281 25.342332 0.053967948
58833.809857 25.234636 0.05797443
58833.810432 25.290111 0.059975835
58833.811002 25.348276 0.0669723
58833.81157 25.33578 0.055974749
58833.812141 25.325975 0.06197572
58833.81271 25.281688 0.048977944
58833.813283 25.278998 0.056972104
58833.81385 25.29019 0.053973765
58833.814425 25.282745 0.04997619
58833.81499 25.247343 0.048978979
58833.815567 25.270536 0.053972286
58833.816133 25.30439 0.048976462
58833.816698 25.350067 0.064970666
58833.817289 25.284474 0.060952148
58833.817864 25.371977 0.071966632
58833.818429 25.397801 0.064967349
58833.819011 25.273985 0.06396233
58833.819573 25.371031 0.069961152
58833.820146 25.25938 0.056958459
58833.82073 25.453441 0.056965783
58833.821295 25.289159 0.0589597
58833.821869 25.462676 0.074970482
58833.822431 25.301163 0.06396853
58833.822986 25.397509 0.068972424
58833.823546 25.15624 0.064964877
58833.824122 25.292066 0.066960446
58833.82469 25.350703 0.08094869
58833.82527 25.377159 0.086969765
58833.825842 25.383876 0.071968151
58833.826414 25.316842 0.06895664
58833.826987 25.349421 0.070964701
58833.827559 25.435188 0.070960317
58833.828123 25.299856 0.062968359
58833.828694 25.299768 0.06094977
58833.829263 25.362709 0.059961506
58833.829826 25.265525 0.058960285
58833.830398 25.370182 0.061940919
58833.830961 25.31562 0.058948006
58833.831526 25.251279 0.053967571
58833.832097 25.261089 0.055960537
58833.83267 25.323577 0.052952606
58833.833228 25.304573 0.05896477
58833.833798 25.408272 0.058962089
58833.834371 25.260602 0.058942775
58833.834936 25.357919 0.05696217
58833.83551 25.239011 0.05595715
58833.836083 25.345741 0.058968222
58833.836648 25.347311 0.052942756
58833.837231 25.28914 0.059962112
58833.837806 25.27204 0.061930738
58833.83839 25.364058 0.065947856
58833.838952 25.264781 0.064927714
58833.839512 25.317326 0.06095956
58833.840078 25.240288 0.06896009
58833.840638 25.402843 0.066952914
58833.841214 25.332116 0.065964488
58833.841784 25.272422 0.057969918
58833.842354 25.300064 0.066966858
58833.842932 25.366393 0.073962566
58833.8435 25.373043 0.070959425
58833.844068 25.304812 0.055969495
58833.84464 25.382823 0.071967933
58833.845192 25.413332 0.064971289
58833.845764 25.29599 0.056977996
58833.846315 25.443522 0.063972886
58833.846882 25.336482 0.064975031
58833.847447 25.251705 0.069974536
58833.848017 25.246829 0.077960661
58833.848583 25.330835 0.084968636
58833.849139 25.284966 0.074965922
58833.849713 25.34758 0.086956697
58833.850286 25.251742 0.069970983
