HJD mag magerr
58833.526351 25.678482 0.24671112
0.0 0.0 0.0
0.0 0.0 0.0
58833.528073 25.476945 0.18773273
58833.52864 25.757761 0.16282745
0.0 0.0 0.0
0.0 0.0 0.0
58833.530369 25.885489 0.15079826
58833.530936 25.99036 0.16381736
58833.531508 25.848771 0.12587951
58833.532068 25.746347 0.097921561
58833.532639 25.8878 0.10283963
58833.533201 25.974315 0.12291287
58833.533765 25.84768 0.09391393
58833.534319 25.756462 0.10680296
0.0 0.0 0.0
58833.535457 25.68053 0.092777731
58833.536022 25.768391 0.086927667
58833.536586 25.834479 0.073922538
58833.537148 25.752616 0.070925103
58833.537706 25.919762 0.087894502
58833.538275 25.906012 0.083892095
58833.538843 25.726853 0.056934023
58833.539403 25.734953 0.062925654
58833.539961 25.873026 0.062935642
58833.540691 25.767164 0.061928413
58833.54127 25.741594 0.055934744
58833.541834 25.726562 0.055948514
58833.542384 25.793036 0.05593599
58833.542946 25.723803 0.055939382
58833.543507 25.760172 0.053934211
58833.544071 25.799745 0.050936584
58833.544644 25.817721 0.050960013
58833.545206 25.804785 0.058916737
58833.545767 25.838188 0.056952812
58833.54634 25.800016 0.046965138
58833.546924 25.764673 0.046945749
58833.547488 25.854007 0.056922079
58833.548053 25.756614 0.049926292
58833.548633 25.776216 0.047950964
58833.549203 25.835317 0.042961177
58833.549779 25.768442 0.045958614
58833.550355 25.747272 0.052940104
58833.550911 25.764355 0.042959453
58833.551466 25.754789 0.046943836
58833.552025 25.783692 0.056932894
58833.552609 25.78815 0.056946434
58833.553172 25.787421 0.051946551
58833.553736 25.693507 0.047939002
58833.554298 25.731776 0.049959047
58833.554862 25.766143 0.048958179
58833.55542 25.749868 0.051963296
58833.556007 25.855925 0.054951471
58833.556565 25.789214 0.058974804
58833.557125 25.77283 0.054970126
58833.557676 25.932267 0.061975575
58833.558245 25.758633 0.055964001
58833.558811 25.772464 0.046948725
58833.559373 25.871552 0.060934062
58833.559928 25.76882 0.061884476
58833.560497 25.691561 0.07462301
58833.561052 25.718406 0.056908117
58833.561629 25.69468 0.056921531
58833.562183 25.810432 0.058919887
58833.562742 25.809097 0.054936061
58833.563315 25.704975 0.055948406
58833.563889 25.803343 0.066851476
58833.564461 25.790242 0.078542707
58833.565019 25.752736 0.048922215
58833.565576 25.791639 0.037988178
58833.566153 25.900834 0.061899562
58833.566722 25.813291 0.043964802
58833.56729 25.724189 0.05193972
58833.56785 25.803098 0.051948027
58833.568406 25.725214 0.04296685
58833.568961 25.715003 0.040959953
58833.569533 25.708922 0.035971145
58833.570095 25.751058 0.036974535
58833.57065 25.71003 0.035979287
58833.57121 25.712777 0.040971418
58833.571768 25.772792 0.043949528
58833.572322 25.802104 0.040977906
0.0 0.0 0.0
58833.573468 25.831753 0.053927137
58833.574037 25.805548 0.056906576
58833.574593 25.806159 0.05790971
58833.575159 25.900039 0.095585289
58833.575726 25.845719 0.063834607
58833.576286 25.87946 0.071834347
58833.576839 25.805477 0.05988155
58833.577403 25.764198 0.049921914
58833.577964 25.73246 0.044956446
58833.578544 25.669523 0.04494473
58833.579114 25.831895 0.056941018
58833.579688 25.808728 0.054912211
58833.580238 25.799708 0.054903844
58833.58081 25.81498 0.056859579
58833.581375 25.735298 0.048908343
58833.581944 25.794969 0.052923845
58833.582509 25.783214 0.046938254
58833.58308 25.842148 0.059920299
58833.583647 25.783335 0.057881987
58833.584215 25.878951 0.074784289
58833.584762 25.78922 0.06085647
58833.585316 25.852773 0.066813306
58833.585886 25.786209 0.048922487
58833.586442 25.884284 0.054927869
58833.587001 25.825717 0.05791365
58833.587566 25.955842 0.08684044
58833.58814 25.730891 0.069852175
58833.588711 25.799199 0.046955516
58833.589285 25.809568 0.052923154
58833.589857 25.72955 0.064751479
58833.590423 25.871673 0.070844505
58833.590994 25.790554 0.078766544
58833.591559 26.061768 0.12868166
58833.592112 25.718871 0.079721356
58833.592665 25.858008 0.10071826
58833.593224 25.771331 0.11375269
58833.593796 25.751587 0.10282935
58833.594369 25.914343 0.12869666
58833.59492 25.832006 0.11464468
58833.595528 25.760442 0.085783027
58833.596082 25.876607 0.084833917
58833.596665 25.796809 0.078856394
58833.597231 25.830876 0.072879613
58833.597797 25.757332 0.058904381
58833.59838 25.901058 0.059943562
58833.598947 25.787557 0.046948526
58833.599512 25.784983 0.057917579
58833.60009 25.756102 0.054934877
58833.600655 25.769052 0.061950085
58833.601221 25.754365 0.049941145
58833.601788 25.785224 0.064915798
58833.602358 25.770362 0.054951631
58833.602926 25.781501 0.065935929
58833.60349 25.741244 0.077810771
58833.604047 25.701792 0.049941815
58833.604615 25.826055 0.061895627
58833.605171 25.750304 0.072880977
58833.605736 25.814105 0.067897847
58833.606292 25.652347 0.067918815
58833.606846 25.850419 0.079849617
58833.607409 25.834586 0.075884755
58833.607972 25.813859 0.076867236
58833.608554 25.786688 0.076880278
58833.609122 25.676855 0.061889453
58833.609691 25.902214 0.078855756
58833.61027 25.888543 0.063890438
58833.610843 25.848212 0.061901559
58833.611415 25.879001 0.059859288
58833.611993 25.773213 0.063830679
58833.612577 25.890869 0.066847174
58833.613137 25.902832 0.076790112
58833.613696 25.774273 0.062767834
58833.614278 25.740978 0.058834297
58833.614853 25.933123 0.073810206
58833.615407 25.773399 0.064838302
58833.615983 25.782961 0.060869986
58833.616534 25.864476 0.070850705
58833.617093 25.726448 0.064881704
58833.617655 25.782089 0.060922958
58833.618216 25.74563 0.060915716
58833.618781 25.832999 0.064910156
58833.619336 25.656329 0.058905504
58833.619908 25.739351 0.067914163
58833.620489 25.795072 0.055930532
58833.621073 25.748694 0.052939626
58833.621643 25.7993 0.069856484
58833.622212 25.822494 0.0639123
58833.622786 25.768448 0.07088972
58833.623339 25.733466 0.063899419
58833.623898 25.769377 0.063932691
58833.624467 25.760175 0.059937807
58833.625042 25.731561 0.059922674
58833.625625 25.727978 0.057934177
58833.626195 25.816946 0.051937712
58833.626758 25.745209 0.053938026
58833.627345 25.705838 0.051949393
58833.627901 25.841381 0.051961457
58833.628481 25.76502 0.053956303
58833.629058 25.849795 0.06092794
58833.629625 25.772955 0.048963497
58833.630194 25.789535 0.04996254
58833.630754 25.815878 0.053958332
58833.631339 25.698979 0.055906862
58833.631919 25.712972 0.073881288
58833.632476 25.828493 0.073882934
58833.633035 25.880541 0.076851575
58833.633609 25.751824 0.070780129
58833.634176 25.911615 0.1069274
58833.63477 25.920747 0.072895749
58833.63533 25.774307 0.065931078
58833.635896 25.781492 0.062894659
58833.636454 25.695275 0.049959882
58833.637031 25.78175 0.052935087
58833.637603 25.860202 0.061920006
58833.638178 25.658727 0.057906967
58833.638751 25.718802 0.052939928
58833.639317 25.791 0.060936916
58833.639885 25.752527 0.050944182
58833.640451 25.684121 0.050959069
58833.641017 25.725391 0.052953711
58833.641587 25.737042 0.052966063
58833.642165 25.841479 0.065957324
58833.642733 25.729155 0.051940705
58833.643298 25.677531 0.049959516
58833.643881 25.841827 0.056965757
58833.644463 25.73357 0.048965393
58833.645038 25.755679 0.052949027
58833.645621 25.732536 0.057944698
58833.646196 25.838441 0.061945944
58833.646775 25.75245 0.056966238
58833.647352 25.777351 0.058948633
58833.647947 25.7391 0.055943893
58833.648518 25.834019 0.066973147
58833.649091 25.7811 0.058968088
58833.649661 25.786808 0.05296638
58833.650234 25.753115 0.052969595
58833.650812 25.782754 0.059953505
58833.651385 25.808411 0.060946197
58833.651942 25.784243 0.062940835
58833.652501 25.795744 0.060962764
58833.653051 25.832336 0.062975728
58833.653627 25.771141 0.048975868
58833.654196 25.718807 0.051944342
58833.654761 25.696945 0.052968593
58833.655332 25.749178 0.061947374
58833.655903 25.809496 0.066972228
58833.656459 25.787568 0.061972044
58833.657018 25.770985 0.058973789
58833.657575 25.813493 0.064958702
58833.658134 25.773647 0.05996546
58833.658729 25.767299 0.059946248
58833.659291 25.776117 0.056970188
58833.659866 25.744331 0.056970658
58833.660428 25.761677 0.064944976
58833.660996 25.745533 0.058951749
58833.661568 25.818217 0.06494655
58833.662129 25.743069 0.061948673
58833.662686 25.842451 0.082917188
58833.663254 25.687642 0.056951854
58833.663845 25.836197 0.07795022
58833.664399 25.707046 0.061944126
58833.664959 25.716655 0.063967257
58833.66553 25.874566 0.067973242
58833.666087 25.759384 0.061972118
58833.666661 25.837067 0.06997579
58833.66724 25.782417 0.054978236
58833.667808 25.752694 0.06097394
58833.668374 25.761036 0.062980631
58833.66894 25.689019 0.060973704
58833.669515 25.760995 0.07396913
58833.670105 25.747148 0.068965832
58833.670664 25.762858 0.069962389
58833.671231 25.771406 0.06995675
58833.671792 25.823062 0.070960249
58833.672357 25.756952 0.066956979
58833.672921 25.793629 0.067972441
58833.6735 25.78445 0.071952341
58833.674063 25.676692 0.061969967
58833.674632 25.77743 0.078934049
58833.675223 25.730908 0.081898905
58833.67579 25.607851 0.06792501
58833.67635 25.694284 0.080930735
58833.676916 25.915019 0.09095052
58833.677484 25.738952 0.088948586
58833.678056 25.757768 0.084888618
58833.678616 25.835761 0.10085577
58833.679182 25.72499 0.094865631
58833.679761 25.780925 0.10180983
58833.680323 25.765241 0.13270003
58833.680894 25.623701 0.096780837
58833.681455 25.725224 0.11677644
58833.68202 25.750019 0.11384505
58833.682591 25.651684 0.10971077
58833.683157 25.791397 0.11788214
58833.683728 25.80441 0.11182164
58833.68429 25.926556 0.12677651
58833.684864 25.773389 0.094918318
58833.685427 25.866319 0.098913716
58833.686006 25.761557 0.09889003
58833.68663 25.801709 0.098919068
58833.687197 25.840821 0.093948975
58833.687766 25.680563 0.079955459
58833.688335 25.687828 0.085922095
58833.6889 25.762278 0.084918624
58833.689473 25.694073 0.083942534
58833.690035 25.82136 0.082913805
58833.690606 25.781677 0.084922503
58833.691182 25.780381 0.081935549
58833.691769 25.737209 0.072892713
58833.692334 25.790625 0.096881748
58833.692912 25.879017 0.095865049
58833.693482 25.696903 0.074933022
58833.694055 25.833169 0.087897736
58833.694629 25.79528 0.085948066
58833.695214 25.880788 0.099921776
58833.695788 25.814108 0.090947526
58833.696709 25.74414 0.10394407
58833.697282 25.721353 0.098896107
58833.697854 25.739174 0.090897304
58833.698426 25.762315 0.092938909
58833.698997 25.88028 0.12991973
58833.699574 25.652951 0.086948056
58833.700162 25.795796 0.076937829
58833.700738 25.635225 0.084922747
58833.701314 25.815101 0.10195082
58833.701879 25.736338 0.11995829
58833.702433 25.652859 0.094960399
58833.702997 25.6791 0.07596687
58833.703569 25.853917 0.084964683
58833.704138 25.730273 0.082975845
58833.704693 25.709168 0.084966334
58833.705269 25.76301 0.078960345
58833.705842 25.755019 0.083930917
58833.706416 25.624623 0.083951072
58833.706995 25.73756 0.07697344
58833.70756 25.853693 0.084958193
58833.708139 25.747973 0.071964684
58833.708701 25.721317 0.077938796
58833.709269 25.76554 0.083956373
58833.709837 25.753075 0.081928396
58833.710398 25.727858 0.075934883
58833.710961 25.720854 0.086936127
58833.711531 25.681288 0.086939606
58833.712096 25.713657 0.076954352
58833.712678 25.686778 0.073951544
58833.713245 25.645026 0.076946885
58833.713811 25.796073 0.075939227
58833.71438 25.672419 0.070950286
58833.714942 25.648359 0.066957595
58833.715515 25.779218 0.074958298
58833.716099 25.867317 0.087967833
58833.716662 25.742135 0.078964528
58833.717217 25.759527 0.069962205
58833.717786 25.738206 0.0759393
58833.718352 25.777362 0.082950317
58833.718933 25.802395 0.085954676
58833.719515 25.786052 0.086942533
58833.720081 25.925379 0.092890861
58833.720652 25.820415 0.082959041
58833.721229 25.807157 0.071950979
58833.721798 25.706055 0.076949907
58833.722365 25.787577 0.075958614
58833.722938 25.716235 0.061959017
58833.723517 25.769971 0.068935889
58833.724095 25.734132 0.063965629
58833.724659 25.829048 0.085955132
58833.725228 25.755668 0.068956503
58833.725794 25.807198 0.083907034
58833.726369 25.627371 0.073895703
58833.726949 25.700156 0.071915958
58833.727521 25.856929 0.089892744
58833.728085 25.72144 0.078906057
58833.728659 25.912782 0.094943931
58833.729226 25.738212 0.082923774
58833.729803 25.839422 0.086919518
58833.730359 25.719657 0.071953087
58833.730924 25.807069 0.073959517
58833.731502 25.843751 0.082942721
58833.732059 25.876255 0.087892759
58833.732632 25.746996 0.089910574
58833.733194 25.829769 0.097909214
58833.733759 25.868868 0.10289556
58833.734321 25.716115 0.088870963
58833.734879 25.573998 0.086901128
58833.735444 25.721904 0.10185201
58833.736003 25.727491 0.10387332
58833.736571 25.631347 0.10684465
58833.737136 25.767525 0.11181576
58833.737691 25.798973 0.1019017
58833.738267 25.890242 0.11576911
58833.738823 25.776632 0.091885186
58833.739382 25.668215 0.089875108
58833.739948 25.709976 0.093847725
58833.740522 25.874242 0.10483459
58833.741085 25.71306 0.11663314
58833.741647 25.878766 0.1089014
58833.742215 25.785965 0.095900032
58833.742788 25.747464 0.087859793
58833.743365 25.730886 0.097891849
58833.743953 25.707267 0.1018955
58833.744526 25.867726 0.091917006
58833.745093 25.804269 0.080900719
58833.745664 25.745895 0.0929209
58833.746226 25.703582 0.079937272
58833.746789 25.689631 0.079934671
58833.747358 25.732054 0.07395127
58833.747921 25.729621 0.077947657
58833.748478 25.821924 0.073954507
58833.749035 25.773301 0.070954598
58833.749599 25.834866 0.074954427
58833.750168 25.755594 0.082904099
58833.750733 25.795003 0.087898716
58833.751298 25.753945 0.092787704
58833.751854 25.867895 0.11287599
58833.752416 25.761723 0.08891324
58833.752988 25.762122 0.09091545
58833.753539 25.647849 0.070895091
58833.7541 25.648841 0.069901268
58833.754655 25.81472 0.085932955
58833.75523 25.719655 0.071955732
58833.755803 25.843142 0.08994321
58833.756377 25.809178 0.091944691
58833.756948 25.70026 0.069970012
58833.757519 25.631777 0.080964648
58833.758074 25.810478 0.083968202
58833.758639 25.837602 0.10392369
58833.759204 25.757517 0.11493008
58833.759765 25.776006 0.091934089
58833.760341 25.865767 0.0959508
58833.760921 25.711013 0.08596059
58833.761489 25.669602 0.11091646
58833.76205 25.750165 0.095943761
58833.762618 25.689462 0.086942851
58833.763196 25.959341 0.1059363
58833.763771 25.786503 0.096966313
58833.764345 25.756099 0.089955544
58833.764904 25.717736 0.098939528
58833.765469 25.883348 0.10797034
58833.766035 25.796573 0.086966945
58833.766604 25.832222 0.10096072
58833.767179 25.691678 0.085958158
58833.767754 25.675592 0.0889669
58833.768337 25.69402 0.087956438
58833.768906 25.749685 0.085964028
58833.769468 25.883533 0.10595869
58833.770037 25.736735 0.089953903
58833.770609 25.712782 0.095962797
58833.771176 25.740143 0.10589973
58833.77175 26.061449 0.14392902
58833.772312 25.621107 0.094908158
58833.772873 25.969366 0.15687357
58833.773436 25.927692 0.16585612
58833.774013 26.017113 0.17186771
58833.774581 25.633567 0.1189078
58833.775149 25.739987 0.12886395
58833.775718 25.696033 0.12189912
58833.776274 25.800428 0.12589198
58833.776849 25.783831 0.12694651
58833.777425 25.71965 0.11694699
58833.777996 25.681622 0.11791412
58833.778564 25.86135 0.12392509
58833.779126 26.02724 0.14290176
58833.779701 25.81876 0.11989395
58833.780275 25.803562 0.10790082
58833.780836 25.815989 0.13187547
58833.781394 25.822402 0.13786833
58833.781959 25.747069 0.11193071
58833.78252 25.774058 0.11193073
58833.783078 25.91029 0.13791013
58833.783656 25.788031 0.11291973
58833.784224 25.732952 0.11292903
58833.784791 25.767988 0.09095193
58833.785359 25.842212 0.10495118
58833.785923 25.751698 0.087960598
58833.786499 25.859015 0.10494763
58833.787075 25.79774 0.10090839
58833.787657 25.811367 0.10996023
58833.788243 25.707632 0.096949558
58833.788815 25.694161 0.091949628
58833.789431 25.821086 0.089966192
58833.789993 25.777909 0.089964762
58833.790558 25.821875 0.091971568
58833.791114 25.81566 0.097953984
58833.791692 25.864391 0.086965887
58833.792254 25.69392 0.078962874
58833.792819 25.748458 0.080951116
58833.793386 25.717672 0.073949648
58833.793945 25.776311 0.079959386
58833.794517 25.827519 0.084961048
58833.79508 25.843669 0.08395592
58833.795646 25.756767 0.074953989
58833.796225 25.846982 0.075965079
58833.79679 25.74797 0.06897204
58833.797352 25.652845 0.065974093
58833.797908 25.722271 0.069973235
58833.798484 25.831811 0.07697369
58833.799061 25.761853 0.065959409
58833.799624 25.772838 0.069967179
58833.800185 25.69459 0.068964321
58833.800756 25.690117 0.075968822
58833.801313 25.791041 0.072968989
58833.801876 25.74027 0.073958318
58833.802443 25.928148 0.085953877
58833.803031 25.665326 0.074973757
58833.803608 25.695708 0.066971003
58833.804175 25.704669 0.072976003
58833.804741 25.809864 0.0779706
58833.805316 25.824458 0.080979694
58833.805876 25.649019 0.077965879
58833.806445 25.867213 0.092977683
58833.807016 25.926239 0.094966445
58833.807582 25.730153 0.094962565
58833.80816 25.758208 0.074971914
58833.808724 25.782774 0.081971849
58833.809281 25.71504 0.071966326
58833.809857 25.936976 0.093970028
58833.810432 25.795055 0.082972307
58833.811002 25.953584 0.093974373
58833.81157 25.714547 0.077976341
58833.812141 25.705781 0.071977972
58833.81271 25.711178 0.071980331
58833.813283 25.705081 0.068974451
58833.81385 25.717564 0.071975173
58833.814425 25.780887 0.072978931
58833.81499 25.705683 0.062973606
58833.815567 25.73695 0.075975827
58833.816133 25.701066 0.065967613
58833.816698 25.893336 0.087973452
58833.817289 25.826299 0.087964719
58833.817864 25.767806 0.083960065
58833.818429 25.78778 0.083967374
58833.819011 25.784164 0.084963101
58833.819573 25.672431 0.080965056
58833.820146 25.869362 0.088945865
58833.82073 25.674618 0.070958111
58833.821295 25.687277 0.080966365
58833.821869 25.703362 0.091966867
58833.822431 25.967102 0.11196585
58833.822986 25.817775 0.10496769
58833.823546 25.764271 0.10196408
58833.824122 25.763107 0.099959714
58833.82469 25.748222 0.098969662
58833.82527 25.927515 0.13196496
58833.825842 25.759388 0.098961788
58833.826414 25.552459 0.093960532
58833.826987 25.752196 0.090964624
58833.827559 25.91413 0.099959945
58833.828123 25.889641 0.10597092
58833.828694 25.881932 0.093966636
58833.829263 25.726177 0.084962095
58833.829826 25.685238 0.079963372
58833.830398 25.708779 0.085957999
58833.830961 25.834658 0.083953965
58833.831526 25.774663 0.073969784
58833.832097 25.760062 0.075969094
58833.83267 25.871912 0.079970044
58833.833228 25.685185 0.073955323
58833.833798 25.707492 0.070964371
58833.834371 25.948107 0.10196082
58833.834936 25.750287 0.076966106
58833.83551 25.650777 0.074969072
58833.836083 25.822355 0.070969004
58833.836648 25.868041 0.084947362
58833.837231 25.715039 0.079948962
58833.837806 25.909092 0.10190858
58833.83839 25.702468 0.079948441
58833.838952 26.003178 0.12193125
58833.839512 25.628281 0.077959649
58833.840078 25.71227 0.090954336
58833.840638 25.759916 0.087965465
0.0 0.0 0.0
58833.841784 25.659735 0.076962973
58833.842354 25.63512 0.080968819
58833.842932 25.844486 0.096966332
58833.8435 25.736227 0.089961563
58833.844068 25.825937 0.090963235
58833.84464 25.836747 0.095962719
58833.845192 25.719445 0.095957553
58833.845764 25.747216 0.074975142
58833.846315 25.844848 0.096975725
58833.846882 25.844932 0.10197581
58833.847447 25.756973 0.094974701
58833.848017 25.687927 0.10196572
58833.848583 25.790016 0.11197044
58833.849139 25.769651 0.11595678
58833.849713 25.787882 0.10196299
58833.850286 25.792964 0.10897017
