HJD mag magerr
0.0 0.0 0.0
0.0 0.0 0.0
0.0 0.0 0.0
0.0 0.0 0.0
0.0 0.0 0.0
0.0 0.0 0.0
0.0 0.0 0.0
0.0 0.0 0.0
0.0 0.0 0.0
0.0 0.0 0.0
58833.532068 25.423001 0.070898583
0.0 0.0 0.0
58833.533201 25.596561 0.072908335
0.0 0.0 0.0
0.0 0.0 0.0
0.0 0.0 0.0
0.0 0.0 0.0
58833.536022 25.4117 0.057924784
58833.536586 25.573785 0.058932894
0.0 0.0 0.0
0.0 0.0 0.0
58833.538275 25.632119 0.063917731
58833.538843 25.487763 0.047939849
58833.539403 25.552663 0.052914419
58833.539961 25.527071 0.051886032
58833.540691 25.562915 0.050945446
58833.54127 25.641729 0.054938808
58833.541834 25.700952 0.0599512
58833.542384 25.611636 0.052953526
58833.542946 25.573018 0.053924368
58833.543507 25.694296 0.049960102
58833.544071 25.569947 0.044964798
58833.544644 25.608373 0.043940936
58833.545206 25.710018 0.051936926
58833.545767 25.682406 0.048961082
58833.54634 25.631886 0.041967005
58833.546924 25.679714 0.049937051
58833.547488 25.571653 0.048912191
58833.548053 25.479816 0.043926634
58833.548633 25.536527 0.040959757
58833.549203 25.680299 0.048954831
58833.549779 25.575263 0.038963044
58833.550355 25.948957 0.071954263
58833.550911 25.627122 0.046948634
58833.551466 26.16365 0.075927052
58833.552025 25.774451 0.061919512
58833.552609 25.604989 0.055911546
58833.553172 25.653259 0.057928071
58833.553736 25.568393 0.047927472
58833.554298 25.658329 0.046966351
58833.554862 25.550813 0.039968667
58833.55542 25.602912 0.046968267
58833.556007 25.69837 0.050979797
58833.556565 25.61588 0.050976764
58833.557125 25.595251 0.049967946
58833.557676 25.637954 0.058973866
58833.558245 25.639038 0.054954505
58833.558811 25.91155 0.064954964
58833.559373 25.500803 0.04990559
0.0 0.0 0.0
58833.560497 25.670512 0.074710458
58833.561052 25.773115 0.06290171
58833.561629 25.889838 0.073846091
58833.562183 25.800727 0.066912628
58833.562742 25.539142 0.049936716
58833.563315 25.505334 0.046950643
0.0 0.0 0.0
58833.564461 25.430725 0.057734922
58833.565019 25.556976 0.043936412
58833.565576 25.616341 0.034983128
58833.566153 25.33861 0.043904535
58833.566722 25.655842 0.040917652
58833.56729 25.560545 0.04494319
58833.56785 25.537596 0.046913441
58833.568406 25.603642 0.039966311
0.0 0.0 0.0
58833.569533 25.597225 0.037968641
58833.570095 25.594159 0.031976463
58833.57065 25.816266 0.036984809
58833.57121 25.583179 0.033969791
58833.571768 25.556344 0.033960889
58833.572322 25.614561 0.036973843
58833.572898 25.571522 0.04495265
58833.573468 25.417771 0.042898334
58833.574037 25.587433 0.052899094
58833.574593 25.626669 0.046919052
0.0 0.0 0.0
0.0 0.0 0.0
0.0 0.0 0.0
58833.576839 25.558311 0.047881273
58833.577403 25.526995 0.0429288
58833.577964 25.690519 0.04793135
58833.578544 25.972247 0.064942615
58833.579114 25.639853 0.046902304
58833.579688 26.351445 0.094905815
58833.580238 25.588017 0.048883398
0.0 0.0 0.0
58833.581375 25.564753 0.049837913
58833.581944 25.633786 0.042924799
58833.582509 25.622307 0.041948711
58833.58308 25.710239 0.056901442
58833.583647 25.827919 0.068822627
0.0 0.0 0.0
0.0 0.0 0.0
58833.585316 25.509984 0.049832686
58833.585886 25.570105 0.039934839
58833.586442 25.446204 0.045897747
58833.587001 25.521054 0.046836782
0.0 0.0 0.0
58833.58814 25.872972 0.084799148
58833.588711 25.613203 0.031981941
58833.589285 25.450488 0.037924576
0.0 0.0 0.0
0.0 0.0 0.0
58833.590994 25.745846 0.079801133
0.0 0.0 0.0
0.0 0.0 0.0
0.0 0.0 0.0
0.0 0.0 0.0
0.0 0.0 0.0
0.0 0.0 0.0
0.0 0.0 0.0
0.0 0.0 0.0
0.0 0.0 0.0
0.0 0.0 0.0
58833.597231 25.836439 0.078835696
58833.597797 25.673798 0.064892519
58833.59838 25.670062 0.051912368
58833.598947 25.65674 0.043930826
58833.599512 25.645077 0.055905861
58833.60009 25.66035 0.054933453
58833.600655 25.993945 0.076940925
58833.601221 25.549432 0.040944345
58833.601788 25.474525 0.051906707
58833.602358 25.939081 0.064921909
58833.602926 25.533828 0.061922252
0.0 0.0 0.0
58833.604047 25.642873 0.049926674
0.0 0.0 0.0
58833.605171 25.514245 0.060861205
58833.605736 25.740308 0.076877107
58833.606292 25.47602 0.05986573
0.0 0.0 0.0
58833.607409 25.682683 0.068865929
58833.607972 25.455964 0.05783347
58833.608554 25.487984 0.062840379
0.0 0.0 0.0
0.0 0.0 0.0
58833.61027 25.5792 0.055885685
58833.610843 26.276919 0.094877081
58833.611415 25.492683 0.049781826
58833.611993 25.54469 0.050854134
0.0 0.0 0.0
0.0 0.0 0.0
0.0 0.0 0.0
0.0 0.0 0.0
0.0 0.0 0.0
58833.615407 25.565421 0.057762338
58833.615983 25.478278 0.051858938
58833.616534 25.582843 0.051807874
58833.617093 25.50014 0.060872433
58833.617655 26.229713 0.1049047
58833.618216 25.626182 0.052902191
58833.618781 26.151567 0.085942073
58833.619336 25.796893 0.065915217
58833.619908 25.728203 0.060903968
58833.620489 25.785049 0.060915528
58833.621073 25.578546 0.052911898
58833.621643 25.767521 0.066832923
58833.622212 25.524165 0.051909706
58833.622786 25.79037 0.075797665
58833.623339 26.115404 0.1008856
58833.623898 25.569848 0.057904493
58833.624467 26.150956 0.084921323
58833.625042 25.881078 0.065907914
58833.625625 25.459607 0.041943373
58833.626195 25.628583 0.046939138
58833.626758 25.720493 0.059920103
58833.627345 25.624432 0.048949567
58833.627901 25.624015 0.046964217
58833.628481 25.58022 0.045947478
58833.629058 25.540718 0.046959824
58833.629625 25.605273 0.042953104
58833.630194 25.637416 0.047954903
58833.630754 25.59089 0.048960247
58833.631339 25.571832 0.053917417
0.0 0.0 0.0
0.0 0.0 0.0
58833.633035 25.387951 0.050819905
58833.633609 25.582744 0.058895128
0.0 0.0 0.0
58833.63477 25.715684 0.069849807
58833.63533 25.770027 0.057957831
58833.635896 25.695746 0.059924952
58833.636454 25.625301 0.049944092
58833.637031 25.523272 0.052877405
58833.637603 25.692472 0.058905214
58833.638178 25.570045 0.050887298
58833.638751 25.707002 0.051949795
58833.639317 25.600257 0.05395165
58833.639885 25.640047 0.048965846
58833.640451 25.648615 0.048976097
58833.641017 25.585821 0.042963594
58833.641587 25.874684 0.064960563
58833.642165 25.680383 0.053959684
58833.642733 25.621377 0.051954479
58833.643298 25.934395 0.077948678
58833.643881 25.53879 0.045956627
58833.644463 25.611396 0.042963029
58833.645038 25.663928 0.054957908
58833.645621 25.553406 0.049934705
58833.646196 25.745227 0.059931581
58833.646775 25.637448 0.04996788
58833.647352 25.601293 0.049967783
58833.647947 25.622551 0.054947935
58833.648518 25.603432 0.048973771
58833.649091 25.578707 0.047935561
58833.649661 25.635795 0.049971304
58833.650234 25.61729 0.053971952
58833.650812 25.708284 0.05396284
58833.651385 25.606941 0.059929531
0.0 0.0 0.0
58833.652501 25.664268 0.05496575
58833.653051 25.71206 0.055943853
58833.653627 25.591177 0.049971063
58833.654196 25.649531 0.059952337
58833.654761 25.643963 0.054959044
58833.655332 25.692715 0.050958103
58833.655903 25.722565 0.059963773
58833.656459 25.500286 0.047975471
58833.657018 25.609185 0.050970477
58833.657575 25.599008 0.048972715
58833.658134 25.636085 0.049966565
58833.658729 25.578339 0.050960191
58833.659291 25.534749 0.048972177
58833.659866 25.54161 0.047973119
58833.660428 25.530882 0.05196896
58833.660996 25.572106 0.050960374
58833.661568 25.979145 0.079959673
58833.662129 25.510876 0.053957908
58833.662686 25.561208 0.067937455
58833.663254 25.614724 0.051972323
58833.663845 25.644318 0.073942503
58833.664399 25.682847 0.064953984
58833.664959 25.556707 0.053971053
58833.66553 25.525962 0.051975913
58833.666087 25.630197 0.056980756
58833.666661 25.586486 0.052977511
58833.66724 25.655945 0.052981092
0.0 0.0 0.0
58833.668374 25.797108 0.060981638
58833.66894 25.605622 0.050976594
58833.669515 25.520223 0.063973911
58833.670105 25.661569 0.06496195
58833.670664 25.560318 0.060953492
58833.671231 25.842595 0.075959675
58833.671792 25.605074 0.063958555
58833.672357 25.54738 0.061951245
58833.672921 25.556235 0.061951251
58833.6735 25.649619 0.066975606
58833.674063 25.539716 0.055974669
58833.674632 25.596002 0.06595174
58833.675223 25.553175 0.068896528
58833.67579 25.666375 0.070944036
58833.67635 25.525587 0.070931392
58833.676916 25.541265 0.068954049
58833.677484 25.481885 0.085949826
58833.678056 25.442143 0.063940418
0.0 0.0 0.0
58833.679182 25.5691 0.084852296
0.0 0.0 0.0
0.0 0.0 0.0
0.0 0.0 0.0
0.0 0.0 0.0
0.0 0.0 0.0
0.0 0.0 0.0
0.0 0.0 0.0
0.0 0.0 0.0
0.0 0.0 0.0
0.0 0.0 0.0
0.0 0.0 0.0
58833.686006 25.561008 0.084870897
58833.68663 25.642247 0.081944816
0.0 0.0 0.0
0.0 0.0 0.0
58833.688335 25.924375 0.10294758
58833.6889 25.565494 0.07395843
58833.689473 25.768437 0.085936141
0.0 0.0 0.0
0.0 0.0 0.0
58833.691182 25.609059 0.067923882
58833.691769 25.62805 0.077917747
58833.692334 25.457958 0.077869288
0.0 0.0 0.0
0.0 0.0 0.0
0.0 0.0 0.0
58833.694629 25.646799 0.081930052
58833.695214 25.556061 0.075944907
58833.695788 25.457881 0.065937917
0.0 0.0 0.0
0.0 0.0 0.0
58833.697854 25.861097 0.10992553
58833.698426 25.492003 0.065940024
58833.698997 25.499886 0.093946622
58833.699574 25.5305 0.071947518
58833.700162 26.059436 0.11096335
0.0 0.0 0.0
58833.701314 25.511881 0.077959193
58833.701879 25.573223 0.098941708
58833.702433 25.636995 0.083969299
58833.702997 25.655473 0.072973776
58833.703569 25.661513 0.068960679
58833.704138 25.72797 0.086970125
58833.704693 25.782182 0.091970897
58833.705269 25.689066 0.074954979
58833.705842 25.456052 0.068961569
58833.706416 25.648727 0.088946475
0.0 0.0 0.0
58833.70756 25.650896 0.072964468
58833.708139 25.532615 0.064968603
58833.708701 25.620068 0.069966166
58833.709269 25.669446 0.072953595
58833.709837 25.576572 0.062960147
58833.710398 25.704909 0.078952992
58833.710961 25.526344 0.075942756
0.0 0.0 0.0
0.0 0.0 0.0
58833.712678 25.652351 0.071941844
0.0 0.0 0.0
58833.713811 25.55642 0.068952955
58833.71438 25.691055 0.068965032
58833.714942 25.621872 0.067967468
58833.715515 25.474099 0.059951464
58833.716099 25.66302 0.064970483
58833.716662 25.740984 0.075971182
58833.717217 25.539772 0.061933563
58833.717786 25.680746 0.065952391
58833.718352 25.536537 0.071959364
58833.718933 25.551998 0.073952903
58833.719515 25.568917 0.073954345
58833.720081 25.520292 0.070922469
58833.720652 25.655462 0.076940013
58833.721229 25.722618 0.073956561
0.0 0.0 0.0
58833.722365 25.7139 0.073963249
58833.722938 25.594232 0.062967874
58833.723517 25.684853 0.071963711
58833.724095 25.563759 0.046968667
58833.724659 25.779104 0.08494867
58833.725228 25.663098 0.060965204
58833.725794 25.759679 0.077946358
58833.726369 25.622347 0.078895814
0.0 0.0 0.0
58833.727521 25.516825 0.067915543
58833.728085 26.044054 0.10593042
58833.728659 25.547605 0.06893906
58833.729226 25.664222 0.06794566
58833.729803 25.604759 0.067955159
58833.730359 25.754033 0.076944863
0.0 0.0 0.0
58833.731502 25.989943 0.094950915
0.0 0.0 0.0
58833.732632 25.820624 0.084903871
58833.733194 25.888216 0.094913607
0.0 0.0 0.0
0.0 0.0 0.0
0.0 0.0 0.0
0.0 0.0 0.0
58833.736003 25.284718 0.077853349
0.0 0.0 0.0
0.0 0.0 0.0
0.0 0.0 0.0
0.0 0.0 0.0
0.0 0.0 0.0
0.0 0.0 0.0
0.0 0.0 0.0
0.0 0.0 0.0
0.0 0.0 0.0
0.0 0.0 0.0
0.0 0.0 0.0
0.0 0.0 0.0
0.0 0.0 0.0
0.0 0.0 0.0
0.0 0.0 0.0
0.0 0.0 0.0
0.0 0.0 0.0
58833.746226 25.682261 0.092930684
58833.746789 25.573422 0.069947669
58833.747358 25.871929 0.093955183
58833.747921 25.621852 0.076953776
58833.748478 25.541473 0.061949454
58833.749035 25.65771 0.067958413
58833.749599 25.704785 0.069959898
0.0 0.0 0.0
0.0 0.0 0.0
0.0 0.0 0.0
0.0 0.0 0.0
0.0 0.0 0.0
0.0 0.0 0.0
58833.753539 25.571665 0.066917303
58833.7541 25.666353 0.077947872
58833.754655 25.546207 0.068947219
58833.75523 25.643414 0.075960419
58833.755803 25.525837 0.075952062
0.0 0.0 0.0
58833.756948 25.457861 0.061953178
58833.757519 25.420868 0.07095919
58833.758074 25.752715 0.083960634
58833.758639 25.99916 0.11693153
0.0 0.0 0.0
58833.759765 25.625794 0.092954333
0.0 0.0 0.0
58833.760921 25.563431 0.098955082
0.0 0.0 0.0
58833.76205 25.534251 0.074956574
58833.762618 25.546879 0.08093381
58833.763196 25.767568 0.092968888
58833.763771 25.608991 0.083970064
58833.764345 25.584417 0.071964308
58833.764904 25.594421 0.072964867
58833.765469 25.610943 0.078967664
0.0 0.0 0.0
58833.766604 25.479961 0.07496138
58833.767179 25.537137 0.075967019
58833.767754 25.5166 0.089972314
58833.768337 25.589484 0.074949483
58833.768906 25.742908 0.088963662
58833.769468 25.587123 0.087953341
58833.770037 25.680469 0.086961236
58833.770609 25.596203 0.080964082
0.0 0.0 0.0
58833.77175 25.483102 0.084938132
0.0 0.0 0.0
0.0 0.0 0.0
0.0 0.0 0.0
0.0 0.0 0.0
0.0 0.0 0.0
0.0 0.0 0.0
0.0 0.0 0.0
58833.776274 25.552862 0.11089219
0.0 0.0 0.0
0.0 0.0 0.0
58833.777996 25.872008 0.14290695
0.0 0.0 0.0
58833.779126 25.529923 0.10092265
58833.779701 25.414958 0.084898729
58833.780275 25.648023 0.099905838
0.0 0.0 0.0
0.0 0.0 0.0
0.0 0.0 0.0
58833.78252 25.551729 0.097926643
58833.783078 25.382772 0.099904967
0.0 0.0 0.0
0.0 0.0 0.0
58833.784791 25.546518 0.086942287
58833.785359 25.570752 0.083953662
58833.785923 26.366362 0.14295601
0.0 0.0 0.0
0.0 0.0 0.0
58833.787657 25.555777 0.084957742
58833.788243 26.181105 0.14394884
0.0 0.0 0.0
58833.789431 25.656293 0.077963712
58833.789993 25.798852 0.10695702
58833.790558 25.678132 0.084976391
58833.791114 25.558424 0.075961157
58833.791692 25.502372 0.067973816
58833.792254 25.774017 0.076963696
58833.792819 25.702686 0.077967411
58833.793386 25.716341 0.070960042
58833.793945 25.558899 0.065965626
58833.794517 25.622327 0.07196037
58833.79508 25.695725 0.072960446
58833.795646 25.571478 0.058973431
58833.796225 25.766909 0.065971149
58833.79679 25.587789 0.063974573
58833.797352 25.536803 0.057976416
58833.797908 25.67909 0.057971805
0.0 0.0 0.0
0.0 0.0 0.0
58833.799624 25.579527 0.067954935
58833.800185 25.58549 0.06197548
0.0 0.0 0.0
58833.801313 25.550915 0.061952374
58833.801876 25.604604 0.064964642
58833.802443 25.586059 0.071963534
58833.803031 25.6778 0.076974842
58833.803608 25.711697 0.068968913
58833.804175 25.619097 0.074974628
58833.804741 25.615758 0.059978705
58833.805316 25.488571 0.05997761
58833.805876 25.566424 0.067965654
58833.806445 25.590155 0.077977123
58833.807016 25.590446 0.077973397
0.0 0.0 0.0
58833.80816 25.901697 0.10896631
58833.808724 25.54484 0.058977411
58833.809281 25.657332 0.072967118
0.0 0.0 0.0
0.0 0.0 0.0
58833.811002 25.629276 0.075971991
58833.81157 25.67178 0.083973773
58833.812141 25.660975 0.077975207
58833.81271 25.548688 0.056977507
58833.813283 25.620998 0.070971472
58833.81385 25.57119 0.051973869
58833.814425 25.643745 0.066975372
58833.81499 25.634343 0.062978327
58833.815567 25.552536 0.057972047
58833.816133 25.62839 0.065975619
58833.816698 25.562067 0.071970386
58833.817289 25.573474 0.067951822
0.0 0.0 0.0
58833.818429 25.607801 0.071967037
58833.819011 25.532985 0.07196199
58833.819573 25.617031 0.0799608
0.0 0.0 0.0
58833.82073 25.680441 0.068965226
58833.821295 25.845159 0.086958556
58833.821869 25.878676 0.1049698
58833.822431 25.642163 0.089967635
58833.822986 25.785509 0.090971825
58833.823546 25.62724 0.092963857
58833.824122 25.674066 0.089959682
58833.82469 25.541703 0.086948526
58833.82527 25.607159 0.10496934
58833.825842 25.521876 0.078967907
58833.826414 25.521842 0.089955728
58833.826987 25.646421 0.087964106
58833.827559 25.625188 0.090959701
58833.828123 25.531856 0.08196762
58833.828694 25.660768 0.072949228
58833.829263 25.666709 0.0789607
58833.829826 25.779525 0.084959212
58833.830398 25.565182 0.07494026
58833.830961 25.65662 0.079947081
58833.831526 25.638279 0.068966865
58833.832097 25.668089 0.067959869
58833.83267 25.846577 0.080951343
58833.833228 25.651573 0.073964132
58833.833798 25.494272 0.059962032
58833.834371 25.697602 0.085941186
58833.834936 25.677919 0.069961512
58833.83551 25.654011 0.070956285
58833.836083 25.744741 0.075967443
58833.836648 25.561311 0.073941491
58833.837231 25.50014 0.073961485
0.0 0.0 0.0
58833.83839 25.543058 0.073947313
58833.838952 25.641781 0.087926224
58833.839512 25.427326 0.065959234
58833.840078 25.644288 0.1079588
0.0 0.0 0.0
58833.841214 25.542116 0.074964078
58833.841784 25.626422 0.081968938
58833.842354 25.672064 0.088966093
58833.842932 25.558393 0.076962444
58833.8435 25.665043 0.076959199
58833.844068 25.766812 0.096968012
58833.84464 25.648823 0.081967596
58833.845192 25.678332 0.08597061
58833.845764 25.57999 0.072977343
58833.846315 25.641522 0.087972157
58833.846882 25.585482 0.08597444
58833.847447 25.564705 0.094973835
58833.848017 25.728829 0.096960175
58833.848583 25.838835 0.11496806
58833.849139 25.534966 0.088965483
58833.849713 25.60158 0.089956617
0.0 0.0 0.0
