HJD mag magerr
58833.526351 25.33853 0.2127717
58833.526938 25.408369 0.18863114
58833.527497 25.474691 0.17682499
58833.528073 25.485487 0.15767979
58833.52864 25.273482 0.10382724
58833.529223 25.264811 0.12961376
58833.529794 25.222158 0.13061242
58833.530369 25.408823 0.11775353
58833.530936 25.348031 0.09389563
58833.531508 25.456471 0.083887661
58833.532068 25.469108 0.07690475
58833.532639 25.397549 0.067894278
58833.533201 25.441663 0.069930303
58833.533765 25.528383 0.070935605
58833.534319 25.347642 0.077724168
58833.534878 25.370599 0.06680696
58833.535457 25.429559 0.068829635
58833.536022 25.479126 0.060923408
58833.536586 25.464358 0.056940079
58833.537148 25.506252 0.051934918
58833.537706 25.363356 0.057883276
58833.538275 25.37861 0.050926388
58833.538843 25.44418 0.054929798
58833.539403 25.357106 0.041931906
58833.539961 25.413315 0.043943303
58833.540691 25.423745 0.043961576
58833.54127 25.372259 0.043928646
58833.541834 25.411391 0.04294489
58833.542384 25.388006 0.048938371
58833.542946 25.454841 0.045934252
58833.543507 25.374959 0.039952259
0.0 0.0 0.0
58833.544644 25.445962 0.037963462
58833.545206 25.36249 0.03993788
58833.545767 25.429124 0.039952492
58833.54634 25.456443 0.039961755
58833.546924 25.422703 0.039944258
58833.547488 25.444297 0.044937115
58833.548053 25.483412 0.040943353
58833.548633 25.424975 0.039962226
58833.549203 25.463682 0.036958987
58833.549779 25.414018 0.03895687
0.0 0.0 0.0
58833.550911 25.43481 0.039935101
58833.551466 25.367793 0.040941596
58833.552025 25.46848 0.045915756
58833.552609 25.417588 0.042915936
58833.553172 25.445958 0.04294365
58833.553736 25.407925 0.041951728
58833.554298 25.450185 0.043964368
58833.554862 25.461157 0.04196314
58833.55542 25.369631 0.041975767
58833.556007 25.361579 0.042979839
58833.556565 25.449006 0.047977338
58833.557125 25.524076 0.049972631
58833.557676 25.416059 0.05397839
58833.558245 25.364408 0.039963267
58833.558811 25.405491 0.03994696
58833.559373 25.457237 0.044935148
58833.559928 25.342963 0.045863954
58833.560497 25.568557 0.069795833
58833.561052 25.431311 0.044910989
58833.561629 25.306233 0.042906283
58833.562183 25.428503 0.046942422
58833.562742 25.428149 0.042946984
58833.563315 25.373017 0.04094922
58833.563889 25.337797 0.045836793
58833.564461 25.482277 0.052765123
58833.565019 25.348862 0.030961419
58833.565576 25.439639 0.03098774
58833.566153 25.446409 0.042925843
58833.566722 25.442002 0.039942906
58833.56729 25.465705 0.046939205
58833.56785 25.440882 0.044905574
58833.568406 25.40275 0.03597318
58833.568961 25.43312 0.031974957
58833.569533 25.421144 0.031980915
58833.570095 25.424323 0.032972591
58833.57065 25.387482 0.033983547
58833.57121 25.418783 0.030974157
58833.571768 25.434466 0.035974203
58833.572322 25.440543 0.032969435
58833.572898 25.457464 0.039958279
58833.573468 25.336253 0.037863396
58833.574037 25.282161 0.038899409
58833.574593 25.434075 0.040908971
58833.575159 25.398527 0.053724228
58833.575726 25.490156 0.046805163
58833.576286 25.245468 0.041846818
58833.576839 25.505331 0.046871609
58833.577403 25.407476 0.039951752
58833.577964 25.387116 0.038957397
58833.578544 25.350771 0.039936487
58833.579114 25.38674 0.035956797
58833.579688 25.40222 0.039919165
58833.580238 25.41479 0.044907452
58833.58081 25.41525 0.041920969
58833.581375 25.533214 0.055798497
58833.581944 25.423095 0.041909819
58833.582509 25.416521 0.034947025
58833.58308 25.455605 0.041909926
58833.583647 25.388991 0.046871377
58833.584215 25.429536 0.055781271
58833.584762 25.415412 0.04088701
58833.585316 25.377013 0.044852002
58833.585886 25.458191 0.036922077
58833.586442 25.341513 0.035933064
58833.587001 25.37295 0.038920776
58833.587566 25.351813 0.053864017
58833.58814 25.40733 0.05189082
58833.588711 25.382299 0.034965304
58833.589285 25.426694 0.039936151
58833.589857 25.316737 0.039777434
58833.590423 25.402982 0.056766384
58833.590994 25.327091 0.04980376
58833.591559 25.48476 0.072728538
58833.592112 25.469018 0.068755365
58833.592665 25.397098 0.065740727
58833.593224 25.45108 0.070814608
58833.593796 25.337419 0.076818753
58833.594369 25.549698 0.10950772
58833.59492 25.401219 0.075749606
58833.595528 25.360224 0.058783179
58833.596082 25.379575 0.055861916
58833.596665 25.400704 0.062860667
58833.597231 25.39738 0.049836847
58833.597797 25.338239 0.044910977
58833.59838 25.36878 0.038948824
58833.598947 25.439714 0.03993811
58833.599512 25.440178 0.047918483
58833.60009 25.355975 0.039940216
58833.600655 25.463684 0.046946777
58833.601221 25.436339 0.044922779
58833.601788 25.445407 0.048945415
58833.602358 25.502453 0.043931287
58833.602926 25.338916 0.046898057
58833.60349 25.428357 0.060814135
58833.604047 25.414782 0.042926542
58833.604615 25.372309 0.049887942
58833.605171 25.398501 0.052833666
58833.605736 25.316664 0.049889825
58833.606292 25.38007 0.051890232
58833.606846 25.479861 0.051866262
58833.607409 25.385398 0.051882465
58833.607972 25.476683 0.055908687
58833.608554 25.461251 0.063850268
58833.609122 25.413471 0.049900303
58833.609691 25.373722 0.054839803
58833.61027 25.375504 0.044895851
58833.610843 25.429318 0.049890602
58833.611415 25.446823 0.044875068
58833.611993 25.463245 0.047856548
58833.612577 25.424765 0.044852434
58833.613137 25.31827 0.047853396
58833.613696 25.458876 0.050830617
58833.614278 25.449413 0.046873654
58833.614853 25.48318 0.051807137
58833.615407 25.438039 0.048844989
58833.615983 25.370102 0.044873349
58833.616534 25.360609 0.041903222
58833.617093 25.347776 0.048895897
58833.617655 25.402365 0.047926661
58833.618216 25.401158 0.046931243
58833.618781 25.521051 0.052939253
58833.619336 25.346107 0.045928993
58833.619908 25.359643 0.044917981
58833.620489 25.445676 0.048923947
58833.621073 25.377969 0.043934918
58833.621643 25.398754 0.047905666
58833.622212 25.422297 0.044917103
58833.622786 25.36056 0.051880723
58833.623339 25.433186 0.049926013
58833.623898 25.457107 0.045912349
58833.624467 25.498081 0.04893395
58833.625042 25.367671 0.045923028
58833.625625 25.430512 0.040931929
58833.626195 25.41823 0.040942207
58833.626758 25.407993 0.043895945
58833.627345 25.457094 0.04095722
58833.627901 25.393396 0.038957257
58833.628481 25.369126 0.0419581
58833.629058 25.414234 0.044953977
58833.629625 25.397466 0.03895874
58833.630194 25.42045 0.039959479
58833.630754 25.442832 0.045963485
58833.631339 25.541284 0.057899769
58833.631919 25.36374 0.052806284
58833.632476 25.363231 0.056833885
58833.633035 25.395575 0.050882439
58833.633609 25.457341 0.053873676
58833.634176 25.322541 0.068921229
58833.63477 25.357264 0.049905255
58833.63533 25.416054 0.044947915
58833.635896 25.466396 0.048920039
58833.636454 25.363415 0.037962786
58833.637031 25.38256 0.045891864
58833.637603 25.514952 0.050938608
58833.638178 25.378964 0.047903059
58833.638751 25.408869 0.045958044
58833.639317 25.415339 0.04495556
58833.639885 25.390243 0.042959714
58833.640451 25.439156 0.041977587
58833.641017 25.461963 0.043974568
58833.641587 25.432745 0.044958779
58833.642165 25.404389 0.048962438
58833.642733 25.388535 0.041962719
58833.643298 25.403726 0.043957216
58833.643881 25.407198 0.043946585
58833.644463 25.408944 0.040976964
58833.645038 25.388646 0.043964663
58833.645621 25.382913 0.043943224
58833.646196 25.382449 0.045944919
58833.646775 25.400225 0.041962166
58833.647352 25.372081 0.041966049
58833.647947 25.393575 0.052937909
58833.648518 25.372991 0.040979027
58833.649091 25.43276 0.042967525
58833.649661 25.382211 0.043975273
58833.650234 25.475044 0.045975049
58833.650812 25.42417 0.040969245
58833.651385 25.422476 0.053961289
58833.651942 25.445682 0.049962167
58833.652501 25.391075 0.044973052
58833.653051 25.423797 0.049978401
58833.653627 25.468309 0.046974311
0.0 0.0 0.0
58833.654761 25.445452 0.045966355
58833.655332 25.312961 0.038974457
58833.655903 25.429097 0.041977745
58833.656459 25.451215 0.044977801
58833.657018 25.412974 0.041981213
58833.657575 25.417597 0.049980994
58833.658134 25.423494 0.047973522
58833.658729 25.417839 0.045963163
58833.659291 25.420365 0.043968203
58833.659866 25.472443 0.047979633
58833.660428 25.455716 0.045963597
58833.660996 25.403136 0.043965796
58833.661568 25.426383 0.049963634
58833.662129 25.42532 0.047947751
58833.662686 25.327034 0.051940925
58833.663254 25.388282 0.044976884
58833.663845 25.497097 0.060919956
58833.664399 25.336428 0.049960692
58833.664959 25.491006 0.05297665
58833.66553 25.432909 0.053971919
58833.666087 25.428154 0.050979159
58833.666661 25.492857 0.051980068
58833.66724 25.415531 0.042984387
58833.667808 25.422138 0.048981564
58833.668374 25.506282 0.051978404
58833.66894 25.459607 0.045973475
58833.669515 25.439946 0.04997026
58833.670105 25.422817 0.054962325
58833.670664 25.416058 0.050960624
58833.671231 25.408626 0.055964413
58833.671792 25.36935 0.054959355
58833.672357 25.470731 0.055960986
58833.672921 25.424806 0.056958295
58833.6735 25.36179 0.051974106
58833.674063 25.384885 0.049977605
58833.674632 25.453181 0.053959028
58833.675223 25.362853 0.05990779
58833.67579 25.414046 0.057949259
58833.67635 25.366708 0.055940744
58833.676916 25.473602 0.064959117
58833.677484 25.426078 0.07195301
58833.678056 25.390326 0.066947725
58833.678616 25.295313 0.068851652
58833.679182 25.465866 0.077870455
58833.679761 25.400068 0.072800635
58833.680323 25.328778 0.091593854
58833.680894 25.433127 0.08380313
58833.681455 25.519421 0.09967418
58833.68202 25.331062 0.078784863
58833.682591 25.385783 0.088777373
58833.683157 25.421614 0.077878083
58833.683728 25.335361 0.074865451
58833.68429 25.319165 0.078773845
58833.684864 25.41057 0.069921452
58833.685427 25.36643 0.070913955
58833.686006 25.298672 0.059889013
58833.68663 25.337072 0.059948403
58833.687197 25.363917 0.065962906
58833.687766 25.452865 0.069950891
58833.688335 25.47983 0.072959374
58833.6889 25.361052 0.060948268
58833.689473 25.448705 0.066942543
58833.690035 25.41534 0.06494168
58833.690606 25.365335 0.060918252
58833.691182 25.283973 0.054951661
58833.691769 25.348629 0.055932489
58833.692334 25.404904 0.070888958
58833.692912 25.315743 0.059917911
58833.693482 25.350104 0.057933608
58833.694055 25.384574 0.062935561
58833.694629 25.344396 0.055958339
58833.695214 25.406842 0.064951379
58833.695788 25.432517 0.06994471
58833.696709 25.395645 0.070944515
58833.697282 25.371398 0.077906626
58833.697854 25.369369 0.068926307
58833.698426 25.360278 0.065945357
58833.698997 25.25182 0.069931288
58833.699574 25.390425 0.063963324
58833.700162 25.429895 0.062967855
58833.700738 25.465507 0.077954963
58833.701314 25.365078 0.070956049
58833.701879 25.403265 0.097959426
58833.702433 25.46989 0.079972792
58833.702997 25.40544 0.048976414
58833.703569 25.424664 0.061963442
58833.704138 25.385686 0.058979048
58833.704693 25.367688 0.063973908
58833.705269 25.349417 0.056964465
58833.705842 25.348254 0.062952432
58833.706416 25.336428 0.071940888
58833.706995 25.408402 0.05897277
58833.70756 25.395938 0.06595781
58833.708139 25.409491 0.056960882
58833.708701 25.481495 0.06296783
58833.709269 25.387633 0.063968339
58833.709837 25.525789 0.068965416
58833.710398 25.34638 0.062969393
58833.710961 25.430016 0.066934975
58833.711531 25.393672 0.064954574
58833.712096 25.374712 0.065951005
58833.712678 25.372018 0.062948769
58833.713245 25.399455 0.063957306
58833.713811 25.424722 0.057960027
58833.71438 25.399767 0.055966992
58833.714942 25.503823 0.054961693
58833.715515 25.406451 0.056959698
58833.716099 25.397938 0.060972342
58833.716662 25.44526 0.06097401
58833.717217 25.397437 0.050971484
58833.717786 25.37014 0.053959252
58833.718352 25.455428 0.061951835
58833.718933 25.414253 0.063957355
58833.719515 25.338934 0.058954905
58833.720081 25.421775 0.064943398
58833.720652 25.354531 0.054958325
58833.721229 25.325106 0.05194721
58833.721798 25.351663 0.065945679
58833.722365 25.420522 0.057954643
58833.722938 25.355862 0.050971767
58833.723517 25.332107 0.051956399
58833.724095 25.431346 0.048963045
58833.724659 25.354969 0.056957926
58833.725228 25.376046 0.053960018
58833.725794 25.378592 0.059958801
58833.726369 25.424539 0.06493897
58833.726949 25.431816 0.064921949
58833.727521 25.399465 0.060887871
58833.728085 25.395294 0.061908387
58833.728659 25.320422 0.058943615
58833.729226 25.387184 0.06194558
58833.729803 25.356707 0.049960791
58833.730359 25.527827 0.063948925
58833.730924 25.406376 0.053961763
58833.731502 25.405765 0.059957785
58833.732059 25.432195 0.076891699
58833.732632 25.386078 0.063937514
58833.733194 25.534294 0.073913596
58833.733759 25.357312 0.068871333
58833.734321 25.43338 0.077908107
58833.734879 25.365405 0.074889675
58833.735444 25.396002 0.075840677
58833.736003 25.527905 0.096857895
58833.736571 25.303995 0.081852984
58833.737136 25.585331 0.094854453
58833.737691 25.288215 0.06789915
58833.738267 25.356155 0.076779411
58833.738823 25.426478 0.069876233
58833.739382 25.236661 0.063894258
58833.739948 25.419141 0.078833726
58833.740522 25.349676 0.082839515
58833.741085 25.514013 0.10280314
58833.741647 25.425985 0.079897414
58833.742215 25.340462 0.064920189
58833.742788 25.379168 0.0668372
58833.743365 25.378601 0.080893754
58833.743953 25.343901 0.070883539
58833.744526 25.432866 0.064908112
58833.745093 25.358364 0.055937938
58833.745664 25.326042 0.059922182
58833.746226 25.360645 0.064933291
58833.746789 25.39057 0.053933534
58833.747358 25.326197 0.059950865
58833.747921 25.362401 0.054945629
58833.748478 25.393116 0.051952907
58833.749035 25.344673 0.057951273
58833.749599 25.436103 0.059948254
58833.750168 25.450929 0.065898712
58833.750733 25.249113 0.05690864
58833.751298 25.281276 0.057861837
58833.751854 25.307386 0.071869652
58833.752416 25.29066 0.062912048
58833.752988 25.323721 0.05791814
58833.753539 25.321555 0.058927067
58833.7541 25.397362 0.056935725
58833.754655 25.428921 0.059950656
58833.75523 25.440602 0.060965814
58833.755803 25.312855 0.061940458
58833.756377 25.285723 0.063942269
58833.756948 25.365087 0.057966383
58833.757519 25.359533 0.067969506
58833.758074 25.32698 0.055965722
58833.758639 25.25277 0.062922799
58833.759204 25.313133 0.069909556
58833.759765 25.34019 0.072957352
58833.760341 25.332615 0.065958452
58833.760921 25.364986 0.066958889
58833.761489 25.246286 0.069922519
58833.76205 25.316483 0.062960629
58833.762618 25.397201 0.074945349
58833.763196 25.388057 0.062956372
58833.763771 25.351022 0.058973943
58833.764345 25.444603 0.063966304
58833.764904 25.444893 0.065971952
58833.765469 25.339312 0.064979272
58833.766035 25.425131 0.068969468
58833.766604 25.339671 0.063951352
58833.767179 25.38538 0.063973464
58833.767754 25.513632 0.076972226
58833.768337 25.441404 0.068964997
58833.768906 25.471918 0.069967933
58833.769468 25.295529 0.065947076
58833.770037 25.309422 0.070962248
58833.770609 25.332825 0.068955694
58833.771176 25.366925 0.08289993
58833.77175 25.287076 0.078923267
58833.772312 25.331939 0.080900742
58833.772873 25.280537 0.089879057
58833.773436 25.317303 0.098846353
58833.774013 25.405867 0.11586345
58833.774581 25.360715 0.082907163
58833.775149 25.427998 0.098902805
58833.775718 25.517909 0.10690515
58833.776274 25.432038 0.1009324
58833.776849 25.399057 0.089946038
58833.777425 25.267847 0.085942528
0.0 0.0 0.0
58833.778564 25.433326 0.081941374
58833.779126 25.392707 0.084927003
58833.779701 25.432778 0.087925189
58833.780275 25.37785 0.073937915
58833.780836 25.418341 0.096853119
58833.781394 25.522769 0.10985267
58833.781959 25.350458 0.076932156
58833.78252 25.330264 0.077944925
58833.783078 25.389785 0.081897497
58833.783656 25.403156 0.079914982
58833.784224 25.460012 0.087945368
58833.784791 25.407306 0.077950189
58833.785359 25.434004 0.080953818
58833.785923 25.397628 0.067964172
58833.786499 25.518831 0.085948027
58833.787075 25.390068 0.077954323
58833.787657 25.571198 0.091954362
58833.788243 25.340721 0.06995109
58833.788815 25.475933 0.076961727
58833.789431 25.476514 0.068968393
58833.789993 25.372417 0.065959683
58833.790558 25.474982 0.063973226
58833.791114 25.335164 0.069951693
58833.791692 25.299897 0.058969686
58833.792254 25.371581 0.062951625
58833.792819 25.468833 0.060963938
58833.793386 25.373455 0.057953855
58833.793945 25.441093 0.064960343
58833.794517 25.426386 0.056964879
58833.79508 25.337886 0.054964747
58833.795646 25.437754 0.054968464
58833.796225 25.409031 0.053964133
58833.79679 25.321476 0.048977424
58833.797352 25.371531 0.053981817
58833.797908 25.497146 0.061975779
58833.798484 25.480769 0.06097803
58833.799061 25.396372 0.05297364
58833.799624 25.424874 0.057970578
58833.800185 25.389612 0.054975175
58833.800756 25.394068 0.054960537
58833.801313 25.312553 0.046968332
58833.801876 25.419271 0.052969711
58833.802443 25.375146 0.057954463
58833.803031 25.396664 0.059978173
58833.803608 25.361334 0.053970975
58833.804175 25.375387 0.057978444
58833.804741 25.299795 0.050977901
58833.805316 25.471149 0.055976865
58833.805876 25.440965 0.072969456
58833.806445 25.510835 0.062980321
58833.807016 25.470953 0.059975912
58833.807582 25.368892 0.061961145
58833.80816 25.402959 0.069974938
58833.808724 25.45694 0.056977075
58833.809281 25.375144 0.056972042
58833.809857 25.403317 0.060976649
58833.810432 25.447755 0.072969341
58833.811002 25.438498 0.069974161
58833.81157 25.443395 0.066978692
58833.812141 25.413664 0.06397842
58833.81271 25.450707 0.058980524
58833.813283 25.432615 0.056982202
58833.81385 25.446507 0.051981734
58833.814425 25.426265 0.053980894
58833.81499 25.407429 0.055981505
58833.815567 25.452158 0.061977811
58833.816133 25.345119 0.054976972
58833.816698 25.381732 0.063956433
58833.817289 25.29323 0.050969421
58833.817864 25.343363 0.058963366
58833.818429 25.272026 0.054965365
58833.819011 25.346136 0.06196515
58833.819573 25.372566 0.060973652
58833.820146 25.378471 0.060960291
58833.82073 25.438103 0.056968706
58833.821295 25.446151 0.064968226
58833.821869 25.468015 0.076967259
58833.822431 25.46011 0.068974319
58833.822986 25.476106 0.072976403
58833.823546 25.443628 0.083959081
58833.824122 25.353359 0.070957415
58833.82469 25.406948 0.076972655
58833.82527 25.375687 0.079974557
58833.825842 25.519587 0.085970584
58833.826414 25.302518 0.072956203
58833.826987 25.334379 0.071958684
58833.827559 25.45779 0.072964334
58833.828123 25.379659 0.071970708
58833.828694 25.346104 0.05995609
58833.829263 25.399181 0.058964366
58833.829826 25.35032 0.057954084
58833.830398 25.354839 0.060964186
58833.830961 25.464293 0.070965451
58833.831526 25.413866 0.061955836
58833.832097 25.505163 0.058971464
58833.83267 25.40902 0.055966061
58833.833228 25.360546 0.058966124
58833.833798 25.496882 0.060972538
58833.834371 25.436165 0.06995241
58833.834936 25.375483 0.051972666
58833.83551 25.372528 0.062969352
58833.836083 25.479627 0.067967458
58833.836648 25.352627 0.056970055
58833.837231 25.252963 0.056969795
58833.837806 25.273311 0.066934436
58833.83839 25.443443 0.065950185
58833.838952 25.370589 0.069933364
58833.839512 25.468446 0.072962126
58833.840078 25.325227 0.0689534
58833.840638 25.389864 0.063966986
58833.841214 25.382631 0.070964792
58833.841784 25.331092 0.05797363
58833.842354 25.318781 0.066969592
58833.842932 25.392663 0.069966155
58833.8435 25.322422 0.063969794
58833.844068 25.384738 0.065971108
58833.84464 25.368457 0.063969519
58833.845192 25.416928 0.07097482
58833.845764 25.429165 0.066976947
58833.846315 25.408884 0.063977328
58833.846882 25.546146 0.08097975
58833.847447 25.36073 0.07996733
58833.848017 25.335924 0.069976016
58833.848583 25.56353 0.099969172
58833.849139 25.406923 0.072972977
58833.849713 25.309477 0.074961309
58833.850286 25.437412 0.085975987
