HJD mag magerr
0.0 0.0 0.0
0.0 0.0 0.0
0.0 0.0 0.0
0.0 0.0 0.0
0.0 0.0 0.0
0.0 0.0 0.0
0.0 0.0 0.0
0.0 0.0 0.0
58833.530936 25.91736 0.16181741
58833.531508 25.726771 0.10988
58833.532068 25.675347 0.085922102
58833.532639 25.7978 0.10183967
58833.533201 25.701315 0.085913966
58833.533765 25.65668 0.08991408
58833.534319 26.151462 0.15980078
58833.534878 25.609519 0.092830439
58833.535457 25.64553 0.09177783
58833.536022 25.744391 0.074928327
0.0 0.0 0.0
58833.537148 25.808616 0.078924688
58833.537706 25.737762 0.087894502
58833.538275 25.753012 0.074892498
58833.538843 25.900853 0.069933143
58833.539403 25.817953 0.075924601
58833.539961 25.821026 0.064935515
58833.540691 25.604164 0.055928764
58833.54127 25.722594 0.060934346
58833.541834 25.725562 0.061948144
0.0 0.0 0.0
58833.542946 25.679803 0.054939465
58833.543507 25.643172 0.050934424
0.0 0.0 0.0
58833.544644 25.615721 0.054959693
58833.545206 25.925785 0.068915902
58833.545767 25.721188 0.04895339
0.0 0.0 0.0
58833.546924 25.660673 0.077943204
58833.547488 25.751007 0.065921309
58833.548053 25.692614 0.058925322
58833.548633 25.650216 0.05295054
58833.549203 25.710317 0.05096053
58833.549779 25.642442 0.045958614
58833.550355 25.708272 0.05793969
58833.550911 25.648355 0.048958923
58833.551466 25.676789 0.056942916
58833.552025 25.683692 0.055932983
58833.552609 25.70315 0.064945811
58833.553172 25.642421 0.058945874
58833.553736 25.588507 0.049938776
58833.554298 25.632776 0.048959121
58833.554862 25.702143 0.046958342
58833.55542 25.771868 0.056963032
58833.556007 25.675925 0.054951471
58833.556565 25.683214 0.056974885
58833.557125 25.58783 0.050970363
58833.557676 25.652267 0.062975542
58833.558245 25.699633 0.051964274
58833.558811 25.660464 0.054948026
0.0 0.0 0.0
0.0 0.0 0.0
0.0 0.0 0.0
0.0 0.0 0.0
58833.561629 25.80968 0.071919996
58833.562183 25.730432 0.064919372
58833.562742 25.679097 0.055935946
58833.563315 25.730975 0.057948232
58833.563889 25.312343 0.062852222
58833.564461 25.654242 0.091538444
58833.565019 25.649736 0.057920204
58833.565576 25.711639 0.037988178
58833.566153 25.672834 0.06489882
58833.566722 25.707291 0.047964405
58833.56729 25.705189 0.054939365
58833.56785 25.726098 0.055947628
58833.568406 25.671214 0.045966547
58833.568961 25.545003 0.035961
58833.569533 25.656922 0.037970866
58833.570095 25.661058 0.038974357
58833.57065 25.69903 0.038979062
58833.57121 25.592777 0.038971592
58833.571768 25.623792 0.046949297
58833.572322 25.659104 0.039977991
58833.572898 25.534079 0.045957392
58833.573468 25.591753 0.057926622
0.0 0.0 0.0
58833.574593 25.640159 0.058909599
0.0 0.0 0.0
58833.575726 25.244719 0.049838597
0.0 0.0 0.0
58833.576839 25.801477 0.081879419
58833.577403 25.682198 0.058920886
58833.577964 25.53746 0.045956321
58833.578544 25.629523 0.049944173
58833.579114 25.659895 0.056941018
58833.579688 25.638728 0.058911753
58833.580238 25.578708 0.059903229
58833.58081 25.66498 0.056859579
58833.581375 25.849298 0.072905734
58833.581944 25.625969 0.046924653
58833.582509 25.738214 0.056937241
58833.58308 25.739148 0.055920695
58833.583647 25.623335 0.06288111
58833.584215 25.252951 0.052790689
0.0 0.0 0.0
0.0 0.0 0.0
58833.585886 25.498209 0.04792272
58833.586442 25.674284 0.06292696
58833.587001 25.686717 0.063912896
58833.587566 25.716842 0.079841424
58833.58814 25.356891 0.060853822
58833.588711 25.757199 0.05395481
58833.589285 25.731568 0.057920709
0.0 0.0 0.0
58833.590423 25.655673 0.070844505
58833.590994 25.735554 0.089764714
0.0 0.0 0.0
0.0 0.0 0.0
0.0 0.0 0.0
0.0 0.0 0.0
0.0 0.0 0.0
0.0 0.0 0.0
0.0 0.0 0.0
0.0 0.0 0.0
58833.596082 25.607607 0.11283155
58833.596665 25.785809 0.088855371
58833.597231 25.532876 0.066880377
58833.597797 25.690332 0.066903586
58833.59838 25.600058 0.05394413
58833.598947 25.664557 0.051948057
58833.599512 25.652983 0.055917792
58833.60009 25.680102 0.056934702
58833.600655 25.694052 0.056950376
58833.601221 25.620365 0.045941603
58833.601788 25.806224 0.071915296
58833.602358 25.715362 0.053951721
58833.602926 25.874501 0.077934981
58833.60349 25.614244 0.08181031
58833.604047 25.637792 0.049941815
58833.604615 25.582055 0.065895211
58833.605171 25.564304 0.069881253
58833.605736 25.683105 0.072897439
58833.606292 25.407347 0.064919103
0.0 0.0 0.0
58833.607409 25.591586 0.069885264
58833.607972 25.759859 0.082866755
0.0 0.0 0.0
58833.609122 25.718855 0.074888208
58833.609691 25.810214 0.092854708
58833.61027 25.733543 0.072889592
58833.610843 25.521212 0.057902013
58833.611415 25.550001 0.059859288
58833.611993 25.600213 0.061831032
58833.612577 25.597869 0.063847609
0.0 0.0 0.0
58833.613696 25.465273 0.06676692
58833.614278 25.517978 0.059834099
0.0 0.0 0.0
58833.615407 25.683399 0.068837716
58833.615983 25.522961 0.064869446
0.0 0.0 0.0
58833.617093 25.784448 0.075880653
58833.617655 25.626089 0.054923533
58833.618216 25.59263 0.057916012
58833.618781 25.697999 0.059910478
58833.619336 25.513329 0.05490584
58833.619908 25.767351 0.078913474
0.0 0.0 0.0
58833.621073 25.597694 0.059938892
58833.621643 25.8253 0.077855917
0.0 0.0 0.0
58833.622786 25.702448 0.075889319
58833.623339 25.774466 0.079898171
58833.623898 25.696377 0.066932444
58833.624467 25.634175 0.058937879
58833.625042 25.684561 0.061922503
58833.625625 25.666978 0.052934629
58833.626195 25.678946 0.047938014
58833.626758 25.670209 0.057937691
58833.627345 25.603838 0.048949654
58833.627901 25.764381 0.054961284
58833.628481 25.69002 0.050956507
58833.629058 25.669795 0.05592824
58833.629625 25.633955 0.047963566
58833.630194 25.650535 0.044962912
58833.630754 25.627878 0.045958919
0.0 0.0 0.0
0.0 0.0 0.0
58833.632476 25.462493 0.064884068
0.0 0.0 0.0
58833.633609 25.632824 0.066781103
58833.634176 25.860615 0.097927699
58833.63477 25.694747 0.077895393
58833.63533 25.763307 0.0559316
58833.635896 25.752492 0.062894659
58833.636454 25.691275 0.053959546
58833.637031 25.72075 0.06793396
58833.637603 25.779202 0.065919789
58833.638178 25.774727 0.067906305
58833.638751 25.735802 0.054939808
58833.639317 25.72 0.059936964
58833.639885 25.710527 0.056943844
58833.640451 25.690121 0.056958822
58833.641017 25.670391 0.049953866
58833.641587 25.680042 0.053966013
58833.642165 25.667479 0.05195804
58833.642733 25.555155 0.047940992
58833.643298 25.688531 0.056959087
58833.643881 25.633827 0.050966057
58833.644463 25.57057 0.043965755
58833.645038 25.706679 0.055948877
58833.645621 25.605536 0.053944901
58833.646196 25.688441 0.065945799
58833.646775 25.65545 0.053966377
58833.647352 25.626351 0.051948971
58833.647947 25.7231 0.054943946
58833.648518 25.690019 0.058973365
58833.649091 25.7231 0.060968015
58833.649661 25.635808 0.055966236
58833.650234 25.662115 0.051969643
58833.650812 25.600754 0.051953848
58833.651385 25.650411 0.051946635
58833.651942 25.712243 0.057941062
58833.652501 25.572744 0.048963394
58833.653051 25.762336 0.064975665
58833.653627 25.655141 0.050975757
58833.654196 25.641807 0.055944118
58833.654761 25.751945 0.056968416
58833.655332 25.729178 0.053947731
58833.655903 25.586496 0.051972717
58833.656459 25.650568 0.052972361
58833.657018 25.689985 0.050974082
58833.657575 25.724493 0.054959025
58833.658134 25.655647 0.052965778
58833.658729 25.719299 0.05594643
58833.659291 25.689117 0.0519704
58833.659866 25.623331 0.053970779
58833.660428 25.599677 0.056945307
58833.660996 25.736533 0.061951638
58833.661568 25.719217 0.063946585
0.0 0.0 0.0
58833.662686 25.636451 0.071917587
58833.663254 25.702642 0.064951563
58833.663845 25.712197 0.070950463
58833.664399 25.595046 0.058944255
58833.664959 25.730655 0.057967473
58833.66553 25.639566 0.056973548
58833.666087 25.745384 0.064972034
58833.666661 25.632067 0.050976315
58833.66724 25.657417 0.053978267
58833.667808 25.607694 0.055974098
58833.668374 25.703036 0.060980684
58833.66894 25.696019 0.061973675
58833.669515 25.808995 0.070969199
58833.670105 25.703148 0.064965952
58833.670664 25.616858 0.052963088
58833.671231 25.625406 0.060957113
58833.671792 25.716062 0.059960783
58833.672357 25.712952 0.068956905
58833.672921 25.694629 0.06497256
58833.6735 25.57545 0.059952701
58833.674063 25.685692 0.066969822
58833.674632 25.56843 0.061934662
58833.675223 25.696908 0.078899026
58833.67579 25.653851 0.068924967
58833.67635 25.768284 0.091930352
58833.676916 25.598019 0.078950924
58833.677484 25.743952 0.081948827
58833.678056 25.816768 0.092888331
0.0 0.0 0.0
58833.679182 25.54999 0.088865873
58833.679761 25.657925 0.098809971
0.0 0.0 0.0
0.0 0.0 0.0
58833.681455 25.332224 0.092778259
58833.68202 25.513019 0.096845912
58833.682591 25.193684 0.083712901
58833.683157 25.734397 0.12188202
58833.683728 25.83441 0.12882113
58833.68429 25.424556 0.089778331
58833.684864 25.859389 0.10691797
58833.685427 25.715319 0.10091365
58833.686006 25.563557 0.08789038
0.0 0.0 0.0
58833.687197 25.631821 0.071949598
58833.687766 25.733563 0.092955076
58833.688335 25.676828 0.090921969
58833.6889 25.750278 0.088918515
58833.689473 25.645073 0.085942475
58833.690035 25.67836 0.078913941
58833.690606 25.705677 0.083922544
58833.691182 25.826381 0.089935287
58833.691769 25.813209 0.090891954
58833.692334 25.611625 0.093881891
58833.692912 25.868017 0.10386478
58833.693482 25.628903 0.075932976
58833.694055 25.818169 0.092897578
58833.694629 25.75328 0.078948267
58833.695214 25.845788 0.096921836
58833.695788 25.630108 0.081947762
0.0 0.0 0.0
0.0 0.0 0.0
58833.697854 25.884174 0.11789667
0.0 0.0 0.0
0.0 0.0 0.0
58833.699574 25.688951 0.083948135
0.0 0.0 0.0
0.0 0.0 0.0
58833.701314 25.849101 0.10595075
58833.701879 25.654338 0.12595822
58833.702433 25.647859 0.08796052
58833.702997 25.7371 0.067967068
0.0 0.0 0.0
58833.704138 25.654273 0.06397628
58833.704693 25.542168 0.068966684
58833.705269 25.71301 0.077960369
58833.705842 25.735019 0.091930736
58833.706416 25.580623 0.091950824
58833.706995 25.80356 0.084973279
58833.70756 25.719693 0.078958334
58833.708139 25.660973 0.064964892
58833.708701 25.551317 0.0679391
58833.709269 25.48854 0.068956804
58833.709837 25.609075 0.069928788
58833.710398 25.722858 0.072934975
58833.710961 25.594854 0.090936008
58833.711531 25.662288 0.086939606
58833.712096 25.814657 0.089953928
58833.712678 25.610778 0.076951446
58833.713245 25.778026 0.085946611
58833.713811 25.761073 0.0769392
58833.71438 25.643419 0.066950451
58833.714942 25.713359 0.07295739
58833.715515 25.684218 0.065958594
58833.716099 25.668317 0.065968297
58833.716662 25.672135 0.072964669
58833.717217 25.658527 0.058962607
58833.717786 25.683206 0.0759393
58833.718352 25.747362 0.084950264
58833.718933 25.953395 0.12995403
0.0 0.0 0.0
58833.720081 25.763379 0.10289058
0.0 0.0 0.0
58833.721229 25.714157 0.069951055
58833.721798 25.664055 0.094949298
0.0 0.0 0.0
0.0 0.0 0.0
58833.723517 25.805971 0.078935578
58833.724095 25.648132 0.055965943
58833.724659 25.534048 0.063956033
58833.725228 25.511668 0.058956931
58833.725794 25.776198 0.084907001
58833.726369 25.608371 0.084895
58833.726949 25.735156 0.09291495
58833.727521 25.678929 0.077893217
58833.728085 25.63844 0.080905981
58833.728659 25.567782 0.073944558
58833.729226 25.628212 0.066924352
58833.729803 25.700422 0.072919978
0.0 0.0 0.0
0.0 0.0 0.0
58833.731502 25.780751 0.08394269
58833.732059 25.617255 0.087892759
58833.732632 25.727996 0.096910309
58833.733194 25.801769 0.094909321
58833.733759 25.573868 0.10589545
0.0 0.0 0.0
0.0 0.0 0.0
0.0 0.0 0.0
58833.736003 25.797491 0.15087198
0.0 0.0 0.0
0.0 0.0 0.0
58833.737691 25.430973 0.077902805
58833.738267 25.528242 0.09876997
58833.738823 25.619632 0.10488462
0.0 0.0 0.0
0.0 0.0 0.0
58833.740522 25.408242 0.085835885
58833.741085 25.52406 0.10863373
0.0 0.0 0.0
58833.742215 25.612965 0.081900694
0.0 0.0 0.0
58833.743365 25.602886 0.10289165
58833.743953 25.727267 0.11389511
58833.744526 25.757726 0.10691654
58833.745093 25.631269 0.077900842
0.0 0.0 0.0
58833.746226 25.651582 0.086937034
58833.746789 25.608631 0.07193502
58833.747358 25.735054 0.07795114
58833.747921 25.623621 0.070947912
58833.748478 25.613924 0.06895468
58833.749035 25.708301 0.076954406
58833.749599 25.702866 0.073954459
58833.750168 25.473594 0.07090485
58833.750733 25.687003 0.085898817
58833.751298 25.570945 0.088787971
0.0 0.0 0.0
58833.752416 25.858723 0.10691264
58833.752988 25.786122 0.10691494
58833.753539 25.889849 0.10389388
58833.7541 25.720841 0.091900383
0.0 0.0 0.0
0.0 0.0 0.0
58833.755803 25.687142 0.08694329
0.0 0.0 0.0
0.0 0.0 0.0
0.0 0.0 0.0
0.0 0.0 0.0
58833.758639 25.719602 0.11092352
0.0 0.0 0.0
0.0 0.0 0.0
0.0 0.0 0.0
58833.760921 25.836013 0.10296022
58833.761489 25.661602 0.10991649
58833.76205 25.677165 0.0829441
58833.762618 25.673462 0.1019425
58833.763196 25.765341 0.097936424
0.0 0.0 0.0
0.0 0.0 0.0
58833.764904 25.749736 0.08993968
0.0 0.0 0.0
0.0 0.0 0.0
58833.766604 25.725222 0.095960818
0.0 0.0 0.0
58833.767754 25.741592 0.097966736
0.0 0.0 0.0
0.0 0.0 0.0
58833.769468 25.674533 0.089959018
0.0 0.0 0.0
0.0 0.0 0.0
0.0 0.0 0.0
0.0 0.0 0.0
0.0 0.0 0.0
0.0 0.0 0.0
0.0 0.0 0.0
0.0 0.0 0.0
58833.774581 25.814567 0.14090737
58833.775149 25.513987 0.11086436
58833.775718 25.805033 0.13989875
58833.776274 25.658428 0.10789249
0.0 0.0 0.0
0.0 0.0 0.0
0.0 0.0 0.0
0.0 0.0 0.0
0.0 0.0 0.0
0.0 0.0 0.0
58833.780275 25.624562 0.15789979
58833.780836 25.773989 0.12287571
58833.781394 25.554402 0.11386904
58833.781959 25.937069 0.13293026
0.0 0.0 0.0
58833.783078 25.85729 0.14990995
0.0 0.0 0.0
0.0 0.0 0.0
0.0 0.0 0.0
58833.785359 25.734212 0.1039512
58833.785923 25.655698 0.097960378
58833.786499 25.784015 0.097947795
58833.787075 25.61074 0.10090839
58833.787657 25.654367 0.1019604
58833.788243 25.816632 0.11494917
58833.788815 25.789161 0.10494938
58833.789431 25.596086 0.078966447
58833.789993 25.714909 0.081964992
58833.790558 25.836875 0.10297137
58833.791114 25.64766 0.09195413
58833.791692 25.764391 0.088965844
58833.792254 25.66492 0.072963067
58833.792819 25.742458 0.083951035
58833.793386 25.806672 0.083949339
58833.793945 25.566311 0.076959485
58833.794517 25.673519 0.075961316
58833.79508 25.813669 0.084955897
58833.795646 25.640767 0.066954274
58833.796225 25.587982 0.057965643
58833.79679 25.79697 0.072971927
58833.797352 25.763845 0.072973899
58833.797908 25.690271 0.06397342
58833.798484 25.710811 0.066973948
58833.799061 25.729853 0.06995927
58833.799624 25.673838 0.068967213
58833.800185 25.65359 0.066964382
58833.800756 25.642117 0.062969255
58833.801313 25.646041 0.069969082
58833.801876 25.73827 0.071958378
58833.802443 25.580148 0.073954206
58833.803031 25.543326 0.062974176
58833.803608 25.711708 0.070970878
58833.804175 25.735669 0.077975873
58833.804741 25.547864 0.059971179
58833.805316 25.547458 0.069979936
58833.805876 25.645019 0.071966062
58833.806445 25.608213 0.071978183
58833.807016 25.684239 0.076966848
58833.807582 25.699153 0.074963078
58833.80816 25.664208 0.075971883
58833.808724 25.768774 0.079971891
58833.809281 25.62404 0.060966763
58833.809857 25.557976 0.064970732
58833.810432 25.869055 0.10197193
58833.811002 25.763584 0.090974426
58833.81157 25.716547 0.077976341
58833.812141 25.693781 0.066978116
58833.81271 25.580178 0.064980516
58833.813283 25.760081 0.069974417
58833.81385 25.758564 0.073975126
58833.814425 25.762887 0.068979036
58833.81499 25.712683 0.062973606
58833.815567 25.74895 0.072975908
58833.816133 25.758066 0.07296737
58833.816698 25.562336 0.063974146
58833.817289 25.602299 0.066965345
58833.817864 25.697806 0.083960065
58833.818429 25.64678 0.084967347
58833.819011 25.709164 0.083963126
58833.819573 25.522431 0.075965197
58833.820146 25.677362 0.077946187
58833.82073 25.548618 0.067958213
58833.821295 25.796277 0.089966161
58833.821869 25.685362 0.08196713
58833.822431 25.559102 0.081966507
58833.822986 25.788775 0.095967825
58833.823546 25.625271 0.080964622
58833.824122 25.704107 0.091959882
58833.82469 25.492222 0.082970013
58833.82527 25.824515 0.12196509
58833.825842 25.680388 0.10096175
58833.826414 25.691459 0.10596025
58833.826987 25.496196 0.075965087
58833.827559 25.62413 0.081960369
58833.828123 25.751641 0.095971084
58833.828694 25.610932 0.070967201
58833.829263 25.721177 0.08796202
58833.829826 25.760238 0.083963264
58833.830398 25.759779 0.088957919
58833.830961 25.652658 0.077954124
58833.831526 25.693663 0.070969871
58833.832097 25.841062 0.084968829
58833.83267 25.728912 0.074970169
58833.833228 25.657185 0.073955323
58833.833798 25.502492 0.062964701
58833.834371 25.726107 0.087961184
58833.834936 25.668287 0.067966401
58833.83551 25.702777 0.067969337
58833.836083 25.763355 0.084968558
58833.836648 25.685041 0.080947477
58833.837231 25.669039 0.076949057
58833.837806 25.910092 0.11290827
58833.83839 25.808468 0.10494769
58833.838952 25.720178 0.096931935
58833.839512 25.647281 0.090959199
58833.840078 25.76027 0.098954141
58833.840638 25.663916 0.079965657
58833.841214 25.732045 0.090964404
58833.841784 25.609735 0.077962943
58833.842354 25.58512 0.072969078
58833.842932 25.727486 0.09296642
0.0 0.0 0.0
0.0 0.0 0.0
58833.84464 25.738747 0.099962645
0.0 0.0 0.0
58833.845764 25.751216 0.083974924
58833.846315 25.643848 0.076976113
58833.846882 25.628932 0.077976243
58833.847447 25.534973 0.075975173
58833.848017 25.579927 0.08896595
58833.848583 25.669016 0.097970663
58833.849139 25.713651 0.1149568
58833.849713 25.780882 0.10096301
58833.850286 25.736964 0.10297026
