HJD mag magerr
0.0 0.0 0.0
0.0 0.0 0.0
0.0 0.0 0.0
0.0 0.0 0.0
58833.52864 25.781482 0.15882519
0.0 0.0 0.0
0.0 0.0 0.0
0.0 0.0 0.0
58833.530936 25.558031 0.11489466
58833.531508 25.846471 0.11988618
58833.532068 25.730108 0.092903943
58833.532639 25.791549 0.094892567
58833.533201 25.561663 0.081929563
58833.533765 25.675383 0.086934763
58833.534319 25.881642 0.11072011
58833.534878 25.663599 0.082804745
58833.535457 25.560559 0.079828288
58833.536022 25.656126 0.069922554
58833.536586 25.683358 0.062939537
58833.537148 25.662252 0.059933991
58833.537706 25.799356 0.078881102
58833.538275 25.67361 0.061925295
58833.538843 25.73818 0.065928914
58833.539403 25.804106 0.06492934
58833.539961 25.707315 0.055942065
58833.540691 25.673745 0.055960485
58833.54127 25.759259 0.058926804
58833.541834 25.709391 0.051943877
58833.542384 25.727006 0.06193689
58833.542946 25.768841 0.059932786
58833.543507 25.783959 0.051950974
58833.544071 25.747739 0.046969235
58833.544644 25.676962 0.044962519
58833.545206 25.76849 0.05393544
58833.545767 25.691124 0.048951464
58833.54634 25.762443 0.050960501
58833.546924 25.685703 0.050942426
58833.547488 25.682297 0.054935634
58833.548053 25.730412 0.049941845
58833.548633 25.670975 0.050960988
58833.549203 25.736682 0.050957525
58833.549779 25.680018 0.044956159
58833.550355 25.730411 0.056941121
58833.550911 25.77181 0.04793422
58833.551466 25.907793 0.056939767
58833.552025 25.70648 0.058913972
58833.552609 25.707588 0.056913761
58833.553172 25.686958 0.05394172
58833.553736 25.759925 0.052950305
58833.554298 25.771185 0.049963794
58833.554862 25.669157 0.047962478
58833.55542 25.716631 0.053974837
58833.556007 25.671579 0.049979363
58833.556565 25.789006 0.060976643
58833.557125 25.752076 0.057972209
58833.557676 25.642059 0.05397839
58833.558245 25.725408 0.05396183
58833.558811 25.718491 0.052945446
58833.559373 25.736237 0.054933621
58833.559928 25.733963 0.061859546
58833.560497 25.829557 0.088792628
58833.561052 25.790311 0.059908792
58833.561629 25.713233 0.067901636
58833.562183 25.725503 0.059940911
58833.562742 25.748149 0.059944944
58833.563315 25.887017 0.066946406
58833.563889 25.686797 0.056832785
58833.564461 25.748277 0.068760706
58833.565019 25.789862 0.047955417
58833.565576 25.795639 0.037987119
58833.566153 25.729409 0.055921487
58833.566722 25.699002 0.049941161
58833.56729 25.698705 0.053938238
58833.56785 25.640882 0.052903299
58833.568406 25.71875 0.0419722
58833.568961 25.68212 0.038973987
58833.569533 25.707144 0.034980555
58833.570095 25.723323 0.038971917
58833.57065 25.763482 0.038983131
58833.57121 25.785783 0.039973145
58833.571768 25.758466 0.041973539
58833.572322 25.753543 0.039968584
58833.572898 25.691464 0.044957561
58833.573468 25.773253 0.055859594
58833.574037 25.749161 0.055894617
58833.574593 25.710075 0.050906933
58833.575159 25.736527 0.076715777
58833.575726 25.713156 0.059801142
58833.576286 25.763468 0.060838537
58833.576839 25.599331 0.052869803
58833.577403 25.687476 0.04595078
58833.577964 25.826116 0.049955918
58833.578544 25.709771 0.049934991
58833.579114 25.69374 0.046955002
58833.579688 25.77422 0.053916719
58833.580238 25.81379 0.061904956
58833.58081 25.64325 0.048919342
58833.581375 25.577214 0.054798865
58833.581944 25.769095 0.055907361
58833.582509 25.664521 0.043945001
58833.58308 25.689605 0.052907871
58833.583647 25.806991 0.063868189
58833.584215 25.776536 0.07277517
58833.584762 25.838412 0.06387728
58833.585316 26.125013 0.083837542
58833.585886 25.750191 0.050918441
58833.586442 25.724513 0.046930272
58833.587001 25.75095 0.051918371
58833.587566 25.717813 0.073859463
58833.58814 25.74633 0.068887969
58833.588711 25.706299 0.039963986
58833.589285 25.891694 0.050930492
0.0 0.0 0.0
0.0 0.0 0.0
58833.590994 25.834091 0.076794337
58833.591559 25.84376 0.10572128
58833.592112 25.617018 0.07775322
58833.592665 25.865098 0.090736395
58833.593224 25.79208 0.094811244
58833.593796 25.780419 0.11481223
0.0 0.0 0.0
58833.59492 25.706219 0.098744831
58833.595528 25.714224 0.075777744
58833.596082 25.781575 0.081857725
58833.596665 25.757704 0.080858092
58833.597231 25.80038 0.074832208
58833.597797 25.734239 0.063908389
58833.59838 25.74778 0.047947299
58833.598947 25.636714 0.043937433
58833.599512 25.765178 0.057917201
58833.60009 25.710975 0.055937641
58833.600655 25.792684 0.055945976
58833.601221 25.657339 0.055921271
58833.601788 25.710407 0.055944625
58833.602358 25.676453 0.052929723
58833.602926 25.777916 0.06989498
58833.60349 25.748357 0.077811426
58833.604047 25.682782 0.05292507
58833.604615 25.760309 0.068885311
58833.605171 25.774501 0.076829562
58833.605736 25.854664 0.081886225
58833.606292 25.81007 0.077887301
58833.606846 25.668861 0.066863813
58833.607409 25.671398 0.065880428
58833.607972 25.729683 0.068907027
58833.608554 25.743251 0.084847966
58833.609122 25.806471 0.070897803
58833.609691 25.719722 0.068837318
58833.61027 25.739504 0.058893398
58833.610843 25.673318 0.056889429
58833.611415 25.712823 0.057872272
58833.611993 25.719245 0.055854648
58833.612577 25.735765 0.055849513
58833.613137 25.73727 0.067848309
58833.613696 25.723876 0.06282705
58833.614278 25.821413 0.065869246
58833.614853 25.64818 0.063804131
58833.615407 25.870039 0.071840645
58833.615983 25.865102 0.068869043
58833.616534 25.857609 0.06089898
58833.617093 25.827776 0.074892774
58833.617655 25.787365 0.058925419
58833.618216 25.690158 0.055929891
58833.618781 25.669051 0.060938618
58833.619336 25.878107 0.069926708
58833.619908 25.691643 0.066915362
58833.620489 25.722676 0.054923205
58833.621073 25.691969 0.054933585
58833.621643 25.704754 0.066903265
58833.622212 25.732297 0.060914964
58833.622786 25.66756 0.066878545
58833.623339 25.722186 0.060924517
58833.623898 25.708107 0.060910286
58833.624467 25.765081 0.057933043
58833.625042 25.709671 0.056921596
58833.625625 25.767512 0.055929885
58833.626195 25.74523 0.052940732
58833.626758 25.661993 0.055894371
58833.627345 25.765094 0.056955884
58833.627901 25.797396 0.05595571
58833.628481 25.718126 0.046957605
58833.629058 25.665234 0.049953514
58833.629625 25.666466 0.046957879
58833.630194 25.78445 0.05695809
58833.630754 25.753832 0.053962805
58833.631339 25.675284 0.055900108
58833.631919 25.64574 0.073801892
58833.632476 25.688231 0.072831235
58833.633035 25.763575 0.063879824
58833.633609 25.596341 0.061872393
58833.634176 26.014541 0.11091907
58833.63477 25.704264 0.066903205
58833.63533 25.788054 0.060946578
58833.635896 25.659396 0.055919147
58833.636454 25.721415 0.054960931
58833.637031 25.75356 0.063889875
58833.637603 25.642952 0.054938229
58833.638178 25.741964 0.060901775
58833.638751 25.651869 0.050957644
58833.639317 25.641339 0.054954759
58833.639885 25.764243 0.058958578
58833.640451 25.748156 0.054976841
58833.641017 25.644963 0.047974282
58833.641587 25.713745 0.052958159
58833.642165 25.709389 0.057961768
58833.642733 25.693535 0.051961936
58833.643298 25.701726 0.055956284
58833.643881 25.728198 0.051946006
58833.644463 25.746944 0.05197625
58833.645038 25.602646 0.050964164
58833.645621 25.784913 0.05994218
58833.646196 25.712449 0.058944127
58833.646775 25.742225 0.061960866
58833.647352 25.712081 0.052965283
58833.647947 25.682575 0.058937564
58833.648518 25.756991 0.06397795
58833.649091 25.68076 0.054966782
58833.649661 25.669211 0.055974572
58833.650234 25.729044 0.054974537
58833.650812 25.74317 0.054968372
58833.651385 25.760476 0.062960862
58833.651942 25.724682 0.059961628
58833.652501 25.702075 0.055972371
58833.653051 25.719797 0.053978221
58833.653627 25.727309 0.05597381
58833.654196 25.648232 0.049958542
58833.654761 25.692452 0.052965926
58833.655332 25.712961 0.054973302
58833.655903 25.679097 0.055976964
58833.656459 25.779215 0.057977165
58833.657018 25.766974 0.058980457
58833.657575 25.723597 0.060980527
58833.658134 25.623494 0.052973225
58833.658729 25.582839 0.055962532
58833.659291 25.633365 0.055967512
58833.659866 25.726443 0.055979211
58833.660428 25.754716 0.060962748
58833.660996 25.711136 0.062964765
58833.661568 25.681383 0.060962903
58833.662129 25.71532 0.060947066
58833.662686 25.671034 0.074939482
58833.663254 25.702282 0.065975956
58833.663845 25.624097 0.06591968
58833.664399 25.693428 0.062960002
58833.664959 25.760006 0.067976123
58833.66553 25.724909 0.067971477
58833.666087 25.695154 0.063978702
58833.666661 25.665857 0.059979786
58833.66724 25.725531 0.056983867
58833.667808 25.715138 0.055981299
58833.668374 25.793282 0.073977736
58833.66894 25.746607 0.063972774
58833.669515 25.661946 0.065969652
58833.670105 25.781817 0.078961482
58833.670664 25.754058 0.06695985
58833.671231 25.675626 0.068963771
58833.671792 25.70535 0.063958791
58833.672357 25.880731 0.078960167
58833.672921 25.759806 0.077957502
58833.6735 25.74779 0.077973212
58833.674063 25.792885 0.079976694
58833.674632 25.718181 0.068958347
58833.675223 25.910853 0.083906596
58833.67579 25.964046 0.093947934
58833.67635 25.783708 0.082939356
58833.676916 25.714602 0.082958256
58833.677484 25.735078 0.081952608
58833.678056 25.714326 0.081946995
58833.678616 25.676313 0.098849125
58833.679182 25.698866 0.093869722
58833.679761 25.668068 0.10979822
58833.680323 25.637778 0.12059104
58833.680894 25.796127 0.11380155
58833.681455 25.645421 0.11167327
58833.68202 25.755062 0.10778295
58833.682591 25.728783 0.11677513
58833.683157 25.668614 0.10187669
58833.683728 25.868361 0.1028636
58833.68429 25.741165 0.11577146
58833.684864 25.76957 0.095920288
58833.685427 25.69643 0.10091258
58833.686006 25.665672 0.082887611
58833.68663 25.787072 0.096947118
58833.687197 25.667917 0.074962558
58833.687766 25.711865 0.089950107
58833.688335 25.84683 0.099958628
58833.6889 25.657052 0.082947379
58833.689473 25.700705 0.083941868
58833.690035 25.75034 0.084940856
58833.690606 25.698335 0.079916981
58833.691182 25.688973 0.077950279
58833.691769 25.819629 0.085930796
58833.692334 25.752904 0.093887485
58833.692912 25.855743 0.10691556
58833.693482 25.732104 0.076932468
58833.694055 25.626574 0.07193505
58833.694629 25.638396 0.076957261
58833.695214 25.850842 0.097950408
58833.695788 25.636517 0.085944144
58833.696709 25.665645 0.086943791
58833.697282 25.651398 0.092905895
58833.697854 25.749369 0.10192499
58833.698426 25.659278 0.088944528
58833.698997 25.81782 0.11892977
58833.699574 25.578425 0.076962824
58833.700162 25.690895 0.07396746
58833.700738 25.687507 0.086954667
58833.701314 25.623078 0.084955658
58833.701879 25.863265 0.12295903
58833.702433 25.81889 0.1049724
58833.702997 25.71144 0.073975521
58833.703569 25.709664 0.074963036
58833.704138 25.698686 0.069978685
58833.704693 25.729688 0.082973429
58833.705269 25.884417 0.091963525
58833.705842 25.729254 0.087951594
58833.706416 25.727428 0.096940085
58833.706995 25.646402 0.07197233
58833.70756 25.765938 0.086957212
58833.708139 25.684491 0.065960498
58833.708701 25.743495 0.077967322
58833.709269 25.586633 0.068968152
58833.709837 25.773789 0.078965094
58833.710398 25.68438 0.077968909
58833.710961 25.725016 0.091933957
58833.711531 25.644672 0.077953973
58833.712096 25.807712 0.10194968
58833.712678 25.778018 0.084947943
58833.713245 25.922455 0.092956245
58833.713811 25.760722 0.074959398
58833.71438 25.751767 0.078966083
58833.714942 25.732823 0.074960936
58833.715515 25.745451 0.079958881
58833.716099 25.678938 0.080971761
58833.716662 25.83226 0.076973549
58833.717217 25.748437 0.067970718
58833.717786 25.77014 0.076958333
58833.718352 25.635428 0.074951299
58833.718933 25.771253 0.076956773
58833.719515 25.640934 0.075954005
58833.720081 25.772775 0.088942198
58833.720652 25.721531 0.08495691
58833.721229 25.720106 0.066946257
58833.721798 25.712663 0.080944897
58833.722365 25.554522 0.059954536
58833.722938 25.645862 0.061971224
58833.723517 25.774107 0.071955433
58833.724095 25.631346 0.063962292
58833.724659 25.690969 0.07895684
58833.725228 25.680046 0.067959387
58833.725794 25.759592 0.076957823
58833.726369 25.704539 0.081937969
58833.726949 25.736816 0.085920801
58833.727521 25.697465 0.0838865
58833.728085 25.769294 0.076907603
58833.728659 25.776422 0.080942578
58833.729226 25.806184 0.086944589
58833.729803 25.759707 0.074959362
58833.730359 25.690827 0.069948652
58833.730924 25.710376 0.072961007
58833.731502 25.799765 0.086956652
58833.732059 25.533195 0.080891349
58833.732632 25.819078 0.091935993
58833.733194 25.773294 0.086912927
58833.733759 25.900312 0.10586883
58833.734321 25.77338 0.098907166
58833.734879 25.701405 0.1018882
58833.735444 25.837002 0.11083817
58833.736003 25.780905 0.11185718
58833.736571 25.691995 0.11485106
58833.737136 25.805331 0.11485348
58833.737691 25.848215 0.10889701
58833.738267 25.661155 0.1067773
58833.738823 25.592478 0.086874888
58833.739382 25.700661 0.09789132
58833.739948 25.681141 0.10983148
58833.740522 25.940676 0.13283682
58833.741085 25.968013 0.14880101
58833.741647 25.747985 0.10489627
58833.742215 25.580462 0.080919234
58833.742788 25.654168 0.085835748
58833.743365 25.756601 0.10189274
58833.743953 25.809901 0.11088129
58833.744526 25.692866 0.08690671
58833.745093 25.712364 0.083936449
58833.745664 25.589042 0.073921192
58833.746226 25.714645 0.083932382
58833.746789 25.64757 0.075932071
58833.747358 25.634197 0.066950518
58833.747921 25.697401 0.074944552
58833.748478 25.697116 0.0709519
58833.749035 25.720673 0.074950505
58833.749599 25.688103 0.069947757
58833.750168 25.755929 0.078897714
58833.750733 25.752113 0.08790637
58833.751298 25.845276 0.092858231
58833.751854 25.772386 0.10186761
58833.752416 25.77266 0.089910402
58833.752988 25.894721 0.097915857
58833.753539 25.761555 0.083925597
58833.7541 25.743362 0.077934497
58833.754655 25.682921 0.071950105
58833.75523 25.649602 0.06796551
58833.755803 25.696855 0.096939107
58833.756377 25.645723 0.084941397
58833.756948 25.642087 0.074965689
58833.757519 25.697533 0.080969055
58833.758074 25.60398 0.075964867
58833.758639 25.52177 0.077921863
58833.759204 25.587133 0.10290798
58833.759765 25.85619 0.1089564
58833.760341 25.797615 0.10595726
58833.760921 25.708986 0.096957932
58833.761489 25.851286 0.14191975
58833.76205 25.957483 0.11195925
58833.762618 25.850201 0.11094447
58833.763196 25.734057 0.082955716
58833.763771 25.673022 0.093973094
58833.764345 25.671603 0.073965935
58833.764904 25.708893 0.091971344
58833.765469 25.812312 0.084978799
58833.766035 25.614131 0.080969135
58833.766604 25.796671 0.096950353
58833.767179 25.84538 0.094972615
58833.767754 25.687632 0.096971774
58833.768337 25.718404 0.082964564
58833.768906 25.504918 0.072967815
58833.769468 25.606529 0.083946407
58833.770037 25.710422 0.087961732
58833.770609 25.779825 0.096954987
58833.771176 25.923925 0.12289849
58833.77175 25.618076 0.1079223
58833.772312 25.846939 0.1368989
58833.772873 25.814537 0.14487721
58833.773436 26.241303 0.21084343
58833.774013 25.523867 0.12086328
58833.774581 25.569715 0.12090587
58833.775149 25.578998 0.10690254
58833.775718 25.611909 0.10790512
58833.776274 25.767038 0.12093188
58833.776849 25.824057 0.10994552
58833.777425 25.473847 0.099942074
58833.777996 25.871741 0.15191905
58833.778564 25.853326 0.11694034
58833.779126 25.696707 0.11292597
58833.779701 25.708778 0.1089244
58833.780275 25.64385 0.095936958
58833.780836 25.735341 0.12385192
58833.781394 25.461769 0.10785276
58833.781959 25.685458 0.098931189
58833.78252 25.770264 0.10694399
58833.783078 25.740785 0.11689611
58833.783656 25.958156 0.13691336
58833.784224 25.767012 0.1239443
58833.784791 25.633306 0.095949599
58833.785359 25.740004 0.10195311
58833.785923 25.537628 0.07496392
58833.786499 25.743831 0.096947694
58833.787075 25.881068 0.11595339
58833.787657 25.587198 0.096954239
58833.788243 25.684721 0.098950066
58833.788815 25.792933 0.099961165
58833.789431 25.716514 0.084967957
58833.789993 25.666417 0.089958856
58833.790558 25.863982 0.096972334
58833.791114 25.836164 0.10795049
58833.791692 25.716897 0.096968648
58833.792254 25.637581 0.079950982
58833.792819 25.772833 0.079963208
58833.793386 25.832455 0.081952924
58833.793945 25.659093 0.076959853
58833.794517 25.640386 0.076964032
58833.79508 25.733886 0.085963526
58833.795646 25.691754 0.070967771
58833.796225 25.630031 0.062963738
58833.79679 25.696476 0.074976346
58833.797352 25.791531 0.070981283
58833.797908 25.770146 0.067975598
58833.798484 25.664769 0.0739777
58833.799061 25.828372 0.075972831
58833.799624 25.774874 0.076969919
58833.800185 25.654612 0.067974711
58833.800756 25.693068 0.068959938
58833.801313 25.768553 0.069967096
58833.801876 25.734271 0.065969098
58833.802443 25.749146 0.075953714
58833.803031 25.654664 0.07597768
58833.803608 25.764334 0.069970313
58833.804175 25.786387 0.081977742
58833.804741 25.711795 0.073977
58833.805316 25.669149 0.077976248
58833.805876 25.740965 0.091969026
58833.806445 25.700835 0.081979777
58833.807016 25.759953 0.077975316
58833.807582 25.691892 0.079960414
58833.80816 25.809959 0.091974409
58833.808724 25.83994 0.088976144
58833.809281 25.690144 0.077971345
58833.809857 25.732317 0.080976045
58833.810432 25.766755 0.082969088
58833.811002 25.710498 0.083973778
58833.81157 25.805395 0.095978094
58833.812141 25.659664 0.079977993
58833.81271 25.802707 0.086979844
58833.813283 25.781615 0.078981534
58833.81385 25.762507 0.068981155
58833.814425 25.787265 0.073980263
58833.81499 25.647429 0.064981203
58833.815567 25.641158 0.066977638
58833.816133 25.858119 0.089976117
58833.816698 25.603732 0.068956236
58833.817289 25.64523 0.074968378
58833.817864 25.995363 0.10896156
58833.818429 25.762026 0.081964265
58833.819011 25.776136 0.090964231
58833.819573 25.811566 0.095972655
58833.820146 25.783471 0.080959455
58833.82073 25.656103 0.076967952
58833.821295 25.782151 0.087967575
58833.821869 25.690015 0.0819671
58833.822431 25.75611 0.10097346
58833.822986 25.877106 0.11297571
58833.823546 25.581628 0.092958851
58833.824122 25.688359 0.096956612
58833.82469 25.706948 0.10797204
58833.82527 25.568687 0.095974119
58833.825842 25.759587 0.1129701
58833.826414 25.843518 0.10495508
58833.826987 25.638379 0.089958109
58833.827559 25.57879 0.076964205
58833.828123 25.780659 0.10296996
58833.828694 25.615104 0.073955535
58833.829263 25.804181 0.084963404
58833.829826 25.75732 0.082953132
58833.830398 25.720839 0.085963303
58833.830961 25.678293 0.072965383
58833.831526 25.778866 0.072955408
58833.832097 25.841163 0.083970539
58833.83267 25.69602 0.067965487
58833.833228 25.922546 0.090965078
58833.833798 25.693882 0.069972164
58833.834371 25.801165 0.097951438
58833.834936 25.698483 0.074971593
58833.83551 25.741528 0.077968756
58833.836083 25.628627 0.081966946
58833.836648 25.699627 0.081969017
58833.837231 25.745963 0.079968806
58833.837806 25.767311 0.096932905
58833.83839 25.655443 0.086949256
58833.838952 25.806589 0.10893167
58833.839512 25.800446 0.10196122
58833.840078 25.788227 0.11095213
58833.840638 25.845864 0.091966186
58833.841214 25.785631 0.10396383
58833.841784 25.661092 0.078972848
58833.842354 25.707781 0.080969099
58833.842932 25.852663 0.10496516
58833.8435 25.739422 0.090968913
58833.844068 25.779738 0.086970445
58833.84464 25.790457 0.097968483
58833.845192 25.845928 0.099974188
58833.845764 25.631165 0.080976573
58833.846315 25.852884 0.10897642
58833.846882 25.710146 0.082979707
58833.847447 25.72173 0.095966919
58833.848017 26.002924 0.14097477
58833.848583 25.64553 0.11196898
58833.849139 25.665923 0.099972366
58833.849713 25.855477 0.11596042
58833.850286 25.843412 0.11297552
