HJD mag magerr
58833.526351 25.356489 0.18476843
0.0 0.0 0.0
58833.527497 25.17523 0.13786258
58833.528073 25.272472 0.1466974
58833.52864 25.44527 0.11882319
58833.529223 25.555739 0.18743546
58833.529794 25.335112 0.15845938
58833.530369 25.430505 0.11670369
58833.530936 25.381492 0.097828849
58833.531508 25.30732 0.072875535
58833.532068 25.278001 0.065899014
58833.532639 25.29011 0.068816608
58833.533201 25.338561 0.068908621
58833.533765 25.330687 0.063928194
58833.534319 25.202526 0.068753523
58833.534878 25.482777 0.08274018
58833.535457 25.408765 0.066815218
58833.536022 25.3247 0.058924665
58833.536586 25.334785 0.050933877
58833.537148 25.323221 0.047940098
58833.537706 25.278967 0.05186961
58833.538275 25.320119 0.043920238
58833.538843 25.258763 0.037941845
58833.539403 25.361663 0.045915507
58833.539961 25.379071 0.043887276
58833.540691 25.275915 0.03994679
58833.54127 25.302729 0.040941003
58833.541834 25.330952 0.040953334
58833.542384 25.334636 0.042954956
58833.542946 25.299018 0.040926368
58833.543507 25.275296 0.033962395
58833.544071 25.304947 0.036965842
58833.544644 25.274373 0.037941956
58833.545206 25.310018 0.039939065
58833.545767 25.280406 0.032963461
58833.54634 25.338886 0.035967834
58833.546924 25.261714 0.037939434
58833.547488 25.328653 0.041913564
58833.548053 25.389816 0.039927661
58833.548633 25.259527 0.032961305
58833.549203 25.289299 0.036956233
58833.549779 25.330263 0.035963557
58833.550355 25.335957 0.039957058
58833.550911 25.298122 0.035950229
58833.551466 25.24565 0.035931686
58833.552025 25.295451 0.039922654
58833.552609 25.221989 0.041914576
58833.553172 25.268259 0.041930762
58833.553736 25.258393 0.038929104
58833.554298 25.301329 0.033968398
58833.554862 25.380813 0.038968821
58833.55542 25.245912 0.038969102
58833.556007 25.30437 0.03798077
58833.556565 25.31588 0.042977362
58833.557125 25.279251 0.039968893
58833.557676 25.317954 0.042974992
58833.558245 25.347038 0.044955548
58833.558811 25.31455 0.040957224
58833.559373 25.229803 0.040907498
58833.559928 25.277602 0.044832909
58833.560497 25.323512 0.054716319
58833.561052 25.299115 0.039905657
58833.561629 25.355838 0.048853043
58833.562183 25.338727 0.046914964
58833.562742 25.237142 0.034940019
58833.563315 25.306334 0.044950919
58833.563889 25.26791 0.048851604
58833.564461 25.353725 0.05173724
58833.565019 25.337976 0.033940177
58833.565576 25.273341 0.026984159
58833.566153 25.28461 0.041905552
58833.566722 25.271842 0.038918305
58833.56729 25.274545 0.035945154
58833.56785 25.216596 0.033919578
58833.568406 25.293642 0.032967721
58833.568961 25.278348 0.030971516
58833.569533 25.320225 0.030969627
58833.570095 25.259159 0.030976634
58833.57065 25.290266 0.03098546
58833.57121 25.329179 0.029970452
58833.571768 25.315344 0.034960713
58833.572322 25.309561 0.031974591
58833.572898 25.289522 0.033954791
58833.573468 25.284771 0.039899191
58833.574037 25.213433 0.03590449
58833.574593 25.380669 0.039920875
0.0 0.0 0.0
58833.575726 25.349274 0.043845573
58833.576286 25.365143 0.043881572
58833.576839 25.252311 0.037884365
58833.577403 25.281995 0.035930384
58833.577964 25.304519 0.036933363
58833.578544 25.275247 0.035946682
58833.579114 25.320853 0.036904174
58833.579688 25.296445 0.040911182
58833.580238 25.303017 0.040885555
58833.58081 25.287798 0.038872464
58833.581375 25.243753 0.037842764
58833.581944 25.246786 0.029929792
58833.582509 25.334307 0.03495027
58833.58308 25.306239 0.042903933
58833.583647 25.277919 0.041829809
58833.584215 25.214345 0.043797549
58833.584762 25.322395 0.038871822
58833.585316 25.273984 0.040838897
58833.585886 25.289105 0.034936351
58833.586442 25.307204 0.038899647
58833.587001 25.346054 0.040838459
58833.587566 25.366505 0.054822979
58833.58814 25.265972 0.047806659
58833.588711 25.317203 0.028982895
58833.589285 25.318488 0.032929694
58833.589857 25.356792 0.045706201
58833.590423 25.227907 0.04467848
58833.590994 25.323846 0.05180824
58833.591559 25.35954 0.073731592
58833.592112 25.32947 0.059696821
58833.592665 25.386567 0.067708282
58833.593224 25.385883 0.071645292
58833.593796 25.293478 0.082780869
58833.594369 25.207078 0.077458406
58833.59492 25.291824 0.072672813
58833.595528 25.410706 0.066738645
58833.596082 25.41026 0.065852225
58833.596665 25.310425 0.063857823
58833.597231 25.276439 0.047841257
58833.597797 25.263798 0.044895666
58833.59838 25.327062 0.042913959
58833.598947 25.26674 0.034932814
58833.599512 25.226077 0.042908117
58833.60009 25.27035 0.04293539
58833.600655 25.341945 0.040943756
58833.601221 25.237432 0.037945024
58833.601788 25.355525 0.044907957
58833.602358 25.285081 0.039925182
58833.602926 25.307828 0.043925116
58833.60349 25.41719 0.06579342
58833.604047 25.294873 0.04092815
58833.604615 25.290801 0.048881802
58833.605171 25.318245 0.055862316
58833.605736 25.403308 0.056879357
58833.606292 25.39802 0.057866054
58833.606846 25.376068 0.05085492
58833.607409 25.327683 0.052868358
58833.607972 25.339964 0.052834637
58833.608554 25.433984 0.066839759
58833.609122 25.299663 0.05286833
58833.609691 25.349217 0.05185358
58833.61027 25.2732 0.044887889
58833.610843 25.325919 0.040884121
58833.611415 25.304683 0.042784139
58833.611993 25.33269 0.043856209
58833.612577 25.326579 0.041841449
58833.613137 25.320159 0.047817607
58833.613696 25.331435 0.04575943
58833.614278 25.282595 0.04384318
58833.614853 25.285338 0.042809414
58833.615407 25.282421 0.045765666
58833.615983 25.307278 0.044860844
58833.616534 25.249843 0.040812475
58833.617093 25.38814 0.053873577
58833.617655 25.384713 0.047908954
58833.618216 25.380182 0.046903233
58833.618781 25.314567 0.043945469
58833.619336 25.331893 0.046917408
58833.619908 25.240203 0.043906609
58833.620489 25.248049 0.037919272
58833.621073 25.275546 0.040914103
58833.621643 25.365521 0.052834829
58833.622212 25.367165 0.042911346
58833.622786 25.34737 0.053800755
58833.623339 25.354404 0.046890799
58833.623898 25.319848 0.047905975
58833.624467 25.312956 0.043924859
58833.625042 25.288078 0.040911602
58833.625625 25.316607 0.039943793
58833.626195 25.333583 0.041939851
58833.626758 25.293493 0.039923051
58833.627345 25.277432 0.036951134
58833.627901 25.326015 0.039965018
58833.628481 25.32222 0.039948282
58833.629058 25.273718 0.034961632
58833.629625 25.250273 0.032954758
58833.630194 25.282416 0.035956389
58833.630754 25.32189 0.03896149
58833.631339 25.309832 0.040920239
58833.631919 25.275453 0.052827735
58833.632476 25.256099 0.051828166
58833.633035 25.331951 0.050819905
58833.633609 25.321744 0.049896498
58833.634176 25.355704 0.063926156
58833.63477 25.327684 0.048852474
58833.63533 25.361027 0.04695878
58833.635896 25.260746 0.038927947
58833.636454 25.321301 0.039945376
58833.637031 25.308272 0.044878679
58833.637603 25.302472 0.044906715
58833.638178 25.338045 0.0438884
58833.638751 25.305002 0.039951111
58833.639317 25.314257 0.040952921
58833.639885 25.352047 0.040966651
58833.640451 25.317615 0.035977163
58833.641017 25.291821 0.037964132
58833.641587 25.283684 0.040962541
58833.642165 25.376383 0.041960913
58833.642733 25.271377 0.039955672
58833.643298 25.337395 0.046950449
58833.643881 25.28179 0.03995729
58833.644463 25.311396 0.040963228
58833.645038 25.293928 0.039959194
58833.645621 25.359406 0.043935259
58833.646196 25.266227 0.04393282
58833.646775 25.259448 0.04096871
58833.647352 25.296293 0.039968735
58833.647947 25.303551 0.045948744
58833.648518 25.330432 0.044974048
58833.649091 25.324707 0.042936054
58833.649661 25.321795 0.040972045
58833.650234 25.32729 0.040972903
58833.650812 25.296284 0.038964036
58833.651385 25.314941 0.042930927
58833.651942 25.288746 0.043955853
58833.652501 25.292268 0.046966347
58833.653051 25.27006 0.046944424
58833.653627 25.265177 0.038972031
58833.654196 25.281531 0.041953821
58833.654761 25.297963 0.040960176
58833.655332 25.295715 0.039959133
58833.655903 25.327565 0.047964414
58833.656459 25.323286 0.041975903
58833.657018 25.317185 0.039971201
58833.657575 25.243008 0.040973358
58833.658134 25.225085 0.040967429
58833.658729 25.310339 0.042960843
58833.659291 25.267749 0.040972832
58833.659866 25.32161 0.044973338
58833.660428 25.293882 0.043969586
58833.660996 25.309106 0.042961023
58833.661568 25.347145 0.046961538
58833.662129 25.273876 0.043958689
58833.662686 25.365208 0.058938021
58833.663254 25.343724 0.048972507
58833.663845 25.337318 0.061943097
58833.664399 25.304847 0.046955123
58833.664959 25.337707 0.046971504
58833.66553 25.334962 0.047976132
58833.666087 25.351197 0.046981245
58833.666661 25.357486 0.044977941
58833.66724 25.286945 0.042981568
58833.667808 25.309685 0.044977311
58833.668374 25.291108 0.043982424
58833.66894 25.216622 0.04597688
58833.669515 25.307223 0.040975185
58833.670105 25.374569 0.051962736
58833.670664 25.337318 0.04395476
58833.671231 25.255595 0.049961127
58833.671792 25.351074 0.049959537
58833.672357 25.30938 0.052951801
58833.672921 25.296235 0.050951961
58833.6735 25.335619 0.053976175
58833.674063 25.242716 0.043975367
58833.674632 25.309002 0.048952795
58833.675223 25.351175 0.057897321
58833.67579 25.421375 0.062944433
58833.67635 25.263587 0.056932349
58833.676916 25.466265 0.06495431
58833.677484 25.353885 0.067950598
58833.678056 25.406143 0.069940001
58833.678616 25.362396 0.081838548
58833.679182 25.2951 0.066853544
58833.679761 25.245268 0.072847475
58833.680323 25.1548 0.080555559
58833.680894 25.328118 0.077849052
58833.681455 25.37264 0.09265744
58833.68202 25.4346 0.087747304
58833.682591 25.250717 0.07268964
58833.683157 25.319169 0.075863781
58833.683728 25.292458 0.068856545
58833.68429 25.380252 0.085737803
58833.684864 25.358506 0.067912594
58833.685427 25.315353 0.065915999
58833.686006 25.358008 0.070871688
58833.68663 25.394247 0.068945303
58833.687197 25.269061 0.062945032
58833.687766 25.243449 0.062916605
58833.688335 25.309375 0.059949391
58833.6889 25.332494 0.063958881
58833.689473 25.332437 0.063937125
58833.690035 25.299567 0.059928728
58833.690606 25.282374 0.05893745
58833.691182 25.306059 0.0609244
58833.691769 25.31205 0.054919511
58833.692334 25.274958 0.064870611
58833.692912 25.319253 0.067911377
58833.693482 25.343495 0.058929636
58833.694055 25.299006 0.052948567
58833.694629 25.344799 0.069930614
58833.695214 25.366061 0.066945286
58833.695788 25.303881 0.066937861
58833.696709 25.319468 0.062940634
58833.697282 25.432038 0.081856675
58833.697854 25.270097 0.064927284
58833.698426 25.438003 0.06494008
58833.698997 25.412886 0.086946843
58833.699574 25.3075 0.061947984
58833.700162 25.294436 0.059964731
58833.700738 25.239895 0.067939862
58833.701314 25.355881 0.065959676
58833.701879 25.268223 0.083942095
58833.702433 25.281995 0.061969954
58833.702997 25.338473 0.059974178
58833.703569 25.302513 0.062960895
58833.704138 25.27397 0.058970948
58833.704693 25.337182 0.057971829
58833.705269 25.368066 0.06495534
58833.705842 25.258052 0.061961897
58833.706416 25.384727 0.068947341
58833.706995 25.412348 0.065968481
58833.70756 25.267896 0.059965014
58833.708139 25.368615 0.055969016
58833.708701 25.319068 0.057966689
58833.709269 25.294446 0.056954309
58833.709837 25.396572 0.058960376
58833.710398 25.378909 0.059953731
58833.710961 25.203344 0.052944468
58833.711531 25.301068 0.063949838
58833.712096 25.272525 0.061951363
58833.712678 25.332351 0.057942625
58833.713245 25.302641 0.051953991
58833.713811 25.30142 0.051953866
58833.71438 25.306055 0.053965776
58833.714942 25.356872 0.053968125
58833.715515 25.233099 0.047952324
58833.716099 25.30802 0.053970977
58833.716662 25.377984 0.055971883
58833.717217 25.286772 0.051934154
58833.717786 25.384746 0.057952795
58833.718352 25.285537 0.050960594
58833.718933 25.290998 0.060953603
58833.719515 25.365917 0.060955024
58833.720081 25.316292 0.061923102
58833.720652 25.253462 0.055941177
58833.721229 25.378618 0.056957471
58833.721798 25.326531 0.060936624
58833.722365 25.3869 0.057963959
58833.722938 25.344232 0.05396833
58833.723517 25.342853 0.049964887
58833.724095 25.335759 0.045968752
58833.724659 25.299104 0.058950022
58833.725228 25.272098 0.050965813
58833.725794 25.384679 0.056947666
58833.726369 25.308347 0.05589798
58833.726949 25.355205 0.064854434
58833.727521 25.339825 0.067915543
58833.728085 25.334054 0.056932575
58833.728659 25.295605 0.056939812
58833.729226 25.311222 0.048946944
58833.729803 25.305759 0.054955985
58833.730359 25.283033 0.052946164
58833.730924 25.312282 0.04496879
58833.731502 25.338943 0.062952221
58833.732059 25.452314 0.072891082
58833.732632 25.328624 0.063905312
58833.733194 25.329216 0.057915853
58833.733759 25.321176 0.06781396
58833.734321 25.433664 0.070907176
58833.734879 25.285011 0.070881889
58833.735444 25.283233 0.069850783
58833.736003 25.382718 0.084852753
58833.736571 25.456127 0.10686039
58833.737136 25.324012 0.071846717
58833.737691 25.360515 0.06892061
58833.738267 25.353026 0.074753842
58833.738823 25.326735 0.069866576
58833.739382 25.289107 0.072868745
58833.739948 25.344952 0.079847359
58833.740522 25.534088 0.092818069
58833.741085 25.484569 0.10668949
58833.741647 25.310998 0.069893936
58833.742215 25.304481 0.068911532
58833.742788 25.285814 0.065849557
58833.743365 25.287259 0.070905632
58833.743953 25.337224 0.074876757
58833.744526 25.34913 0.069862012
58833.745093 25.333777 0.057932379
58833.745664 25.3934 0.067936082
58833.746226 25.399261 0.06993161
58833.746789 25.321422 0.058948399
58833.747358 25.363929 0.060956471
58833.747921 25.354852 0.063954398
58833.748478 25.364473 0.05295003
58833.749035 25.26171 0.046959891
58833.749599 25.356785 0.056960583
58833.750168 25.2823 0.058894741
58833.750733 25.291996 0.060907814
58833.751298 25.305766 0.060878425
58833.751854 25.37467 0.073781536
58833.752416 25.322337 0.065898226
58833.752988 25.343024 0.064908459
58833.753539 25.280665 0.055918295
58833.7541 25.235353 0.053949417
58833.754655 25.318207 0.052948162
58833.75523 25.326414 0.053961525
58833.755803 25.298837 0.065952549
58833.756377 25.329152 0.06695795
58833.756948 25.347861 0.055953511
58833.757519 25.307868 0.063959515
58833.758074 25.474715 0.069961102
58833.758639 25.32516 0.067933569
58833.759204 25.308331 0.081911676
58833.759765 25.441794 0.073954951
58833.760341 25.421435 0.072959657
58833.760921 25.334431 0.067956097
58833.761489 25.324757 0.084909275
58833.76205 25.373251 0.07095674
58833.762618 25.256879 0.059934931
58833.763196 25.181568 0.054970317
58833.763771 25.331991 0.063970625
58833.764345 25.338417 0.061964721
58833.764904 25.373421 0.061965307
58833.765469 25.336943 0.057968424
58833.766035 25.434581 0.072964762
58833.766604 25.283961 0.058962101
58833.767179 25.265137 0.058967663
58833.767754 25.3466 0.073972716
58833.768337 25.357484 0.064949889
58833.768906 25.322908 0.061964755
58833.769468 25.344123 0.071953925
58833.770037 25.300469 0.06196214
58833.770609 25.404203 0.069964431
58833.771176 25.284228 0.071920784
58833.77175 25.456102 0.08793801
58833.772312 25.342739 0.084927921
58833.772873 25.497345 0.10288138
58833.773436 25.484035 0.10985685
58833.774013 25.398954 0.11377954
58833.774581 25.450785 0.097855793
58833.775149 25.44662 0.10190638
58833.775718 25.395117 0.093896781
58833.776274 25.341862 0.090892963
58833.776849 25.365301 0.082939061
58833.777425 25.368118 0.091939483
58833.777996 25.413008 0.098907969
58833.778564 25.191262 0.073940734
58833.779126 25.224923 0.077923745
58833.779701 25.309958 0.076899201
58833.780275 25.349023 0.078906769
58833.780836 25.314166 0.088853241
58833.781394 25.342058 0.099892576
58833.781959 25.24412 0.078916367
58833.78252 25.295729 0.085927028
58833.783078 25.301772 0.08190574
58833.783656 25.285248 0.072934431
58833.784224 25.229372 0.06995429
58833.784791 25.327518 0.075942762
58833.785359 25.278752 0.064954659
58833.785923 25.339362 0.068957574
58833.786499 25.338597 0.074959002
58833.787075 25.34619 0.074945898
58833.787657 25.276777 0.069958395
58833.788243 25.274105 0.065950838
58833.788815 25.238073 0.071944316
58833.789431 25.311293 0.056964595
58833.789993 25.228852 0.065958242
58833.790558 25.309132 0.064977011
58833.791114 25.295424 0.06896148
58833.791692 25.338372 0.067973816
58833.792254 25.285017 0.057964492
58833.792819 25.314686 0.058968257
58833.793386 25.368341 0.054960902
58833.793945 25.358899 0.059965962
58833.794517 25.341327 0.059960942
58833.79508 25.343725 0.056961239
58833.795646 25.324478 0.053973708
58833.796225 25.293909 0.047972036
58833.79679 25.349789 0.051975176
58833.797352 25.397803 0.054976564
58833.797908 25.39309 0.057971805
58833.798484 25.250912 0.046973786
58833.799061 25.320599 0.051976943
58833.799624 25.313527 0.056955452
58833.800185 25.22449 0.048976178
58833.800756 25.340142 0.054967578
58833.801313 25.350915 0.054952778
58833.801876 25.221604 0.04596587
58833.802443 25.295059 0.048964799
58833.803031 25.3898 0.052975783
58833.803608 25.321697 0.049969827
58833.804175 25.315097 0.052975525
58833.804741 25.395758 0.055978902
58833.805316 25.324571 0.056977739
58833.805876 25.305424 0.061965909
58833.806445 25.360155 0.057977872
58833.807016 25.347446 0.058974088
58833.807582 25.41166 0.067961071
58833.80816 25.237697 0.061967719
58833.808724 25.39484 0.06197729
58833.809281 25.244332 0.050968143
58833.809857 25.343636 0.0629742
58833.810432 25.330111 0.059975835
58833.811002 25.407276 0.068972224
58833.81157 25.28978 0.056974696
58833.812141 25.318975 0.05897585
58833.81271 25.288688 0.051977763
58833.813283 25.314998 0.045972903
58833.81385 25.32619 0.051973869
58833.814425 25.270745 0.047976329
58833.81499 25.361343 0.049978919
58833.815567 25.409536 0.057972047
58833.816133 25.36539 0.054976099
58833.816698 25.292067 0.058970963
58833.817289 25.356474 0.066951864
58833.817864 25.378977 0.064966947
58833.818429 25.239801 0.054967944
58833.819011 25.253985 0.058962595
58833.819573 25.377031 0.061961524
58833.820146 25.29438 0.058958325
58833.82073 25.257441 0.049966249
58833.821295 25.356159 0.061959522
58833.821869 25.275676 0.057971213
58833.822431 25.358163 0.068968301
58833.822986 25.269509 0.06597254
58833.823546 25.36624 0.080964202
58833.824122 25.359066 0.072960196
58833.82469 25.376703 0.081948661
58833.82527 25.265159 0.073970204
58833.825842 25.315876 0.074968041
58833.826414 25.291842 0.067956699
58833.826987 25.312421 0.065964939
58833.827559 25.341188 0.070960317
58833.828123 25.446856 0.073967881
58833.828694 25.237768 0.054950143
58833.829263 25.247709 0.056961688
58833.829826 25.376525 0.060960166
58833.830398 25.331182 0.063940798
58833.830961 25.28862 0.058948006
58833.831526 25.362279 0.061967147
58833.832097 25.345089 0.058960341
58833.83267 25.382577 0.054952467
58833.833228 25.375573 0.062964567
58833.833798 25.378272 0.057962149
58833.834371 25.267602 0.05694296
58833.834936 25.264919 0.050962602
58833.83551 25.318011 0.05595715
58833.836083 25.147741 0.046969152
58833.836648 25.410311 0.059942223
58833.837231 25.38614 0.062961952
58833.837806 25.38504 0.066930297
58833.83839 25.277058 0.057948563
58833.838952 25.278781 0.06692754
58833.839512 25.345326 0.072958857
58833.840078 25.268288 0.065960257
58833.840638 25.369843 0.065952956
58833.841214 25.281116 0.063964596
58833.841784 25.301422 0.059969804
58833.842354 25.359064 0.059967229
58833.842932 25.314393 0.061963185
58833.8435 25.337043 0.067959554
58833.844068 25.403812 0.068968819
58833.84464 25.278823 0.066968143
58833.845192 25.306332 0.070971051
58833.845764 25.26599 0.06297771
58833.846315 25.388522 0.079972348
58833.846882 25.383482 0.066974957
58833.847447 25.203705 0.068974575
58833.848017 25.220829 0.074960762
58833.848583 25.255835 0.078968806
58833.849139 25.278966 0.07396596
58833.849713 25.32558 0.075957053
58833.850286 25.387742 0.082970579
