HJD mag magerr
0.0 0.0 0.0
0.0 0.0 0.0
0.0 0.0 0.0
58833.528073 25.553472 0.1916957
58833.52864 25.74427 0.15682192
58833.529223 25.471739 0.17043622
58833.529794 25.687112 0.20445661
58833.530369 25.595505 0.13470246
58833.530936 25.512492 0.10082866
58833.531508 25.46032 0.083874669
58833.532068 25.636001 0.083897725
58833.532639 25.60111 0.083815321
58833.533201 25.655561 0.084907652
58833.533765 25.639687 0.081926921
58833.534319 25.678526 0.099749156
58833.534878 25.548777 0.086739622
58833.535457 25.669765 0.092812177
58833.536022 25.5827 0.062924228
58833.536586 25.658785 0.065932248
58833.537148 25.592221 0.056938975
58833.537706 25.778967 0.078866031
58833.538275 25.613119 0.058918177
58833.538843 25.550763 0.05793862
58833.539403 25.592663 0.056913933
58833.539961 25.602071 0.048886442
58833.540691 25.508915 0.044946082
58833.54127 25.564729 0.046939879
58833.541834 25.669952 0.047952323
58833.542384 25.666636 0.055953206
58833.542946 25.559018 0.046925283
58833.543507 25.545296 0.044960617
58833.544071 25.570947 0.038965533
58833.544644 25.598373 0.045940665
58833.545206 25.548018 0.044938014
58833.545767 25.552406 0.040962
58833.54634 25.527886 0.040967124
58833.546924 25.588714 0.046937516
58833.547488 25.612653 0.049912031
58833.548053 25.614816 0.04492641
58833.548633 25.617527 0.046958993
58833.549203 25.653299 0.039955787
58833.549779 25.620263 0.04296249
58833.550355 25.566957 0.04795596
58833.550911 25.554122 0.041949234
58833.551466 25.57465 0.041930316
58833.552025 25.585451 0.049920827
58833.552609 25.485989 0.045913494
58833.553172 25.660259 0.054928442
58833.553736 25.645393 0.047927472
58833.554298 25.616329 0.042966832
58833.554862 25.565813 0.039968667
58833.55542 25.663912 0.051967892
58833.556007 25.59137 0.042980317
58833.556565 25.65488 0.056976436
58833.557125 25.544251 0.046968182
58833.557676 25.604954 0.051974264
58833.558245 25.556038 0.04595542
58833.558811 25.54455 0.049956087
58833.559373 25.600803 0.05190527
58833.559928 25.612602 0.05782914
58833.560497 25.560512 0.063713173
58833.561052 25.611115 0.048903598
58833.561629 25.533838 0.048853043
58833.562183 25.600727 0.05291405
58833.562742 25.663142 0.050936574
58833.563315 25.576334 0.050950166
58833.563889 25.61091 0.056849164
58833.564461 25.685725 0.073730768
58833.565019 25.539976 0.036938808
58833.565576 25.615341 0.034983128
58833.566153 25.55761 0.050901642
58833.566722 25.553842 0.040917652
58833.56729 25.565545 0.04694287
58833.56785 25.577596 0.044914132
58833.568406 25.592642 0.037966653
58833.568961 25.571348 0.034970764
58833.569533 25.573225 0.035968874
58833.570095 25.621159 0.034976018
58833.57065 25.579266 0.031985331
58833.57121 25.573179 0.035969529
58833.571768 25.635344 0.040959875
58833.572322 25.537561 0.03397426
58833.572898 25.605522 0.04495265
58833.573468 25.564771 0.045897609
58833.574037 25.544433 0.04889998
58833.574593 25.696669 0.04891864
58833.575159 25.746179 0.081527564
58833.575726 25.636274 0.051842339
58833.576286 25.701143 0.054876355
58833.576839 25.561311 0.046881513
58833.577403 25.552995 0.041928988
58833.577964 25.563519 0.041932291
58833.578544 25.550247 0.042945116
58833.579114 25.584853 0.04090329
58833.579688 25.584445 0.04690987
58833.580238 25.601017 0.044884363
58833.58081 25.608798 0.049869003
58833.581375 25.522753 0.045839199
58833.581944 25.598786 0.042924799
58833.582509 25.607307 0.041948711
58833.58308 25.539239 0.044903465
58833.583647 25.697919 0.054825343
58833.584215 25.559345 0.059788664
58833.584762 25.680395 0.050863987
58833.585316 25.641984 0.054830182
58833.585886 25.670105 0.042934127
58833.586442 25.645204 0.046897529
58833.587001 25.602054 0.048836332
58833.587566 25.642505 0.068819392
58833.58814 25.507972 0.052804938
58833.588711 25.502203 0.028982895
58833.589285 25.593488 0.040922051
58833.589857 25.731792 0.0606969
58833.590423 25.718907 0.068667141
58833.590994 25.514846 0.062804616
58833.591559 25.48354 0.072731966
58833.592112 25.62847 0.076692153
58833.592665 25.633567 0.084704817
58833.593224 25.633883 0.090641158
58833.593796 25.631478 0.10377701
58833.594369 25.627078 0.11044288
58833.59492 25.630824 0.094667441
58833.595528 25.708706 0.07973455
58833.596082 25.70626 0.072851099
58833.596665 25.620425 0.072856379
58833.597231 25.623439 0.061837969
58833.597797 25.548798 0.049894605
58833.59838 25.669062 0.048912823
58833.598947 25.54574 0.04193118
58833.599512 25.605077 0.053906127
58833.60009 25.59735 0.049934132
58833.600655 25.582945 0.048942708
58833.601221 25.664432 0.046943285
58833.601788 25.635525 0.05790591
58833.602358 25.640081 0.049923416
58833.602926 25.667828 0.057922717
58833.60349 25.65219 0.074791899
58833.604047 25.552873 0.048926807
58833.604615 25.732801 0.062879478
58833.605171 25.594245 0.064860453
58833.605736 25.558308 0.062878513
58833.606292 25.54002 0.06386515
58833.606846 25.560068 0.057853423
58833.607409 25.587683 0.054867966
58833.607972 25.558964 0.058833264
58833.608554 25.732984 0.074838737
58833.609122 25.646663 0.062866649
58833.609691 25.539217 0.058852133
58833.61027 25.6122 0.05088655
58833.610843 25.608919 0.052881128
58833.611415 25.524683 0.050781557
58833.611993 25.60769 0.05485322
58833.612577 25.593579 0.052837784
58833.613137 25.590159 0.058813513
58833.613696 25.575435 0.056754814
58833.614278 25.587595 0.050840912
58833.614853 25.591338 0.05480492
58833.615407 25.611421 0.054763011
58833.615983 25.592278 0.055858094
58833.616534 25.554843 0.050808197
58833.617093 25.59814 0.064871903
58833.617655 25.609713 0.05590776
58833.618216 25.622182 0.053902043
58833.618781 25.595567 0.054944017
58833.619336 25.583893 0.048917084
58833.619908 25.593203 0.059904076
58833.620489 25.625049 0.049916819
58833.621073 25.641546 0.053911765
58833.621643 25.691521 0.059833748
58833.622212 25.610165 0.054909296
58833.622786 25.67937 0.070798178
58833.623339 25.652404 0.057888849
58833.623898 25.568848 0.056904615
58833.624467 25.545956 0.050923789
58833.625042 25.581078 0.050909624
58833.625625 25.601607 0.047942353
58833.626195 25.649583 0.049938789
58833.626758 25.646493 0.051920968
58833.627345 25.574432 0.043950097
58833.627901 25.596015 0.044964417
58833.628481 25.60622 0.045947478
58833.629058 25.637718 0.043960169
58833.629625 25.580273 0.042953104
58833.630194 25.592416 0.046954993
58833.630754 25.57789 0.044960668
58833.631339 25.643832 0.054917262
58833.631919 25.569453 0.059826096
58833.632476 25.645099 0.064825325
58833.633035 25.632951 0.060817381
58833.633609 25.606744 0.060894886
58833.634176 25.475704 0.065925972
58833.63477 25.622684 0.066850071
58833.63533 25.568027 0.050958381
58833.635896 25.586746 0.055925324
58833.636454 25.604301 0.04494465
58833.637031 25.593272 0.049877826
58833.637603 25.598472 0.052905743
58833.638178 25.612045 0.052887046
58833.638751 25.539002 0.049949963
58833.639317 25.547257 0.05495158
58833.639885 25.601047 0.044966207
58833.640451 25.575615 0.040976659
58833.641017 25.554821 0.044963419
58833.641587 25.563684 0.046961829
58833.642165 25.565383 0.04796021
58833.642733 25.570377 0.046954889
58833.643298 25.593395 0.053949845
58833.643881 25.57879 0.046956536
58833.644463 25.643396 0.048962545
58833.645038 25.605928 0.044958653
58833.645621 25.627406 0.049934705
58833.646196 25.570227 0.051932088
58833.646775 25.556448 0.046968116
58833.647352 25.627293 0.049967783
58833.647947 25.624551 0.055947864
58833.648518 25.546432 0.053973489
58833.649091 25.609707 0.052935177
58833.649661 25.608795 0.049971304
58833.650234 25.59429 0.043972626
58833.650812 25.641284 0.05396284
58833.651385 25.496941 0.047930393
58833.651942 25.538746 0.045955652
58833.652501 25.576268 0.04796626
58833.653051 25.63306 0.049944207
58833.653627 25.605177 0.045971353
58833.654196 25.577531 0.055952572
58833.654761 25.653963 0.053959102
58833.655332 25.555715 0.044958591
58833.655903 25.592565 0.054964001
58833.656459 25.528286 0.046975534
58833.657018 25.532185 0.041971035
58833.657575 25.615008 0.054972371
58833.658134 25.624085 0.051966419
58833.658729 25.554339 0.051960126
58833.659291 25.575749 0.052971933
58833.659866 25.63261 0.057972573
58833.660428 25.599882 0.057968618
58833.660996 25.510106 0.050960374
58833.661568 25.661145 0.053960928
58833.662129 25.616876 0.054957847
58833.662686 25.600208 0.073937162
58833.663254 25.690724 0.056972063
58833.663845 25.501318 0.056943429
58833.664399 25.636847 0.058954276
58833.664959 25.633707 0.061970675
58833.66553 25.638962 0.055975728
58833.666087 25.600197 0.055980796
58833.666661 25.594486 0.058977273
58833.66724 25.608945 0.04698135
58833.667808 25.530685 0.047977125
58833.668374 25.685108 0.051981983
58833.66894 25.579622 0.057976285
58833.669515 25.561223 0.053974315
58833.670105 25.625569 0.063961998
58833.670664 25.614318 0.059953544
58833.671231 25.505595 0.055960658
58833.671792 25.494074 0.056958979
58833.672357 25.62738 0.067950966
58833.672921 25.645235 0.060951304
58833.6735 25.550619 0.063975715
58833.674063 25.638716 0.062974397
58833.674632 25.578002 0.060951981
58833.675223 25.496175 0.068896528
58833.67579 25.686375 0.079943693
58833.67635 25.723587 0.082930853
58833.676916 25.541265 0.074953713
58833.677484 25.738885 0.090949669
58833.678056 25.693143 0.083939277
58833.678616 25.668396 0.095837459
58833.679182 25.8081 0.099851628
58833.679761 25.503268 0.089845946
58833.680323 25.7638 0.13354967
58833.680894 25.611118 0.09884749
58833.681455 25.55764 0.098656847
58833.68202 25.6156 0.10074634
58833.682591 25.762717 0.11968516
58833.683157 25.768169 0.11686142
58833.683728 25.527458 0.084855009
58833.68429 25.671252 0.10373642
58833.684864 25.644506 0.090911336
58833.685427 25.710353 0.089914678
58833.686006 25.810008 0.099870316
58833.68663 25.554247 0.075945018
58833.687197 25.592061 0.071944597
58833.687766 25.697449 0.091914969
58833.688335 25.568375 0.073948551
58833.6889 25.497494 0.065958778
58833.689473 25.570437 0.082936242
58833.690035 25.679567 0.076927675
58833.690606 25.661374 0.080935939
58833.691182 25.690059 0.076923369
58833.691769 25.54805 0.072918026
58833.692334 25.632958 0.090868374
58833.692912 25.676253 0.08691027
58833.693482 25.583495 0.069928873
58833.694055 25.772006 0.081946728
58833.694629 25.558799 0.071930506
58833.695214 25.688061 0.085944587
58833.695788 25.620881 0.074937472
58833.696709 25.762468 0.090939145
58833.697282 25.789038 0.1078556
58833.697854 25.605097 0.081926373
58833.698426 25.539003 0.075939553
58833.698997 25.681886 0.094946593
58833.699574 25.6265 0.074947405
58833.700162 25.494436 0.064964491
58833.700738 25.653895 0.091938974
58833.701314 25.681881 0.082959036
58833.701879 25.525223 0.098941708
58833.702433 25.589995 0.080969366
58833.702997 25.550473 0.06697394
58833.703569 25.609513 0.072960557
58833.704138 25.58897 0.073970423
58833.704693 25.765182 0.086970985
58833.705269 25.410066 0.062955428
58833.705842 25.553052 0.072961413
58833.706416 25.524727 0.080946766
58833.706995 25.598348 0.071968276
58833.70756 25.549896 0.066964691
58833.708139 25.525615 0.063968643
58833.708701 25.565068 0.070966131
58833.709269 25.626446 0.07895341
58833.709837 25.498572 0.069959817
58833.710398 25.554909 0.07095325
58833.710961 25.573344 0.068943145
58833.711531 25.631068 0.082948914
58833.712096 25.594525 0.082950335
58833.712678 25.517351 0.061942361
58833.713245 25.609641 0.07495252
58833.713811 25.60942 0.068952955
58833.71438 25.650055 0.071964923
58833.714942 25.549872 0.062967665
58833.715515 25.560099 0.065951166
58833.716099 25.67502 0.073970198
58833.716662 25.652984 0.073971233
58833.717217 25.530772 0.060933612
58833.717786 25.617746 0.074952051
58833.718352 25.571537 0.072959324
58833.718933 25.615998 0.072952947
58833.719515 25.491917 0.067954623
58833.720081 25.568292 0.072922352
0.0 0.0 0.0
58833.721229 25.663618 0.070956687
58833.721798 25.511531 0.071935788
58833.722365 25.6399 0.063963647
58833.722938 25.611232 0.058968058
58833.723517 25.596853 0.068963823
58833.724095 25.663759 0.060967801
58833.724659 25.539104 0.063949668
58833.725228 25.537098 0.056965419
58833.725794 25.565679 0.069946755
58833.726369 25.579347 0.072896233
58833.726949 25.595205 0.076853477
58833.727521 25.602825 0.07191527
58833.728085 25.663054 0.076931329
58833.728659 25.517605 0.066939165
58833.729226 25.553222 0.06994557
58833.729803 25.647759 0.06695521
58833.730359 25.561033 0.072945014
58833.730924 25.587282 0.055968002
58833.731502 25.743943 0.08495121
58833.732059 25.706314 0.089889331
58833.732632 25.544624 0.072904582
58833.733194 25.544216 0.07591446
58833.733759 25.616176 0.078812916
58833.734321 25.635664 0.087906202
58833.734879 25.678011 0.10187995
58833.735444 25.603233 0.090848867
58833.736003 25.810718 0.12285077
58833.736571 25.666127 0.11486006
58833.737136 25.523012 0.097844538
58833.737691 25.568515 0.0869194
58833.738267 25.622026 0.096751847
58833.738823 25.705735 0.084865262
58833.739382 25.520107 0.08786756
58833.739948 25.511952 0.090846479
58833.740522 25.494088 0.086818578
58833.741085 25.549569 0.10568956
58833.741647 25.630998 0.091892537
58833.742215 25.617481 0.088910417
58833.742788 25.700814 0.093846891
58833.743365 25.744259 0.12190288
58833.743953 25.652224 0.087875824
58833.744526 25.55313 0.082861185
58833.745093 25.650777 0.076931217
58833.745664 25.7364 0.090934879
58833.746226 25.673261 0.085930909
58833.746789 25.592422 0.070947615
58833.747358 25.541929 0.061956409
58833.747921 25.618852 0.072953941
58833.748478 25.606473 0.065949255
58833.749035 25.62871 0.065958509
58833.749599 25.713785 0.07395974
58833.750168 25.7603 0.092892143
58833.750733 25.581996 0.069907026
58833.751298 25.716766 0.083876241
58833.751854 25.74167 0.099779494
58833.752416 25.718337 0.081897041
58833.752988 25.638024 0.079907416
58833.753539 25.586665 0.066917303
58833.7541 25.511353 0.064948553
58833.754655 25.538207 0.064947406
58833.75523 25.542414 0.06796073
58833.755803 25.578837 0.078951941
58833.756377 25.528152 0.077957496
58833.756948 25.673861 0.076952594
58833.757519 25.632868 0.075958998
58833.758074 25.564715 0.072960985
58833.758639 25.67316 0.09293224
58833.759204 25.697331 0.11291058
58833.759765 25.540794 0.08295462
58833.760341 25.651435 0.083959294
58833.760921 25.553431 0.085955412
58833.761489 25.508757 0.096908629
58833.76205 25.579251 0.089956094
58833.762618 25.497879 0.079933848
58833.763196 25.653568 0.076969306
58833.763771 25.561991 0.0779702
58833.764345 25.617417 0.075964176
58833.764904 25.554421 0.066965087
58833.765469 25.530943 0.072967833
58833.766035 25.605581 0.092964245
58833.766604 25.670961 0.09096093
58833.767179 25.551137 0.08496679
58833.767754 25.6716 0.090972294
58833.768337 25.526484 0.068949711
58833.768906 25.509908 0.078963974
58833.769468 25.523123 0.080953566
58833.770037 25.614469 0.083961314
58833.770609 25.619203 0.083964004
58833.771176 25.767228 0.11491875
58833.77175 25.621102 0.097937662
58833.772312 25.535739 0.10692707
58833.772873 25.581345 0.11088108
58833.773436 25.535035 0.11285672
58833.774013 25.764954 0.15377831
58833.774581 25.762785 0.14185468
58833.775149 25.47662 0.10290635
58833.775718 25.701117 0.12589577
58833.776274 25.560862 0.10189249
58833.776849 25.772301 0.13593769
58833.777425 25.666118 0.11693881
58833.777996 25.614008 0.11190758
58833.778564 25.606262 0.10493956
58833.779126 25.686923 0.11792213
58833.779701 25.730958 0.11989745
58833.780275 25.423023 0.088906266
58833.780836 25.632166 0.11185199
58833.781394 25.575058 0.12889143
58833.781959 25.57212 0.099915272
58833.78252 25.647729 0.11292628
58833.783078 25.560772 0.099904967
58833.783656 25.635248 0.099933224
58833.784224 25.641372 0.10295276
58833.784791 25.676518 0.10594171
58833.785359 25.412752 0.073954118
58833.785923 25.633362 0.087956903
58833.786499 25.700597 0.099958168
58833.787075 25.62419 0.10094498
58833.787657 25.562777 0.10095727
58833.788243 25.533105 0.075950333
58833.788815 25.614073 0.092943651
58833.789431 25.599293 0.075963773
58833.789993 25.577852 0.08195761
58833.790558 25.603132 0.073976688
58833.791114 25.569424 0.078961037
58833.791692 25.565372 0.074973589
58833.792254 25.533017 0.066964053
58833.792819 25.559686 0.064967932
58833.793386 25.488341 0.06496031
58833.793945 25.523899 0.064965677
58833.794517 25.572327 0.067960536
58833.79508 25.606725 0.06796065
58833.795646 25.538478 0.061973288
58833.796225 25.613909 0.060971337
58833.79679 25.620789 0.060974699
58833.797352 25.572803 0.055976512
58833.797908 25.59709 0.067971425
58833.798484 25.546912 0.059973101
58833.799061 25.510599 0.057976631
58833.799624 25.628527 0.061955191
58833.800185 25.59149 0.063975399
58833.800756 25.608142 0.074966738
58833.801313 25.541915 0.056952651
58833.801876 25.583604 0.059964882
58833.802443 25.597059 0.06396386
58833.803031 25.7058 0.068975077
58833.803608 25.639697 0.060969221
58833.804175 25.727097 0.08197445
58833.804741 25.556758 0.059978705
58833.805316 25.555571 0.069977264
58833.805876 25.462424 0.063965818
58833.806445 25.527155 0.071977301
58833.807016 25.655446 0.074973481
58833.807582 25.53166 0.077960697
58833.80816 25.724697 0.085966796
58833.808724 25.54284 0.060977329
58833.809281 25.665332 0.073967087
58833.809857 25.558636 0.066974042
58833.810432 25.727111 0.083975099
58833.811002 25.748276 0.089971641
58833.81157 25.54978 0.06897419
58833.812141 25.701975 0.077975207
58833.81271 25.798688 0.08097675
58833.813283 25.573998 0.067971584
58833.81385 25.52819 0.058973539
58833.814425 25.525745 0.058975693
58833.81499 25.465343 0.05797852
58833.815567 25.409536 0.059971941
58833.816133 25.59539 0.059975857
58833.816698 25.590067 0.066970579
58833.817289 25.633474 0.070951704
58833.817864 25.654977 0.079966344
58833.818429 25.532801 0.060967561
58833.819011 25.633985 0.078961754
58833.819573 25.625031 0.0799608
58833.820146 25.60238 0.07395757
58833.82073 25.518441 0.061965522
58833.821295 25.570159 0.070959089
58833.821869 25.616676 0.088970102
58833.822431 25.653163 0.089967635
58833.822986 25.442509 0.076972164
58833.823546 25.56224 0.090963908
58833.824122 25.544066 0.082959866
58833.82469 25.551703 0.081948661
58833.82527 25.643159 0.10096942
58833.825842 25.746876 0.10196735
58833.826414 25.732842 0.10595529
58833.826987 25.562421 0.081964286
58833.827559 25.560188 0.080959968
58833.828123 25.553856 0.071967957
58833.828694 25.587768 0.069949344
58833.829263 25.557709 0.073960868
58833.829826 25.625525 0.075959493
58833.830398 25.617182 0.06794058
58833.830961 25.58862 0.072947324
58833.831526 25.618279 0.067966902
58833.832097 25.670089 0.0719597
58833.83267 25.613577 0.067951785
58833.833228 25.588573 0.06396452
58833.833798 25.652272 0.067961637
58833.834371 25.607602 0.076941581
58833.834936 25.528919 0.063961779
58833.83551 25.520011 0.061956749
58833.836083 25.638741 0.07196759
58833.836648 25.598311 0.073941491
58833.837231 25.67214 0.07796135
58833.837806 25.79404 0.099928563
58833.83839 25.698058 0.086946657
58833.838952 25.555781 0.086926272
58833.839512 25.714326 0.096958002
58833.840078 25.875288 0.12195855
58833.840638 25.621843 0.078952497
58833.841214 25.669116 0.091963536
58833.841784 25.651422 0.081968938
58833.842354 25.591064 0.076966452
58833.842932 25.555393 0.084962163
58833.8435 25.636043 0.081959037
58833.844068 25.644812 0.076968524
58833.84464 25.671823 0.082967567
58833.845192 25.664332 0.086970587
58833.845764 25.68499 0.082977069
58833.846315 25.656522 0.091972075
58833.846882 25.591482 0.084974461
58833.847447 25.870705 0.10997357
58833.848017 25.508829 0.087960377
58833.848583 25.631835 0.1059682
58833.849139 25.565966 0.10596511
58833.849713 25.65258 0.099956384
58833.850286 25.682742 0.1009702
