HJD mag magerr
0.0 0.0 0.0
0.0 0.0 0.0
0.0 0.0 0.0
0.0 0.0 0.0
0.0 0.0 0.0
0.0 0.0 0.0
0.0 0.0 0.0
0.0 0.0 0.0
0.0 0.0 0.0
0.0 0.0 0.0
58833.532068 25.763108 0.13890271
58833.532639 25.552549 0.11489185
58833.533201 25.646663 0.13392796
58833.533765 25.861383 0.1549332
58833.534319 25.404642 0.11771956
0.0 0.0 0.0
0.0 0.0 0.0
58833.536022 25.632126 0.11592037
58833.536586 25.502358 0.088938095
58833.537148 25.455252 0.083932351
58833.537706 25.405356 0.10387974
58833.538275 25.29561 0.083924047
58833.538843 25.44018 0.10192745
58833.539403 25.311106 0.090928132
58833.539961 25.452315 0.093940396
58833.540691 25.335745 0.071959647
58833.54127 25.719259 0.10892458
58833.541834 25.296391 0.073942547
0.0 0.0 0.0
0.0 0.0 0.0
0.0 0.0 0.0
0.0 0.0 0.0
0.0 0.0 0.0
0.0 0.0 0.0
0.0 0.0 0.0
58833.54634 25.350443 0.085958805
0.0 0.0 0.0
58833.547488 26.167297 0.17493153
58833.548053 25.447412 0.096938815
58833.548633 25.348975 0.08495934
58833.549203 25.409682 0.074956419
58833.549779 25.393018 0.087954147
58833.550355 25.327411 0.077939997
58833.550911 25.34981 0.076932739
58833.551466 25.965793 0.14993724
58833.552025 25.89348 0.14891058
58833.552609 25.766588 0.1319104
58833.553172 25.421958 0.091938807
58833.553736 25.246925 0.072948915
58833.554298 25.364185 0.086962131
58833.554862 25.300157 0.068961154
58833.55542 25.238631 0.070974098
58833.556007 25.336579 0.068978595
58833.556565 25.234006 0.075976158
58833.557125 25.277076 0.064971933
58833.557676 25.222059 0.066977873
58833.558245 25.233408 0.067961043
58833.558811 25.345491 0.076944127
58833.559373 25.465237 0.092931019
0.0 0.0 0.0
0.0 0.0 0.0
58833.561052 25.766311 0.12190579
0.0 0.0 0.0
58833.562183 25.876503 0.12393832
58833.562742 25.498149 0.09294326
58833.563315 25.196017 0.066946406
0.0 0.0 0.0
0.0 0.0 0.0
58833.565019 25.371862 0.097949954
58833.565576 25.282639 0.053986367
58833.566153 25.631409 0.11191449
58833.566722 25.278002 0.068939371
58833.56729 25.562705 0.10493532
58833.56785 25.457882 0.09489799
58833.568406 25.27075 0.073969809
58833.568961 25.27612 0.074972107
58833.569533 25.181144 0.054979282
58833.570095 25.237323 0.059970759
58833.57065 25.228482 0.050982509
58833.57121 25.236783 0.061972065
58833.571768 25.174466 0.068972116
58833.572322 25.271543 0.065967191
58833.572898 25.408464 0.074955439
58833.573468 26.108253 0.14885541
0.0 0.0 0.0
58833.574593 25.847075 0.16690191
0.0 0.0 0.0
0.0 0.0 0.0
0.0 0.0 0.0
0.0 0.0 0.0
58833.577403 25.394476 0.089947894
58833.577964 25.598116 0.10495345
58833.578544 25.382771 0.073933223
58833.579114 26.01574 0.12695176
58833.579688 25.44922 0.09791393
58833.580238 25.55279 0.11590219
58833.58081 25.81825 0.1139143
58833.581375 25.976214 0.15278659
58833.581944 25.489095 0.095904598
58833.582509 25.337521 0.085941575
58833.58308 25.259605 0.072905889
58833.583647 26.223991 99.996861
0.0 0.0 0.0
0.0 0.0 0.0
0.0 0.0 0.0
58833.585886 25.824191 0.13591318
58833.586442 25.696513 0.11892542
58833.587001 25.49895 0.1039152
0.0 0.0 0.0
0.0 0.0 0.0
58833.588711 25.428299 0.08895918
0.0 0.0 0.0
0.0 0.0 0.0
0.0 0.0 0.0
0.0 0.0 0.0
0.0 0.0 0.0
0.0 0.0 0.0
0.0 0.0 0.0
0.0 0.0 0.0
0.0 0.0 0.0
0.0 0.0 0.0
0.0 0.0 0.0
0.0 0.0 0.0
0.0 0.0 0.0
0.0 0.0 0.0
0.0 0.0 0.0
58833.597797 25.578239 0.090906726
58833.59838 25.41778 0.079944881
58833.598947 25.326714 0.074934886
58833.599512 25.683178 0.12991413
58833.60009 25.141975 0.068936512
58833.600655 25.311684 0.083944682
58833.601221 25.537339 0.10391869
58833.601788 25.384407 0.080943007
58833.602358 25.302453 0.09992642
58833.602926 25.445916 0.097893333
58833.60349 25.742357 0.13380763
58833.604047 25.219782 0.088922742
58833.604615 26.035309 0.17588154
58833.605171 25.834501 0.16082527
58833.605736 25.761664 0.12388449
58833.606292 25.61907 0.11888544
58833.606846 25.924861 0.14385968
58833.607409 25.602398 0.11887733
58833.607972 25.821683 0.13690371
0.0 0.0 0.0
58833.609122 25.836471 0.13589522
0.0 0.0 0.0
0.0 0.0 0.0
58833.610843 26.348318 0.18188428
0.0 0.0 0.0
0.0 0.0 0.0
0.0 0.0 0.0
0.0 0.0 0.0
0.0 0.0 0.0
0.0 0.0 0.0
0.0 0.0 0.0
0.0 0.0 0.0
0.0 0.0 0.0
58833.616534 25.715609 0.10889523
58833.617093 25.967776 0.14089029
58833.617655 25.437365 0.1069232
58833.618216 25.511158 0.093927232
58833.618781 25.516051 0.097937133
58833.619336 25.437107 0.09992551
0.0 0.0 0.0
0.0 0.0 0.0
0.0 0.0 0.0
58833.621643 25.778754 0.13790046
0.0 0.0 0.0
58833.622786 25.82656 0.13987496
58833.623339 25.622186 0.11792147
58833.623898 25.465107 0.099908036
58833.624467 25.471081 0.081931687
58833.625042 25.438671 0.09091954
58833.625625 25.470512 0.091927923
58833.626195 25.27323 0.068939653
58833.626758 25.257993 0.074893031
58833.627345 25.269094 0.086954819
58833.627901 25.323396 0.076954836
58833.628481 25.320126 0.078956065
58833.629058 25.291234 0.06595256
58833.629625 25.342466 0.074956462
58833.630194 25.42145 0.078957266
58833.630754 25.376832 0.07496177
58833.631339 25.147284 0.081897093
0.0 0.0 0.0
0.0 0.0 0.0
0.0 0.0 0.0
58833.633609 25.462341 0.11486869
58833.634176 25.395541 0.10591923
58833.63477 25.710264 0.13290049
58833.63533 25.331054 0.08294566
58833.635896 25.664396 0.10891637
58833.636454 25.459415 0.091959428
58833.637031 25.51656 0.099888232
58833.637603 25.300952 0.079936803
58833.638178 25.241964 0.092900286
58833.638751 25.241869 0.06595685
58833.639317 25.325339 0.077953774
58833.639885 25.161243 0.072958036
58833.640451 25.232156 0.064976491
58833.641017 25.236963 0.072973268
58833.641587 25.388745 0.073957237
58833.642165 25.233389 0.085960647
58833.642733 25.230535 0.075960984
58833.643298 25.110726 0.065955797
58833.643881 25.250198 0.063945447
58833.644463 25.214944 0.05197625
58833.645038 25.206646 0.076963183
58833.645621 25.284913 0.07294171
58833.646196 25.292449 0.073943601
58833.646775 25.171225 0.067960643
58833.647352 25.227081 0.068964654
58833.647947 25.321575 0.092936527
58833.648518 25.314991 0.069977796
58833.649091 25.24876 0.060966534
58833.649661 25.149211 0.059974408
58833.650234 25.289044 0.06697409
58833.650812 25.31617 0.077967685
58833.651385 25.281476 0.07796039
58833.651942 25.314682 0.074961116
58833.652501 25.213075 0.064972004
58833.653051 25.142797 0.053978221
58833.653627 25.237309 0.071973255
58833.654196 25.367232 0.095956922
58833.654761 25.206452 0.067965337
58833.655332 25.194961 0.075972588
58833.655903 25.221097 0.064976657
58833.656459 25.130215 0.059977094
58833.657018 25.168974 0.057980488
58833.657575 25.173597 0.060980527
58833.658134 25.236494 0.066972651
58833.658729 25.161839 0.071961926
58833.659291 25.202365 0.063967213
58833.659866 25.210443 0.051979404
58833.660428 25.234716 0.078962197
58833.660996 25.343136 0.072964461
58833.661568 25.264383 0.068962531
58833.662129 25.17932 0.067946821
58833.662686 25.482034 0.10793856
58833.663254 25.212282 0.062976047
58833.663845 25.530097 0.093918726
58833.664399 25.433428 0.087959298
58833.664959 25.155006 0.057976441
58833.66553 25.330909 0.070971407
58833.666087 25.192154 0.061978758
58833.666661 25.216857 0.064979649
58833.66724 25.242531 0.049984086
58833.667808 25.159138 0.061981124
58833.668374 25.224282 0.067977871
58833.66894 25.116607 0.057972952
58833.669515 25.359946 0.074969436
58833.670105 25.173817 0.063961926
58833.670664 25.195058 0.078959496
58833.671231 25.408626 0.080963376
58833.671792 25.19835 0.083958004
58833.672357 25.163731 0.074960269
58833.672921 25.267806 0.067957812
58833.6735 25.13179 0.061973664
58833.674063 25.226885 0.067976953
58833.674632 25.127181 0.071958248
58833.675223 25.531853 0.093906296
58833.67579 25.235046 0.079948294
58833.67635 25.648708 0.12393847
58833.676916 25.292602 0.098957767
58833.677484 25.380078 0.10895191
58833.678056 25.516326 0.1149461
58833.678616 25.873313 0.161847
58833.679182 25.711866 0.14586851
58833.679761 25.530068 0.1237977
0.0 0.0 0.0
58833.680894 25.397127 0.12580114
0.0 0.0 0.0
58833.68202 25.708062 0.14178176
0.0 0.0 0.0
0.0 0.0 0.0
58833.683728 25.628361 0.13486247
0.0 0.0 0.0
58833.684864 25.37557 0.10492003
0.0 0.0 0.0
58833.686006 25.520672 0.14188622
58833.68663 25.190072 0.077947611
58833.687197 25.293917 0.081962345
58833.687766 25.577865 0.11594951
58833.688335 25.46083 0.090958824
58833.6889 25.348052 0.088947219
58833.689473 25.309705 0.096941524
58833.690035 25.44034 0.094940584
58833.690606 25.332335 0.091916471
58833.691182 25.425973 0.081950124
58833.691769 25.539629 0.11193011
58833.692334 25.793904 0.14088605
58833.692912 25.488743 0.10591559
58833.693482 25.446104 0.094931842
58833.694055 25.315574 0.10093407
58833.694629 25.335396 0.086956944
58833.695214 25.379842 0.087950619
58833.695788 25.240517 0.081944263
0.0 0.0 0.0
0.0 0.0 0.0
0.0 0.0 0.0
0.0 0.0 0.0
0.0 0.0 0.0
0.0 0.0 0.0
0.0 0.0 0.0
58833.700738 25.144507 0.092954504
58833.701314 25.316078 0.083955681
58833.701879 25.227265 0.073960081
58833.702433 25.33789 0.077972835
58833.702997 25.21744 0.059975919
58833.703569 25.131664 0.068963202
58833.704138 25.233686 0.0629789
58833.704693 25.165688 0.071973673
58833.705269 25.323417 0.076963813
58833.705842 25.310254 0.083951692
58833.706416 25.204428 0.076940682
58833.706995 25.120402 0.068972416
58833.70756 25.237938 0.084957255
58833.708139 25.324491 0.081960043
58833.708701 25.177495 0.077967322
58833.709269 25.355633 0.080967805
58833.709837 25.358789 0.080965039
58833.710398 25.32638 0.074968989
58833.710961 25.281016 0.097933796
58833.711531 25.412672 0.095953428
58833.712096 25.316712 0.098949754
58833.712678 25.310018 0.097947643
58833.713245 25.391455 0.10195605
58833.713811 25.364722 0.087959095
58833.71438 25.234767 0.069966361
58833.714942 25.280823 0.069961081
58833.715515 25.241451 0.068959196
58833.716099 25.153938 0.066972128
58833.716662 25.32026 0.080973464
58833.717217 25.110437 0.064970821
58833.717786 25.25914 0.087958077
58833.718352 25.443428 0.091950845
58833.718933 25.283253 0.094956248
58833.719515 25.287934 0.079953854
58833.720081 25.534775 0.10694167
0.0 0.0 0.0
58833.721229 25.389106 0.088945491
58833.721798 25.502663 0.10394416
0.0 0.0 0.0
58833.722938 25.329862 0.081970639
58833.723517 25.411107 0.10295473
58833.724095 25.213346 0.060962409
58833.724659 25.326969 0.084956649
58833.725228 25.294046 0.078959064
58833.725794 25.437592 0.091957278
58833.726369 25.526539 0.10193724
58833.726949 25.506816 0.10192027
58833.727521 25.568465 0.10488582
58833.728085 25.381294 0.099906896
58833.728659 25.466422 0.10794192
58833.729226 25.444184 0.095944369
58833.729803 25.570707 0.11295847
0.0 0.0 0.0
0.0 0.0 0.0
0.0 0.0 0.0
0.0 0.0 0.0
0.0 0.0 0.0
0.0 0.0 0.0
0.0 0.0 0.0
0.0 0.0 0.0
0.0 0.0 0.0
0.0 0.0 0.0
0.0 0.0 0.0
0.0 0.0 0.0
0.0 0.0 0.0
0.0 0.0 0.0
0.0 0.0 0.0
0.0 0.0 0.0
0.0 0.0 0.0
0.0 0.0 0.0
0.0 0.0 0.0
0.0 0.0 0.0
0.0 0.0 0.0
58833.742215 25.512462 0.11591812
0.0 0.0 0.0
58833.743365 25.532601 0.1118924
0.0 0.0 0.0
0.0 0.0 0.0
58833.745093 25.436364 0.095936097
0.0 0.0 0.0
58833.746226 25.498645 0.11193164
58833.746789 25.33957 0.089931544
58833.747358 25.367197 0.088949813
58833.747921 25.487401 0.098943877
58833.748478 25.414116 0.08195155
58833.749035 25.414673 0.072950575
58833.749599 25.176103 0.068947799
0.0 0.0 0.0
58833.750733 25.479113 0.10890562
0.0 0.0 0.0
0.0 0.0 0.0
58833.752416 25.76466 0.12190945
0.0 0.0 0.0
58833.753539 25.492555 0.10192502
58833.7541 25.602362 0.10993359
58833.754655 25.310921 0.074949997
0.0 0.0 0.0
0.0 0.0 0.0
0.0 0.0 0.0
0.0 0.0 0.0
0.0 0.0 0.0
0.0 0.0 0.0
0.0 0.0 0.0
0.0 0.0 0.0
0.0 0.0 0.0
0.0 0.0 0.0
58833.760921 25.332986 0.089958094
0.0 0.0 0.0
58833.76205 25.418483 0.088959692
58833.762618 25.419201 0.10994448
58833.763196 25.328057 0.076955874
0.0 0.0 0.0
0.0 0.0 0.0
0.0 0.0 0.0
0.0 0.0 0.0
0.0 0.0 0.0
58833.766604 25.331671 0.074950911
0.0 0.0 0.0
0.0 0.0 0.0
0.0 0.0 0.0
0.0 0.0 0.0
0.0 0.0 0.0
0.0 0.0 0.0
0.0 0.0 0.0
0.0 0.0 0.0
0.0 0.0 0.0
0.0 0.0 0.0
0.0 0.0 0.0
0.0 0.0 0.0
0.0 0.0 0.0
0.0 0.0 0.0
0.0 0.0 0.0
0.0 0.0 0.0
0.0 0.0 0.0
0.0 0.0 0.0
0.0 0.0 0.0
0.0 0.0 0.0
0.0 0.0 0.0
0.0 0.0 0.0
0.0 0.0 0.0
0.0 0.0 0.0
0.0 0.0 0.0
0.0 0.0 0.0
0.0 0.0 0.0
58833.78252 25.234264 0.092944362
0.0 0.0 0.0
0.0 0.0 0.0
0.0 0.0 0.0
0.0 0.0 0.0
0.0 0.0 0.0
0.0 0.0 0.0
0.0 0.0 0.0
0.0 0.0 0.0
0.0 0.0 0.0
0.0 0.0 0.0
0.0 0.0 0.0
58833.789431 25.232514 0.075968177
58833.789993 25.428417 0.12195829
58833.790558 25.240982 0.079972696
58833.791114 25.394164 0.095950757
58833.791692 25.180897 0.067969325
58833.792254 25.338581 0.092950662
58833.792819 25.231833 0.084963075
58833.793386 25.339455 0.0869528
58833.793945 25.329093 0.093959387
58833.794517 25.182386 0.065964428
58833.79508 25.310886 0.06596417
58833.795646 25.310754 0.077967565
58833.796225 25.292031 0.073963398
58833.79679 25.318476 0.066976581
58833.797352 25.323531 0.08398103
58833.797908 25.170146 0.065975654
58833.798484 25.233769 0.063977941
58833.799061 25.195372 0.063973173
58833.799624 25.350874 0.071970055
58833.800185 25.214612 0.078974447
58833.800756 25.233068 0.056960431
58833.801313 25.199553 0.068967131
58833.801876 25.285271 0.072968866
58833.802443 25.243146 0.066954032
58833.803031 25.231664 0.07597768
58833.803608 25.305334 0.068970344
58833.804175 25.325387 0.073977921
58833.804741 25.208795 0.051977843
58833.805316 25.082149 0.066976501
58833.805876 25.087965 0.06896958
58833.806445 25.284835 0.081979777
58833.807016 25.252953 0.075975367
58833.807582 25.185892 0.077960477
58833.80816 25.229959 0.065975075
58833.808724 25.14694 0.060976901
58833.809281 25.362144 0.083971215
58833.809857 25.294317 0.073976216
58833.810432 25.261755 0.076969231
58833.811002 25.208498 0.072974066
58833.81157 25.274395 0.058978969
58833.812141 25.187664 0.06397842
58833.81271 25.196707 0.066980267
58833.813283 25.219615 0.0719817
58833.81385 25.225507 0.060981384
58833.814425 25.293265 0.060980622
58833.81499 25.183429 0.072981001
58833.815567 25.198158 0.061977811
58833.816133 25.260119 0.065976596
58833.816698 25.260732 0.082955823
58833.817289 25.21123 0.070968499
58833.817864 25.306363 0.075962467
58833.818429 25.414026 0.084964189
58833.819011 25.400136 0.085964342
58833.819573 25.311566 0.08097297
58833.820146 25.161471 0.074959655
58833.82073 25.294103 0.07596798
58833.821295 25.243151 0.077967807
58833.821869 25.434015 0.094966769
58833.822431 25.34411 0.074974098
58833.822986 25.260106 0.076976299
58833.823546 25.257628 0.088958947
58833.824122 25.370359 0.10395647
58833.82469 25.277948 0.083972474
58833.82527 25.312687 0.090974239
58833.825842 25.297587 0.098970316
58833.826414 25.219518 0.09195544
58833.826987 25.275379 0.085958214
58833.827559 25.33079 0.084963988
58833.828123 25.315659 0.10196998
58833.828694 25.261104 0.076955445
58833.829263 25.379181 0.081963482
58833.829826 25.15832 0.07495336
58833.830398 25.498839 0.10196298
58833.830961 25.232293 0.069965486
58833.831526 25.189866 0.066955622
58833.832097 25.438163 0.078970674
58833.83267 25.31902 0.070965377
58833.833228 25.307546 0.072965543
58833.833798 25.417882 0.075971967
58833.834371 25.438165 0.09995139
58833.834936 25.341483 0.086971272
58833.83551 25.377528 0.087968478
58833.836083 25.316627 0.085966832
58833.836648 25.385627 0.084968936
58833.837231 25.407963 0.095968412
58833.837806 25.688311 0.15093175
58833.83839 25.370443 0.088949192
58833.838952 25.389589 0.10993164
58833.839512 25.317446 0.077961919
58833.840078 25.350227 0.093952496
58833.840638 25.273864 0.076966536
58833.841214 25.302631 0.095963996
58833.841784 25.231092 0.070973087
58833.842354 25.316781 0.09396878
58833.842932 25.346663 0.082965683
0.0 0.0 0.0
0.0 0.0 0.0
58833.84464 25.396457 0.084968775
0.0 0.0 0.0
58833.845764 25.243165 0.076976665
58833.846315 25.205884 0.064977293
58833.846882 25.202146 0.068980066
58833.847447 25.18873 0.08296724
58833.848017 25.296924 0.088975479
58833.848583 25.09753 0.084969494
58833.849139 25.327923 0.087972589
58833.849713 25.335477 0.093960792
58833.850286 25.282412 0.089975898
