HJD mag magerr
58833.526351 25.442482 0.18771198
58833.526938 25.198152 0.14971966
58833.527497 25.537753 0.159895
58833.528073 25.031945 0.12273537
58833.52864 25.212761 0.10282963
58833.529223 25.23352 0.14963766
58833.529794 25.165413 0.13740451
58833.530369 25.299489 0.094801083
58833.530936 25.13036 0.079821588
58833.531508 25.219771 0.069882339
58833.532068 25.270347 0.063923673
58833.532639 25.2168 0.058842729
58833.533201 25.255315 0.058915757
58833.533765 25.14768 0.052916712
58833.534319 25.206462 0.066807167
58833.534878 25.198519 0.06283484
58833.535457 25.13353 0.059782932
58833.536022 25.193391 0.047931191
58833.536586 25.182479 0.045925182
58833.537148 25.228616 0.040928397
58833.537706 25.238762 0.051898797
58833.538275 25.235012 0.044895256
58833.538843 25.235853 0.04193585
58833.539403 25.206953 0.039929489
58833.539961 25.200026 0.037938615
58833.540691 25.214164 0.038930495
58833.54127 25.280594 0.038937033
58833.541834 25.208562 0.037950483
58833.542384 25.230036 0.039938038
58833.542946 25.200803 0.035942139
58833.543507 25.250172 0.034936353
58833.544071 25.237745 0.038937802
58833.544644 25.230721 0.032962629
58833.545206 25.177785 0.037920243
58833.545767 25.230188 0.0339554
58833.54634 25.154016 0.030967563
58833.546924 25.155673 0.033948494
58833.547488 25.192007 0.036925443
58833.548053 25.229614 0.034929295
58833.548633 25.180216 0.034952778
58833.549203 25.234317 0.030962955
58833.549779 25.267442 0.033960159
58833.550355 25.264272 0.036942358
58833.550911 25.167355 0.031961088
58833.551466 25.248789 0.032946314
58833.552025 25.222692 0.037935552
58833.552609 25.20015 0.036949398
58833.553172 25.295421 0.038948572
58833.553736 25.235507 0.037940574
58833.554298 25.214776 0.032961071
58833.554862 25.206143 0.033959981
58833.55542 25.289868 0.044963782
58833.556007 25.188925 0.038952599
58833.556565 25.211214 0.039975958
58833.557125 25.19483 0.038971419
58833.557676 25.181267 0.039976795
58833.558245 25.202633 0.037965771
58833.558811 25.207464 0.037949944
58833.559373 25.261552 0.039937286
58833.559928 25.25182 0.041889494
58833.560497 25.201561 0.05262925
58833.561052 25.238406 0.03991119
58833.561629 25.34368 0.043923842
58833.562183 25.206432 0.039922753
58833.562742 25.191097 0.036939392
58833.563315 25.139975 0.036951176
58833.563889 25.188343 0.041858864
58833.564461 25.176242 0.046564705
58833.565019 25.194736 0.03292887
58833.565576 25.189639 0.025989386
58833.566153 25.205834 0.035911468
58833.566722 25.267291 0.034966094
58833.56729 25.149189 0.030944584
58833.56785 25.224098 0.033951233
58833.568406 25.225214 0.031968558
58833.568961 25.132003 0.027963622
58833.569533 25.137922 0.024973726
58833.570095 25.149058 0.026975957
58833.57065 25.24703 0.030979787
58833.57121 25.172777 0.028972935
58833.571768 25.223792 0.03095123
58833.572322 25.204104 0.026979813
58833.572898 25.093079 0.031960476
58833.573468 25.251753 0.033931918
58833.574037 25.235548 0.03791136
58833.574593 25.172159 0.036913726
58833.575159 25.354039 0.057600179
58833.575726 25.225719 0.040842846
58833.576286 25.24046 0.041845382
58833.576839 25.129477 0.033888543
58833.577403 25.213198 0.033925436
58833.577964 25.15846 0.031958951
58833.578544 25.230523 0.03394668
58833.579114 25.245895 0.034944008
58833.579688 25.262728 0.039914915
58833.580238 25.247708 0.034908505
58833.58081 25.14698 0.033867413
58833.581375 25.233298 0.033912328
58833.581944 25.243969 0.03292799
58833.582509 25.229214 0.032940981
58833.58308 25.237148 0.035924315
58833.583647 25.239335 0.038887745
58833.584215 25.285951 0.051791125
58833.584762 25.29022 0.038868658
58833.585316 25.288773 0.041824608
58833.585886 25.192209 0.031928802
58833.586442 25.231284 0.034932337
58833.587001 25.153717 0.035918992
58833.587566 25.236842 0.051848292
58833.58814 25.217891 0.044858623
58833.588711 25.213199 0.032958026
58833.589285 25.251568 0.032938892
58833.589857 25.24155 0.043761818
58833.590423 25.261673 0.044851449
58833.590994 25.187554 0.047776855
58833.591559 25.241768 0.07069161
58833.592112 25.184871 0.053728294
58833.592665 25.230008 0.061727214
58833.593224 25.223331 0.065760548
58833.593796 25.207587 0.063839683
58833.594369 25.368343 0.082708486
58833.59492 25.121006 0.066655841
58833.595528 25.247442 0.056792592
58833.596082 25.289607 0.052840085
58833.596665 25.212809 0.048862318
58833.597231 25.144876 0.044885192
58833.597797 25.284332 0.043906796
58833.59838 25.265058 0.034947485
58833.598947 25.227557 0.034950332
58833.599512 25.246983 0.037920953
58833.60009 25.256102 0.037937287
58833.600655 25.243052 0.04095188
58833.601221 25.273365 0.036943079
58833.601788 25.196224 0.041918863
58833.602358 25.206362 0.036954144
58833.602926 25.299501 0.042939417
58833.60349 25.252244 0.053815179
58833.604047 25.256792 0.038943771
58833.604615 25.266055 0.040899418
58833.605171 25.237304 0.048884286
58833.605736 25.282105 0.046900673
58833.606292 25.264347 0.049921132
58833.606846 25.245419 0.049854236
58833.607409 25.236586 0.049887988
58833.607972 25.297859 0.053870215
58833.608554 25.279688 0.046885595
58833.609122 25.276855 0.052890726
58833.609691 25.286214 0.048860352
58833.61027 25.200543 0.039894954
58833.610843 25.224212 0.038905715
58833.611415 25.374001 0.043863034
58833.611993 25.226213 0.037838813
58833.612577 25.274869 0.038854408
58833.613137 25.208832 0.046799547
58833.613696 25.212273 0.044774325
58833.614278 25.238978 0.039840317
58833.614853 25.314123 0.046816418
58833.615407 25.259399 0.04184427
58833.615983 25.208961 0.042873902
58833.616534 25.254476 0.04285657
58833.617093 25.271448 0.045884916
58833.617655 25.286089 0.04392507
58833.618216 25.21163 0.042918233
58833.618781 25.232999 0.045911829
58833.619336 25.195329 0.040907661
58833.619908 25.301351 0.047916362
58833.620489 25.267072 0.037933197
58833.621073 25.238694 0.037942282
58833.621643 25.2703 0.047859216
58833.622212 25.212494 0.0399159
58833.622786 25.296448 0.053891721
58833.623339 25.344466 0.04790164
58833.623898 25.202377 0.042935548
58833.624467 25.197175 0.040939916
58833.625042 25.188561 0.040925303
58833.625625 25.245978 0.039936448
58833.626195 25.223946 0.034939611
58833.626758 25.263209 0.035940679
58833.627345 25.180838 0.035951406
58833.627901 25.274381 0.036962844
58833.628481 25.19502 0.034958341
58833.629058 25.224795 0.038929984
58833.629625 25.246955 0.03496491
58833.630194 25.254535 0.036963766
58833.630754 25.215878 0.03795981
58833.631339 25.137979 0.033914626
58833.631919 25.161972 0.046886254
58833.632476 25.182493 0.046887831
58833.633035 25.153541 0.041860366
58833.633609 25.019824 0.040792865
58833.634176 25.215615 0.052930876
58833.63477 25.254747 0.047898833
58833.63533 25.186307 0.038933261
58833.635896 25.234492 0.041897183
58833.636454 25.182275 0.032962423
58833.637031 25.26875 0.043936202
58833.637603 25.255202 0.046921215
58833.638178 25.223727 0.040909014
58833.638751 25.268802 0.039941082
58833.639317 25.256 0.037938845
58833.639885 25.246527 0.036945517
58833.640451 25.205121 0.040959681
58833.641017 25.170391 0.035955034
58833.641587 25.205042 0.03396774
58833.642165 25.213479 0.034959874
58833.642733 25.203155 0.040941662
58833.643298 25.234531 0.042960111
58833.643881 25.193827 0.039966891
58833.644463 25.14057 0.034966732
58833.645038 25.315679 0.040949901
58833.645621 25.229536 0.035946535
58833.646196 25.174441 0.037947631
58833.646775 25.20445 0.038967458
58833.647352 25.180351 0.033950677
58833.647947 25.1871 0.040945019
58833.648518 25.177019 0.03897439
58833.649091 25.2051 0.033969908
58833.649661 25.171808 0.035967764
58833.650234 25.254115 0.039970436
58833.650812 25.191754 0.036954999
58833.651385 25.242411 0.039947602
58833.651942 25.222243 0.038942591
58833.652501 25.226744 0.039964168
58833.653051 25.214336 0.038977064
58833.653627 25.239141 0.037976721
58833.654196 25.191807 0.039945351
58833.654761 25.263945 0.033970144
58833.655332 25.205178 0.040948681
58833.655903 25.201496 0.035973798
58833.656459 25.191568 0.038973209
58833.657018 25.267985 0.039974717
58833.657575 25.203493 0.040959806
58833.658134 25.196647 0.039966724
58833.658729 25.189299 0.038947726
58833.659291 25.218117 0.038971264
58833.659866 25.185331 0.038971718
58833.660428 25.220677 0.038946679
58833.660996 25.241533 0.038953036
58833.661568 25.255217 0.042947789
58833.662129 25.185069 0.042949759
58833.662686 25.246451 0.047919217
58833.663254 25.184642 0.04195277
58833.663845 25.251197 0.05095158
58833.664399 25.157046 0.043945217
58833.664959 25.242655 0.042968325
58833.66553 25.266566 0.042974208
58833.666087 25.187384 0.044972841
58833.666661 25.222067 0.035977215
58833.66724 25.198417 0.03697911
58833.667808 25.200694 0.036975173
58833.668374 25.212036 0.042981423
58833.66894 25.240019 0.044974358
58833.669515 25.249995 0.047970053
58833.670105 25.216148 0.044966936
58833.670664 25.275858 0.042963809
58833.671231 25.242406 0.046958003
58833.671792 25.305062 0.04896159
58833.672357 25.283952 0.04695812
58833.672921 25.251629 0.043973908
58833.6735 25.25745 0.049953157
58833.674063 25.221692 0.048970507
58833.674632 25.26743 0.048935472
58833.675223 25.225908 0.054900561
58833.67579 25.225851 0.050926053
58833.67635 25.112284 0.045933394
58833.676916 25.202019 0.054952327
58833.677484 25.182952 0.048951024
58833.678056 25.230768 0.05489057
58833.678616 25.199761 0.061859223
58833.679182 25.16999 0.058867941
58833.679761 25.235925 0.069812067
58833.680323 25.182241 0.084704768
58833.680894 25.225701 0.072782804
58833.681455 25.174224 0.072780784
58833.68202 25.284019 0.07084813
58833.682591 25.230684 0.072714314
58833.683157 25.197397 0.064885194
58833.683728 25.18241 0.059825301
58833.68429 25.149556 0.069780222
58833.684864 25.152389 0.05992025
58833.685427 25.227319 0.057916089
58833.686006 25.224557 0.061891772
58833.68663 25.253709 0.05792059
58833.687197 25.209821 0.052950614
58833.687766 25.185563 0.062956222
58833.688335 25.187828 0.05392355
58833.6889 25.238278 0.05991969
58833.689473 25.243073 0.057943734
58833.690035 25.23936 0.049915702
58833.690606 25.217677 0.055924363
58833.691182 25.240381 0.056936908
58833.691769 25.167209 0.048894764
58833.692334 25.238625 0.062884276
58833.692912 25.218017 0.058867406
58833.693482 25.179903 0.050934728
58833.694055 25.230169 0.05289983
58833.694629 25.16128 0.048949889
58833.695214 25.223788 0.055923402
58833.695788 25.314108 0.060948616
58833.696709 25.19214 0.053946569
58833.697282 25.173353 0.064898198
58833.697854 25.227174 0.057899023
58833.698426 25.186315 0.060940232
58833.698997 25.29528 0.074921377
58833.699574 25.224951 0.052949566
58833.700162 25.263796 0.055938654
58833.700738 25.263225 0.057923882
58833.701314 25.216101 0.055952339
58833.701879 25.309338 0.083958995
58833.702433 25.259859 0.061961243
58833.702997 25.2111 0.05096773
58833.703569 25.180917 0.049965841
58833.704138 25.245273 0.050976789
58833.704693 25.310168 0.056967093
58833.705269 25.24701 0.051961387
58833.705842 25.183019 0.059931795
58833.706416 25.258623 0.067951759
58833.706995 25.27256 0.056974064
58833.70756 25.236693 0.059958988
58833.708139 25.198973 0.050965505
58833.708701 25.194317 0.05393975
58833.709269 25.18954 0.053957511
58833.709837 25.240075 0.05892931
58833.710398 25.250858 0.05493578
58833.710961 25.252854 0.053937895
58833.711531 25.233288 0.057940959
58833.712096 25.245657 0.055955504
58833.712678 25.204778 0.054952451
58833.713245 25.133026 0.052948137
58833.713811 25.196073 0.048940459
58833.71438 25.122419 0.048951579
58833.714942 25.208359 0.049958484
58833.715515 25.189218 0.053959165
58833.716099 25.221317 0.044969241
58833.716662 25.234135 0.052965405
58833.717217 25.148527 0.042963632
58833.717786 25.282206 0.052940255
58833.718352 25.351362 0.059951211
58833.718933 25.281395 0.053955904
58833.719515 25.225052 0.05794382
58833.720081 25.155379 0.056892848
58833.720652 25.249415 0.052960481
58833.721229 25.176157 0.049952204
58833.721798 25.273055 0.060950783
58833.722365 25.146577 0.041960455
58833.722938 25.205235 0.04695991
58833.723517 25.180971 0.04793705
58833.724095 25.248132 0.043966668
58833.724659 25.132048 0.048957176
58833.725228 25.254668 0.048957564
58833.725794 25.316198 0.053908713
58833.726369 25.248371 0.057897266
58833.726949 25.198156 0.053917539
58833.727521 25.185929 0.052895011
58833.728085 25.23844 0.054907482
58833.728659 25.232782 0.054945597
58833.729226 25.157212 0.049925448
58833.729803 25.259422 0.05392105
58833.730359 25.185657 0.047954427
58833.730924 25.125069 0.039961486
58833.731502 25.241751 0.051944359
58833.732059 25.274255 0.067894559
58833.732632 25.229996 0.053913184
58833.733194 25.180769 0.053912158
58833.733759 25.207868 0.055898849
58833.734321 25.199115 0.057873057
58833.734879 25.256998 0.067902349
58833.735444 25.195904 0.067854775
58833.736003 25.286491 0.077874838
58833.736571 25.214347 0.074846975
58833.737136 25.257525 0.073817935
58833.737691 25.161973 0.058904399
58833.738267 25.278242 0.080771321
58833.738823 25.270632 0.060887647
58833.739382 25.235215 0.06087768
58833.739948 25.090976 0.062850817
58833.740522 25.326242 0.075836852
58833.741085 25.29506 0.082636541
58833.741647 25.135766 0.058904319
58833.742215 25.247965 0.0569028
58833.742788 25.145464 0.057863045
58833.743365 25.219886 0.065893887
58833.743953 25.193267 0.062897917
58833.744526 25.166726 0.05591927
58833.745093 25.177269 0.049902837
58833.745664 25.158895 0.055923089
58833.746226 25.265582 0.061938161
58833.746789 25.160631 0.045937141
58833.747358 25.188054 0.049952556
58833.747921 25.201621 0.049949175
58833.748478 25.232924 0.049955707
58833.749035 25.189301 0.047955861
58833.749599 25.158866 0.045956004
58833.750168 25.254594 0.058905949
58833.750733 25.172003 0.055901306
58833.751298 25.181945 0.05479207
58833.751854 25.363895 0.071878318
58833.752416 25.225723 0.05491561
58833.752988 25.178122 0.052918076
58833.753539 25.244849 0.056896101
58833.7541 25.273841 0.053902443
58833.754655 25.35372 0.059933853
58833.75523 25.238655 0.055956438
58833.755803 25.234142 0.061944305
58833.756377 25.297178 0.065945592
58833.756948 25.22126 0.055970574
58833.757519 25.259777 0.067965068
58833.758074 25.170478 0.053969281
58833.758639 25.229602 0.064925345
58833.759204 25.179517 0.069931967
58833.759765 25.233006 0.065935164
58833.760341 25.149767 0.060951922
58833.760921 25.269013 0.06696124
58833.761489 25.292602 0.073918276
58833.76205 25.318165 0.069944579
58833.762618 25.258462 0.064943704
58833.763196 25.189341 0.057937599
58833.763771 25.272503 0.060967331
58833.764345 25.208099 0.05595671
58833.764904 25.240736 0.058940611
58833.765469 25.325348 0.058971467
58833.766035 25.410573 0.05696796
58833.766604 25.242222 0.06196193
58833.767179 25.241678 0.057959072
58833.767754 25.270592 0.062967668
58833.768337 25.23002 0.05895738
58833.768906 25.227685 0.058964998
58833.769468 25.269533 0.068959705
58833.770037 25.183735 0.055955112
58833.770609 25.264782 0.065963667
58833.771176 25.258143 0.071901397
58833.77175 25.240449 0.077930979
58833.772312 25.250107 0.075909065
58833.772873 25.292366 0.084876004
58833.773436 25.131692 0.078859543
58833.774013 25.242113 0.093869955
58833.774581 25.119567 0.077909285
58833.775149 25.289987 0.08386535
58833.775718 25.404033 0.091900093
58833.776274 25.302428 0.085893423
58833.776849 25.274831 0.080947644
58833.777425 25.24565 0.079947992
58833.777996 25.245622 0.076915542
58833.778564 25.34335 0.081926207
58833.779126 25.15524 0.071904218
58833.779701 25.13276 0.06889637
58833.780275 25.238562 0.068902759
58833.780836 25.305989 0.08587729
58833.781394 25.271402 0.080870766
58833.781959 25.170069 0.064932898
58833.78252 25.320058 0.070932056
58833.783078 25.21329 0.079911828
58833.783656 25.249031 0.072921171
58833.784224 25.272952 0.072930692
58833.784791 25.287988 0.070952665
58833.785359 25.284212 0.065952522
58833.785923 25.220698 0.060961596
58833.786499 25.306015 0.071948737
58833.787075 25.27674 0.071909321
58833.787657 25.348367 0.070961413
58833.788243 25.181632 0.063950886
58833.788815 25.122161 0.05695093
58833.789431 25.228086 0.052967528
58833.789993 25.285909 0.062965791
58833.790558 25.197875 0.053972917
58833.791114 25.17066 0.055955751
58833.791692 25.228391 0.056966934
58833.792254 25.17392 0.05296407
58833.792819 25.296458 0.056952116
58833.793386 25.129672 0.046951256
58833.793945 25.262311 0.05396065
58833.794517 25.183519 0.046962983
58833.79508 25.224669 0.050957271
58833.795646 25.209767 0.044955679
58833.796225 25.162982 0.039966822
58833.79679 25.18797 0.046973061
58833.797352 25.223845 0.045975021
58833.797908 25.236271 0.04597431
58833.798484 25.213811 0.047974778
58833.799061 25.157853 0.041960912
58833.799624 25.175838 0.04796833
58833.800185 25.25159 0.049965128
58833.800756 25.158117 0.046970164
58833.801313 25.193041 0.042970593
58833.801876 25.24427 0.048959489
58833.802443 25.150148 0.049955414
58833.803031 25.217326 0.048974953
58833.803608 25.157708 0.040972521
58833.804175 25.216669 0.048977045
58833.804741 25.163864 0.045971989
58833.805316 25.166458 0.044980984
58833.805876 25.179019 0.052966951
58833.806445 25.269213 0.054978888
58833.807016 25.246239 0.0539678
58833.807582 25.229153 0.056963884
58833.80816 25.227208 0.053972843
58833.808724 25.178774 0.044973338
58833.809281 25.15404 0.048967494
58833.809857 25.158976 0.049971461
58833.810432 25.181055 0.052973496
58833.811002 25.221584 0.055975513
58833.81157 25.219547 0.052977249
58833.812141 25.196781 0.05197873
58833.81271 25.181178 0.04198162
58833.813283 25.157081 0.043975843
58833.81385 25.214564 0.042976433
58833.814425 25.269887 0.046979969
58833.81499 25.325683 0.053973981
58833.815567 25.19195 0.046977095
58833.816133 25.174066 0.043968958
58833.816698 25.229336 0.052974697
58833.817289 25.159299 0.049966289
58833.817864 25.151806 0.049961742
58833.818429 25.23978 0.056968523
58833.819011 25.130164 0.05196452
58833.819573 25.167431 0.056965987
58833.820146 25.180362 0.051947572
58833.82073 25.222618 0.045959442
58833.821295 25.231277 0.055967317
58833.821869 25.232362 0.062967881
58833.822431 25.263102 0.071966855
58833.822986 25.227775 0.056968974
58833.823546 25.218271 0.062965398
58833.824122 25.168107 0.058961107
58833.82469 25.279222 0.067970503
58833.82527 25.188515 0.076966063
58833.825842 25.244388 0.06996257
58833.826414 25.228459 0.065961615
58833.826987 25.180196 0.055966128
58833.827559 25.16613 0.059961271
58833.828123 25.245641 0.060972138
58833.828694 25.185932 0.049968232
58833.829263 25.128177 0.05096363
58833.829826 25.260238 0.054964445
58833.830398 25.352779 0.06495879
58833.830961 25.296658 0.060954767
58833.831526 25.226663 0.050970753
58833.832097 25.281062 0.05297022
58833.83267 25.289912 0.047971354
58833.833228 25.183185 0.046956748
58833.833798 25.281492 0.050965415
58833.834371 25.335107 0.064962142
58833.834936 25.238287 0.049967354
58833.83551 25.205777 0.05197024
58833.836083 25.322355 0.05696969
58833.836648 25.234041 0.05194892
58833.837231 25.171039 0.054950112
58833.837806 25.117092 0.054911548
58833.83839 25.225468 0.053950049
58833.838952 25.294178 0.069933267
58833.839512 25.278281 0.065960236
58833.840078 25.28227 0.065955282
58833.840638 25.167916 0.05296679
58833.841214 25.361045 0.07196503
58833.841784 25.248735 0.056963845
58833.842354 25.21512 0.057969775
58833.842932 25.219486 0.053968036
58833.8435 25.182227 0.056962813
58833.844068 25.167937 0.056964451
58833.84464 25.209747 0.054964177
58833.845192 25.253445 0.058958615
58833.845764 25.196216 0.056975806
58833.846315 25.159848 0.052977007
58833.846882 25.178932 0.0539771
58833.847447 25.222973 0.065975538
58833.848017 25.224927 0.071966396
58833.848583 25.128016 0.064971582
58833.849139 25.240651 0.079957583
58833.849713 25.176882 0.069963984
58833.850286 25.306964 0.065971238
