HJD mag magerr
0.0 0.0 0.0
0.0 0.0 0.0
58833.527497 25.38823 0.15886198
58833.528073 25.381472 0.17169634
58833.52864 25.44127 0.1208231
58833.529223 25.304739 0.14843747
0.0 0.0 0.0
58833.530369 25.345505 0.10770447
58833.530936 25.489492 0.10382848
58833.531508 25.44032 0.08087488
58833.532068 25.486001 0.081897838
58833.532639 25.35211 0.074816024
58833.533201 25.530561 0.076908082
58833.533765 25.574687 0.077927149
58833.534319 25.618526 0.098749251
58833.534878 25.415777 0.074741495
58833.535457 25.317765 0.063815747
58833.536022 25.4177 0.05992455
58833.536586 25.399785 0.050933877
0.0 0.0 0.0
58833.537706 25.482967 0.066867224
58833.538275 25.414119 0.05291884
58833.538843 25.549763 0.052939169
58833.539403 25.447663 0.051914553
58833.539961 25.410071 0.04688675
58833.540691 25.494915 0.047945741
58833.54127 25.419729 0.040941003
58833.541834 25.453952 0.044952712
58833.542384 25.441636 0.044954613
58833.542946 25.400018 0.044925607
58833.543507 25.458296 0.040961134
58833.544071 25.447947 0.04096526
58833.544644 25.470373 0.044940797
58833.545206 25.369018 0.04193861
58833.545767 25.431406 0.038962298
58833.54634 25.498886 0.038967382
58833.546924 25.469714 0.045937687
58833.547488 25.476653 0.046912534
58833.548053 25.447816 0.038927956
58833.548633 25.487527 0.037960247
58833.549203 25.467299 0.039955787
58833.549779 25.492263 0.039962893
58833.550355 25.514957 0.04795596
58833.550911 25.475122 0.040949376
58833.551466 25.49665 0.039930717
58833.552025 25.486451 0.049920827
58833.552609 25.449989 0.046913256
58833.553172 25.443259 0.045929888
58833.553736 25.487393 0.045927769
58833.554298 25.401329 0.043966703
58833.554862 25.508813 0.041968383
58833.55542 25.492912 0.042968639
58833.556007 25.45637 0.042980317
58833.556565 25.44988 0.046977034
58833.557125 25.454251 0.044968359
58833.557676 25.413954 0.044974802
58833.558245 25.564038 0.056954345
58833.558811 25.49455 0.045956529
58833.559373 25.506803 0.04990559
58833.559928 25.336602 0.048831501
58833.560497 25.431512 0.059714439
0.0 0.0 0.0
58833.561629 25.537838 0.056850091
58833.562183 25.434727 0.046914964
58833.562742 25.427142 0.042937924
58833.563315 25.458334 0.042951224
58833.563889 25.34091 0.04985125
58833.564461 25.442725 0.055735631
58833.565019 25.373976 0.035939236
58833.565576 25.446341 0.033983225
0.0 0.0 0.0
58833.566722 25.510842 0.042917071
58833.56729 25.417545 0.03894438
58833.56785 25.477596 0.046913441
58833.568406 25.490642 0.034967251
58833.568961 25.417348 0.034970764
58833.569533 25.417225 0.033969142
58833.570095 25.458159 0.034976018
58833.57065 25.489266 0.034984997
58833.57121 25.406179 0.031970095
58833.571768 25.436344 0.035960549
58833.572322 25.429561 0.03397426
58833.572898 25.440522 0.037953842
58833.573468 25.432771 0.045897609
58833.574037 25.395433 0.043901349
58833.574593 25.424669 0.041920282
58833.575159 25.571179 0.071531802
58833.575726 25.661274 0.055841109
58833.576286 25.261143 0.039884238
58833.576839 25.439311 0.041882917
58833.577403 25.383995 0.03892962
58833.577964 25.410519 0.036933363
58833.578544 25.432247 0.042945116
58833.579114 25.457853 0.043902756
58833.579688 25.483445 0.048909516
58833.580238 26.689017 0.13487724
58833.58081 25.876798 0.065866272
58833.581375 25.413753 0.04284035
58833.581944 25.464786 0.040925326
58833.582509 25.379307 0.033950557
58833.58308 25.458239 0.045903249
58833.583647 25.480919 0.050826436
58833.584215 25.299345 0.045796059
58833.584762 25.387395 0.040870173
58833.585316 25.365984 0.044835801
58833.585886 25.408105 0.035936009
58833.586442 25.360204 0.038899647
58833.587001 25.351054 0.041838138
58833.587566 25.436505 0.061820961
58833.58814 25.407972 0.055804074
58833.588711 25.419203 0.029982557
58833.589285 25.508488 0.038923695
58833.589857 25.573792 0.054699938
58833.590423 25.430907 0.050674486
58833.590994 25.346846 0.060805167
0.0 0.0 0.0
58833.592112 25.41747 0.065694866
58833.592665 25.363567 0.068708026
58833.593224 25.318883 0.068646176
58833.593796 25.319478 0.082780869
0.0 0.0 0.0
58833.59492 25.206824 0.065675348
58833.595528 25.536706 0.069737555
58833.596082 25.52526 0.063852597
58833.596665 25.450425 0.063857823
58833.597231 25.485439 0.055839148
58833.597797 25.538798 0.055893617
58833.59838 25.451062 0.040914427
58833.598947 25.48274 0.038931793
58833.599512 25.367077 0.04190836
58833.60009 25.38335 0.048934286
58833.600655 25.431945 0.04394331
58833.601221 25.454432 0.039944558
58833.601788 25.472525 0.050906862
58833.602358 25.384081 0.039925182
58833.602926 25.410828 0.049923901
58833.60349 25.40719 0.062794035
58833.604047 25.467873 0.043927578
58833.604615 25.423801 0.052880994
58833.605171 25.476245 0.055862316
58833.605736 25.506308 0.060878774
58833.606292 25.44502 0.060865577
58833.606846 25.467068 0.054854011
58833.607409 25.393683 0.055867782
58833.607972 25.601964 0.072831031
58833.608554 25.356984 0.057841291
58833.609122 25.461663 0.060866935
58833.609691 25.422217 0.053853122
58833.61027 25.3872 0.043888154
58833.610843 25.467919 0.048881936
58833.611415 25.464683 0.045783043
58833.611993 25.72469 0.066851209
58833.612577 25.559579 0.053837536
58833.613137 25.360159 0.047817607
58833.613696 25.352435 0.047758407
58833.614278 25.391595 0.044842805
58833.614853 25.427338 0.047807222
58833.615407 25.478421 0.050764054
58833.615983 25.361278 0.046860231
58833.616534 25.445843 0.047809262
58833.617093 25.32014 0.058872728
58833.617655 25.384713 0.046909136
58833.618216 25.367182 0.045903438
58833.618781 25.540567 0.057943728
58833.619336 25.505893 0.053916395
58833.619908 25.477203 0.054904686
58833.620489 25.474049 0.043917846
58833.621073 25.501546 0.049912334
58833.621643 25.506521 0.062833369
58833.622212 25.467165 0.047910346
58833.622786 25.41637 0.062799192
58833.623339 25.482404 0.055889138
0.0 0.0 0.0
58833.624467 25.561956 0.054923317
58833.625042 25.375078 0.045910486
58833.625625 25.398607 0.037944265
58833.626195 25.412583 0.040940019
58833.626758 25.465493 0.047921527
58833.627345 25.470432 0.04494998
58833.627901 25.480015 0.040964884
58833.628481 25.43522 0.041947983
58833.629058 25.465718 0.039960724
58833.629625 25.470273 0.040953357
58833.630194 25.418416 0.041955519
58833.630754 25.45889 0.044960668
0.0 0.0 0.0
58833.631919 25.301453 0.054827218
58833.632476 25.365099 0.05882646
58833.633035 25.498951 0.056818269
58833.633609 25.303744 0.047896884
58833.634176 25.509704 0.069925638
58833.63477 25.404684 0.048852474
58833.63533 25.414027 0.042959264
58833.635896 25.461746 0.046926435
58833.636454 25.422301 0.040945214
58833.637031 25.402272 0.049877826
58833.637603 25.445472 0.049906064
58833.638178 25.441045 0.044888217
58833.638751 25.452002 0.048950054
58833.639317 25.359257 0.048952046
58833.639885 25.521047 0.042966417
58833.640451 25.415615 0.042976495
58833.641017 25.398821 0.041963689
58833.641587 25.479684 0.045961933
58833.642165 25.435383 0.048960112
58833.642733 25.358377 0.042955299
58833.643298 25.424395 0.05294992
58833.643881 25.46379 0.041957044
58833.644463 25.434396 0.041963126
58833.645038 25.391928 0.043958749
58833.645621 25.436406 0.047934871
58833.646196 25.499227 0.049932245
58833.646775 25.515448 0.05196774
58833.647352 25.386293 0.041968502
58833.647947 25.437551 0.049948343
58833.648518 25.505432 0.044974048
58833.649091 25.483707 0.048935477
58833.649661 25.463795 0.049971304
58833.650234 25.47029 0.046972389
58833.650812 25.463284 0.045963364
58833.651385 25.362941 0.047930393
58833.651942 25.442746 0.04495575
58833.652501 25.425268 0.041966855
58833.653051 25.44906 0.048944276
58833.653627 25.432177 0.044971435
58833.654196 25.388531 0.046953275
58833.654761 25.391963 0.041960066
58833.655332 25.491715 0.04895825
58833.655903 25.508565 0.048964346
58833.656459 25.439286 0.0459756
58833.657018 25.455185 0.046970694
58833.657575 25.458008 0.042973171
58833.658134 25.510085 0.047966725
58833.658729 25.545339 0.057959788
58833.659291 25.476749 0.045972392
58833.659866 25.42561 0.047973119
58833.660428 25.433882 0.047969243
58833.660996 25.531106 0.052960247
58833.661568 25.430145 0.051961083
58833.662129 25.570876 0.05595779
58833.662686 25.478208 0.062937747
58833.663254 25.463724 0.047972575
58833.663845 25.406318 0.054943581
58833.664399 25.468847 0.053954577
58833.664959 25.605707 0.06497056
58833.66553 25.457962 0.049976017
58833.666087 25.434197 0.048981129
58833.666661 25.397486 0.044977941
58833.66724 25.502945 0.048981256
58833.667808 25.472685 0.049977015
58833.668374 25.491108 0.04898213
58833.66894 25.546622 0.056976324
58833.669515 25.408223 0.055974221
58833.670105 25.489569 0.057962324
58833.670664 25.534318 0.061953442
58833.671231 25.532595 0.062960236
58833.671792 25.488074 0.054959122
58833.672357 25.57038 0.062951195
58833.672921 25.443235 0.060951304
58833.6735 25.395619 0.051976291
58833.674063 25.432716 0.053974761
58833.674632 25.537002 0.068951614
58833.675223 25.491175 0.06389685
58833.67579 25.483375 0.06094455
58833.67635 25.447587 0.061931951
58833.676916 25.412265 0.06195453
58833.677484 25.520885 0.076950163
58833.678056 25.502143 0.069940001
0.0 0.0 0.0
0.0 0.0 0.0
58833.679761 25.446268 0.085846247
58833.680323 25.7098 0.1315498
58833.680894 25.618118 0.095847668
58833.681455 25.34264 0.090657657
58833.68202 25.2836 0.080747967
58833.682591 25.423717 0.095686851
58833.683157 25.438169 0.080863352
58833.683728 25.473458 0.080855331
58833.68429 25.295252 0.078738531
58833.684864 25.405506 0.064912832
58833.685427 25.466353 0.072915515
58833.686006 25.465008 0.074871428
58833.68663 25.431247 0.069945259
58833.687197 25.377061 0.068944728
58833.687766 25.424449 0.070916006
58833.688335 25.438375 0.068948808
58833.6889 25.511494 0.069958593
58833.689473 25.358437 0.058937465
58833.690035 25.446567 0.06192857
58833.690606 25.441374 0.063937006
58833.691182 25.579059 0.073923525
58833.691769 25.29705 0.051919874
58833.692334 25.576958 0.080869048
58833.692912 25.426253 0.067911377
58833.693482 25.379495 0.062929324
58833.694055 25.378006 0.061947793
58833.694629 25.465799 0.071930506
58833.695214 25.329061 0.069945148
58833.695788 25.360881 0.061938161
0.0 0.0 0.0
58833.697282 25.577038 0.092856141
58833.697854 25.367097 0.069926965
58833.698426 25.402003 0.06693997
58833.698997 25.431886 0.080947066
58833.699574 25.4165 0.070947558
58833.700162 25.391436 0.062964582
58833.700738 25.393895 0.070939714
58833.701314 25.442881 0.066959628
58833.701879 25.429223 0.08894195
58833.702433 25.384995 0.072969573
58833.702997 25.529473 0.065973971
58833.703569 25.442513 0.064960818
58833.704138 25.44097 0.064970706
58833.704693 25.515182 0.075971222
58833.705269 25.432066 0.063955383
58833.705842 25.402052 0.06096195
58833.706416 25.536727 0.08394665
58833.706995 25.465348 0.065968481
58833.70756 25.454896 0.062964866
58833.708139 25.487615 0.061968726
58833.708701 25.476068 0.062966444
58833.709269 25.436446 0.062953993
58833.709837 25.479572 0.065959996
58833.710398 25.356909 0.057953841
58833.710961 25.504344 0.067943208
58833.711531 25.497068 0.074949241
58833.712096 25.281525 0.060951431
58833.712678 25.434351 0.058942555
58833.713245 25.390641 0.064953019
58833.713811 25.52942 0.056953534
58833.71438 25.356055 0.055965651
58833.714942 25.464872 0.062967665
58833.715515 25.456099 0.056951641
58833.716099 25.48102 0.06097064
58833.716662 25.552984 0.063971544
58833.717217 25.412772 0.055933888
58833.717786 25.501746 0.062952529
58833.718352 25.480537 0.065959628
58833.718933 25.466998 0.062953475
58833.719515 25.563917 0.075954263
58833.720081 25.468292 0.072922352
58833.720652 25.479462 0.062940692
58833.721229 25.392618 0.060957206
58833.721798 25.472531 0.06693613
58833.722365 25.4169 0.054964144
58833.722938 25.434232 0.055968215
58833.723517 25.461853 0.057964344
58833.724095 25.529759 0.058967897
58833.724659 25.565104 0.065949543
58833.725228 25.495098 0.05496554
58833.725794 25.433679 0.059947417
58833.726369 25.448347 0.068896558
0.0 0.0 0.0
58833.727521 25.401825 0.066915617
58833.728085 25.446054 0.062932108
58833.728659 25.567605 0.076938702
58833.729226 25.454222 0.058946151
58833.729803 25.412759 0.057955758
58833.730359 25.403033 0.055945932
58833.730924 25.527282 0.057967894
58833.731502 25.428943 0.064952098
58833.732059 25.380314 0.064892249
58833.732632 25.403624 0.067904961
58833.733194 25.418216 0.063915291
58833.733759 25.370176 0.068813849
58833.734321 25.523664 0.093905949
58833.734879 25.486011 0.086880702
58833.735444 25.472233 0.083849389
58833.736003 25.469718 0.099851777
58833.736571 25.709127 0.13285948
58833.737136 25.492012 0.094844724
58833.737691 25.418515 0.072920285
58833.738267 25.217026 0.065755094
58833.738823 25.346735 0.068866687
58833.739382 25.392107 0.077868294
58833.739948 25.422952 0.09184641
58833.740522 25.373088 0.076819621
58833.741085 25.433569 0.092690627
58833.741647 25.417998 0.073893613
58833.742215 25.361481 0.066911685
58833.742788 25.416814 0.075848356
58833.743365 25.486259 0.089904214
58833.743953 25.409224 0.079876359
58833.744526 25.34713 0.06486243
58833.745093 25.366777 0.058932297
58833.745664 25.5274 0.077935465
58833.746226 25.417261 0.067931724
58833.746789 25.387422 0.056948565
58833.747358 25.404929 0.057956669
58833.747921 25.451852 0.056954865
58833.748478 25.421473 0.059949565
58833.749035 25.35171 0.052959334
58833.749599 25.435785 0.058960456
58833.750168 25.4283 0.065893962
58833.750733 25.490996 0.068907103
58833.751298 25.352766 0.063878041
58833.751854 25.40367 0.090780056
58833.752416 25.479337 0.070897792
58833.752988 25.516024 0.06690829
58833.753539 25.585665 0.077916618
58833.7541 25.362353 0.055949231
58833.754655 25.320207 0.05494801
58833.75523 25.416414 0.063960918
58833.755803 25.410837 0.058953
58833.756377 25.404152 0.061958215
58833.756948 25.458861 0.06895287
58833.757519 25.302868 0.064959464
58833.758074 25.467715 0.069961102
58833.758639 25.41116 0.073933161
58833.759204 25.548331 0.10591077
58833.759765 25.454794 0.084954557
58833.760341 25.381435 0.078959446
58833.760921 25.428431 0.083955472
58833.761489 25.369757 0.091908877
58833.76205 25.403251 0.076956499
58833.762618 25.341879 0.069934304
58833.763196 25.434568 0.067969634
58833.763771 25.413991 0.070970389
58833.764345 25.326417 0.056964989
58833.764904 25.332421 0.065965128
58833.765469 25.448943 0.072967833
58833.766035 25.443581 0.066964983
58833.766604 25.441961 0.076961312
58833.767179 25.285137 0.065967353
58833.767754 25.5336 0.075972656
58833.768337 25.554484 0.066949797
58833.768906 25.536908 0.070964291
58833.769468 25.414123 0.076953714
58833.770037 25.420469 0.073961623
58833.770609 25.279203 0.064964633
58833.771176 25.384228 0.087919776
58833.77175 25.482102 0.097937662
58833.772312 25.561739 0.099927301
58833.772873 25.625345 0.11988079
58833.773436 25.456035 0.11385668
58833.774013 25.350954 0.10877976
58833.774581 25.537785 0.10385558
58833.775149 25.30862 0.08390711
58833.775718 25.541117 0.10189647
58833.776274 25.523862 0.10389242
58833.776849 25.485301 0.088938818
58833.777425 25.382118 0.089939554
58833.777996 25.664008 0.13090715
58833.778564 25.366262 0.085940173
58833.779126 25.612923 0.11092232
58833.779701 25.680958 0.1218974
58833.780275 25.601023 0.088906266
58833.780836 25.448166 0.095852791
58833.781394 25.667058 0.14189108
58833.781959 25.50312 0.080916237
58833.78252 25.396729 0.079927267
58833.783078 25.492772 0.099904967
58833.783656 25.382248 0.085933748
58833.784224 25.526372 0.10295276
58833.784791 25.424518 0.086942287
58833.785359 25.430752 0.077953921
58833.785923 25.409362 0.065957718
58833.786499 25.313597 0.067959354
58833.787075 25.54419 0.085945437
58833.787657 25.527777 0.083957778
58833.788243 25.523105 0.082950057
58833.788815 25.579073 0.083943892
58833.789431 25.388293 0.067964058
58833.789993 25.683852 0.09695722
58833.790558 25.428132 0.063977053
58833.791114 25.684424 0.091960614
58833.791692 25.507372 0.063973969
58833.792254 25.541017 0.065964095
58833.792819 25.615686 0.071967626
58833.793386 25.374341 0.056960765
58833.793945 25.387899 0.057966091
58833.794517 25.508327 0.067960536
58833.79508 25.481725 0.055961305
58833.795646 25.406478 0.048974049
58833.796225 25.471909 0.056971514
58833.79679 25.474789 0.058974792
58833.797352 25.482803 0.057976416
58833.797908 25.42809 0.0559719
58833.798484 25.476912 0.052973423
58833.799061 25.433599 0.049977065
58833.799624 25.438527 0.05595551
58833.800185 25.53849 0.058975611
58833.800756 25.508142 0.061967216
58833.801313 25.392915 0.05195299
58833.801876 25.449604 0.05496517
58833.802443 25.497059 0.066963728
58833.803031 25.5398 0.069975044
58833.803608 25.465697 0.059969265
58833.804175 25.417097 0.060975117
58833.804741 25.426758 0.059978705
58833.805316 25.509571 0.056977739
58833.805876 25.374424 0.068965616
58833.806445 25.398155 0.061977681
58833.807016 25.493446 0.065973783
58833.807582 25.48366 0.069960987
58833.80816 25.384697 0.067967423
58833.808724 25.45884 0.055977547
58833.809281 25.386332 0.056967776
58833.809857 25.450636 0.061974243
58833.810432 25.362111 0.06197575
58833.811002 25.367276 0.059972611
58833.81157 25.41578 0.058974596
58833.812141 25.369975 0.063975641
58833.81271 25.481688 0.065977153
58833.813283 25.422998 0.060971891
58833.81385 25.45519 0.051973869
58833.814425 25.548745 0.061975562
58833.81499 25.402343 0.053978704
58833.815567 25.360536 0.058971993
58833.816133 25.37739 0.063975693
58833.816698 25.471067 0.066970579
58833.817289 25.386474 0.057952315
58833.817864 25.398977 0.06696685
58833.818429 25.451801 0.062967451
58833.819011 25.351985 0.058962595
58833.819573 25.424031 0.067961236
58833.820146 25.46238 0.07195765
58833.82073 25.404441 0.050966173
58833.821295 25.543159 0.071959048
58833.821869 25.510676 0.076970419
58833.822431 25.348163 0.071968181
58833.822986 25.476509 0.083971979
58833.823546 25.37424 0.07596438
58833.824122 25.451066 0.086959757
58833.82469 25.480703 0.084948578
58833.82527 25.398159 0.086969765
58833.825842 25.509876 0.08396776
58833.826414 25.534842 0.086955829
58833.826987 25.456421 0.077964423
58833.827559 25.477188 0.073960201
58833.828123 25.457856 0.074967845
58833.828694 25.398768 0.064949565
58833.829263 25.529709 0.068961064
58833.829826 25.573525 0.072959603
58833.830398 25.476182 0.069940481
58833.830961 25.50862 0.063947724
58833.831526 25.439279 0.059967242
58833.832097 25.489089 0.06496001
58833.83267 25.442577 0.06195206
58833.833228 25.453573 0.06796435
58833.833798 25.487272 0.064961773
58833.834371 25.399602 0.070941906
58833.834936 25.497919 0.05996199
58833.83551 25.533011 0.070956285
58833.836083 25.476741 0.07096763
58833.836648 25.458311 0.070941621
58833.837231 25.47714 0.067961719
58833.837806 25.48504 0.081929322
58833.83839 25.461058 0.070947501
0.0 0.0 0.0
58833.839512 25.447326 0.071958906
58833.840078 25.422288 0.075959755
58833.840638 25.539843 0.073952653
58833.841214 25.444116 0.065964488
58833.841784 25.574422 0.072969225
58833.842354 25.482064 0.063967006
58833.842932 25.543393 0.074962524
58833.8435 25.472043 0.06895951
58833.844068 25.388812 0.062969093
58833.84464 25.504823 0.070967973
58833.845192 25.560332 0.072970981
58833.845764 25.46899 0.067977512
58833.846315 25.357522 0.066972764
58833.846882 25.510482 0.074974705
58833.847447 25.875705 0.12197341
58833.848017 25.525829 0.089960329
58833.848583 25.503835 0.10096829
58833.849139 25.530966 0.10296517
58833.849713 25.54858 0.10095636
58833.850286 25.379742 0.075970778
