HJD mag magerr
58833.526351 24.77853 0.12577427
0.0 0.0 0.0
58833.527497 24.755691 0.096827867
58833.528073 24.595487 0.076687714
58833.52864 24.706482 0.064831063
58833.529223 24.470811 0.072619966
0.0 0.0 0.0
58833.530369 24.656823 0.063760299
58833.530936 24.748031 0.056899286
58833.531508 25.030471 0.05689017
58833.532068 24.852108 0.05190716
58833.532639 24.769549 0.045897422
0.0 0.0 0.0
0.0 0.0 0.0
58833.534319 24.639642 0.046734069
58833.534878 24.748599 0.042813973
58833.535457 24.842559 0.048833888
58833.536022 24.720126 0.039927158
58833.536586 24.796358 0.036943397
0.0 0.0 0.0
0.0 0.0 0.0
0.0 0.0 0.0
58833.538843 24.81718 0.03293381
58833.539403 25.033106 0.042931726
58833.539961 24.877315 0.032945443
58833.540691 24.953745 0.032963428
58833.54127 24.754259 0.031931709
0.0 0.0 0.0
0.0 0.0 0.0
0.0 0.0 0.0
58833.543507 25.454959 0.050951055
0.0 0.0 0.0
58833.544644 24.976962 0.030964931
58833.545206 24.85549 0.032940047
0.0 0.0 0.0
58833.54634 25.898443 0.075959117
0.0 0.0 0.0
58833.547488 24.931297 0.032940339
0.0 0.0 0.0
58833.548633 25.113975 0.036962716
58833.549203 25.260682 0.037958838
58833.549779 25.025018 0.035957335
58833.550355 25.638411 0.069940337
58833.550911 25.42481 0.048934134
58833.551466 24.849793 0.032943355
58833.552025 24.86848 0.034918558
58833.552609 24.834588 0.034918155
0.0 0.0 0.0
0.0 0.0 0.0
0.0 0.0 0.0
58833.554862 24.916157 0.031964922
58833.55542 24.931631 0.02997759
58833.556007 25.059579 0.037980303
58833.556565 24.949006 0.033978781
58833.557125 24.949076 0.031974534
58833.557676 24.881059 0.027981172
0.0 0.0 0.0
0.0 0.0 0.0
0.0 0.0 0.0
58833.559928 24.901963 0.03786781
58833.560497 24.828557 0.046803687
58833.561052 24.757311 0.031915024
58833.561629 25.038233 0.044905692
58833.562183 24.835503 0.033945337
0.0 0.0 0.0
58833.563315 24.932017 0.035950321
58833.563889 24.777797 0.034843839
0.0 0.0 0.0
58833.565019 24.787862 0.024965566
58833.565576 24.930639 0.022989039
0.0 0.0 0.0
58833.566722 25.208002 0.037943386
58833.56729 24.992705 0.035941636
58833.56785 25.632882 0.074899724
58833.568406 25.29675 0.03597318
58833.568961 24.97112 0.025976328
58833.569533 24.979144 0.02598196
58833.570095 24.987323 0.025973916
58833.57065 24.949482 0.02498485
58833.57121 24.933783 0.023975685
58833.571768 24.994466 0.026975911
58833.572322 24.928543 0.02797039
58833.572898 25.115464 0.033959479
0.0 0.0 0.0
0.0 0.0 0.0
58833.574593 24.896075 0.034910892
0.0 0.0 0.0
58833.575726 24.752156 0.033813052
58833.576286 24.734468 0.030857137
0.0 0.0 0.0
58833.577403 25.086476 0.033953141
0.0 0.0 0.0
58833.578544 25.437771 0.057934217
58833.579114 24.84974 0.02995847
58833.579688 24.87522 0.034920632
58833.580238 24.85379 0.033910741
0.0 0.0 0.0
58833.581375 25.161214 0.046802456
58833.581944 25.040095 0.037910929
0.0 0.0 0.0
58833.58308 25.224605 0.043909462
58833.583647 24.679991 0.030878499
0.0 0.0 0.0
0.0 0.0 0.0
0.0 0.0 0.0
0.0 0.0 0.0
0.0 0.0 0.0
58833.587001 24.85295 0.03092355
58833.587566 24.698813 0.03487396
58833.58814 24.79633 0.036895931
58833.588711 25.024299 0.029967109
58833.589285 24.584694 0.022954299
58833.589857 24.635737 0.028792106
58833.590423 24.843982 0.040775779
58833.590994 24.923091 0.046805554
0.0 0.0 0.0
58833.592112 24.609018 0.038770957
58833.592665 24.682098 0.042750022
58833.593224 24.75508 0.046821909
58833.593796 24.897419 0.060824057
0.0 0.0 0.0
58833.59492 24.722219 0.048761576
58833.595528 24.717224 0.040794522
58833.596082 24.729575 0.038868224
58833.596665 25.146704 0.054862417
0.0 0.0 0.0
0.0 0.0 0.0
58833.59838 25.07678 0.036949283
58833.598947 24.921714 0.030940459
58833.599512 25.797178 0.078915669
58833.60009 24.899975 0.033941939
58833.600655 24.897684 0.034948645
58833.601221 24.809339 0.031926272
0.0 0.0 0.0
58833.602358 24.891453 0.031935056
0.0 0.0 0.0
58833.60349 24.573357 0.03682318
0.0 0.0 0.0
0.0 0.0 0.0
58833.605171 25.211501 0.058832285
58833.605736 25.235664 0.059888233
0.0 0.0 0.0
58833.606846 24.779861 0.03887024
58833.607409 24.769398 0.039885585
0.0 0.0 0.0
58833.608554 24.835251 0.043854888
58833.609122 24.811471 0.034904384
0.0 0.0 0.0
58833.61027 24.796504 0.034899103
0.0 0.0 0.0
58833.611415 24.760823 0.032880129
0.0 0.0 0.0
58833.612577 25.014765 0.036855903
0.0 0.0 0.0
0.0 0.0 0.0
58833.614278 24.795413 0.032880868
58833.614853 24.69218 0.032817568
58833.615407 24.859039 0.038848825
0.0 0.0 0.0
58833.616534 24.918609 0.032907313
58833.617093 24.837776 0.038898449
58833.617655 24.862365 0.034929387
0.0 0.0 0.0
58833.618781 24.875051 0.037941327
58833.619336 24.799107 0.035931061
58833.619908 24.832643 0.035920197
58833.620489 24.943676 0.036926321
58833.621073 24.955969 0.031937708
58833.621643 24.808754 0.033909597
58833.622212 24.781297 0.031920856
0.0 0.0 0.0
58833.623339 24.977186 0.039928213
58833.623898 24.932107 0.040913441
58833.624467 24.902081 0.032937116
58833.625042 24.868671 0.03392592
58833.625625 24.875512 0.033933659
0.0 0.0 0.0
58833.626758 25.638993 0.069893304
58833.627345 25.739094 0.064955492
58833.627901 25.404396 0.047956278
0.0 0.0 0.0
58833.629058 25.486234 0.053953215
0.0 0.0 0.0
58833.630194 25.62145 0.061957845
58833.630754 24.884832 0.030965932
0.0 0.0 0.0
58833.631919 24.85874 0.040811228
58833.632476 24.761231 0.038840034
58833.633035 24.777575 0.036887708
58833.633609 25.077341 0.045875484
0.0 0.0 0.0
58833.63477 24.846264 0.037908055
58833.63533 24.856054 0.032949996
58833.635896 25.046396 0.044920696
58833.636454 24.894415 0.03196402
58833.637031 24.75656 0.034894385
58833.637603 24.872952 0.034941205
58833.638178 24.809964 0.035905304
0.0 0.0 0.0
58833.639317 24.905339 0.029958065
58833.639885 24.874243 0.030961559
0.0 0.0 0.0
0.0 0.0 0.0
58833.641587 24.919745 0.032960422
58833.642165 24.947389 0.035964117
58833.642733 24.956535 0.032963937
58833.643298 24.867726 0.031959043
58833.643881 24.980198 0.033947812
0.0 0.0 0.0
0.0 0.0 0.0
0.0 0.0 0.0
58833.646196 24.882449 0.030946945
0.0 0.0 0.0
0.0 0.0 0.0
58833.647947 24.926575 0.03693953
58833.648518 24.927991 0.030980113
58833.649091 25.00676 0.034968374
58833.649661 24.955211 0.030976791
0.0 0.0 0.0
0.0 0.0 0.0
58833.651385 24.899476 0.032963436
58833.651942 24.979682 0.036963405
58833.652501 24.928075 0.033974267
58833.653051 24.986797 0.034979522
58833.653627 24.886309 0.028976493
58833.654196 24.908232 0.033960399
58833.654761 24.941452 0.028968535
58833.655332 24.892961 0.030975589
58833.655903 24.927097 0.034978419
58833.656459 24.985215 0.029979392
58833.657018 24.883974 0.028982544
58833.657575 24.971597 0.029982899
58833.658134 25.011494 0.033974921
58833.658729 24.959839 0.033964537
58833.659291 24.868365 0.031969558
58833.659866 24.967443 0.031981225
58833.660428 24.867716 0.030965506
58833.660996 24.934136 0.033966921
58833.661568 25.001383 0.043964211
58833.662129 24.93032 0.034949094
58833.662686 24.944034 0.043941848
58833.663254 24.971282 0.034977798
0.0 0.0 0.0
58833.664399 24.903428 0.037961842
58833.664959 24.916006 0.032978265
58833.66553 24.943909 0.035973113
58833.666087 24.951154 0.034980284
58833.666661 24.996857 0.031981533
58833.66724 24.992531 0.03298509
58833.667808 25.000138 0.032982688
58833.668374 24.954282 0.035979504
58833.66894 24.895607 0.032974586
58833.669515 24.962946 0.042970696
58833.670105 24.932817 0.040963367
58833.670664 24.898058 0.036961979
58833.671231 24.831626 0.038966015
0.0 0.0 0.0
58833.672357 24.863731 0.044961728
58833.672921 25.286806 0.064957925
58833.6735 24.92779 0.037975189
58833.674063 24.924885 0.033978889
0.0 0.0 0.0
58833.675223 25.106853 0.04990869
0.0 0.0 0.0
58833.67635 25.595708 0.08593926
0.0 0.0 0.0
58833.677484 25.106078 0.055953986
0.0 0.0 0.0
0.0 0.0 0.0
0.0 0.0 0.0
0.0 0.0 0.0
0.0 0.0 0.0
0.0 0.0 0.0
0.0 0.0 0.0
58833.68202 24.833062 0.054788228
58833.682591 24.681783 0.0517846
58833.683157 24.755614 0.047882105
58833.683728 24.856361 0.053868293
58833.68429 24.797165 0.056776964
58833.684864 25.02057 0.05592259
58833.685427 24.84343 0.046916534
58833.686006 25.285672 0.07488799
58833.68663 25.593072 0.09494716
0.0 0.0 0.0
0.0 0.0 0.0
58833.688335 25.15283 0.058960059
0.0 0.0 0.0
58833.689473 24.974705 0.054943307
58833.690035 25.19634 0.057942121
58833.690606 25.054335 0.053918979
0.0 0.0 0.0
58833.691769 24.779629 0.041934272
58833.692334 24.783904 0.046892301
58833.692912 25.272743 0.068917185
0.0 0.0 0.0
58833.694055 25.419574 0.07493491
58833.694629 25.225396 0.064957783
58833.695214 24.822842 0.047952488
58833.695788 25.295517 0.060945175
58833.696709 24.765645 0.04294729
58833.697282 24.767398 0.053908764
58833.697854 25.127369 0.059926952
58833.698426 25.027278 0.056945889
58833.698997 24.78682 0.05093279
0.0 0.0 0.0
0.0 0.0 0.0
0.0 0.0 0.0
58833.701314 25.295078 0.071956016
58833.701879 24.942265 0.063960513
58833.702433 25.04389 0.061973293
58833.702997 24.89244 0.036977353
58833.703569 24.956664 0.045964313
58833.704138 24.952686 0.05497922
58833.704693 24.891688 0.049974525
58833.705269 24.916417 0.042965353
58833.705842 25.153254 0.06795221
58833.706416 25.101428 0.066941129
58833.706995 25.019402 0.05897277
58833.70756 24.932938 0.054958332
58833.708139 24.907491 0.038962296
58833.708701 24.897495 0.044968956
58833.709269 24.842633 0.037970253
58833.709837 24.919789 0.049966434
0.0 0.0 0.0
58833.710961 25.259016 0.073934614
58833.711531 24.826672 0.046956033
58833.712096 25.083712 0.054951796
58833.712678 24.992018 0.039950809
0.0 0.0 0.0
58833.713811 24.917722 0.038961521
58833.71438 24.889767 0.043967903
58833.714942 24.902823 0.047962132
58833.715515 24.863451 0.036961425
58833.716099 24.919938 0.036974028
0.0 0.0 0.0
58833.717217 24.935437 0.039972387
58833.717786 24.94614 0.040960323
58833.718352 24.983428 0.043953198
58833.718933 24.965253 0.046958672
58833.719515 24.882934 0.044956235
58833.720081 25.191775 0.064943398
58833.720652 25.048531 0.051958568
58833.721229 25.417106 0.083945627
0.0 0.0 0.0
58833.722365 24.940522 0.039956203
58833.722938 24.921862 0.03597315
58833.723517 24.895107 0.044956977
58833.724095 24.976346 0.03896394
58833.724659 25.004969 0.047958698
58833.725228 24.901046 0.038961305
58833.725794 25.442592 0.079957697
58833.726369 25.107539 0.055939776
58833.726949 25.343816 0.072921426
0.0 0.0 0.0
58833.728085 25.230294 0.060908456
58833.728659 25.157422 0.062943366
0.0 0.0 0.0
58833.729803 25.166707 0.055960318
58833.730359 25.416827 0.072948534
58833.730924 25.078376 0.043962472
58833.731502 25.060765 0.052958291
58833.732059 24.689195 0.042897729
58833.732632 24.783078 0.043939971
58833.733194 25.127294 0.052915474
58833.733759 25.018312 0.057872778
0.0 0.0 0.0
58833.734879 25.287405 0.079889319
58833.735444 24.858002 0.052844403
0.0 0.0 0.0
58833.736571 25.436995 0.10885132
58833.737136 24.738331 0.050859723
58833.737691 24.808215 0.045902147
0.0 0.0 0.0
58833.738823 24.663478 0.045880127
58833.739382 24.920661 0.051896332
0.0 0.0 0.0
58833.740522 24.799676 0.051844189
58833.741085 24.761013 0.055809446
58833.741647 25.014985 0.059899104
58833.742215 25.070462 0.060920516
58833.742788 25.096168 0.058838135
0.0 0.0 0.0
58833.743953 24.879901 0.05588533
58833.744526 24.979866 0.051909584
58833.745093 25.070364 0.051938302
58833.745664 25.826042 0.10392003
58833.746226 24.898645 0.048934694
58833.746789 25.12757 0.057933174
0.0 0.0 0.0
0.0 0.0 0.0
58833.748478 24.849116 0.043953641
0.0 0.0 0.0
58833.749599 24.922103 0.039950154
58833.750168 24.847929 0.041902502
58833.750733 24.749113 0.041911182
58833.751298 24.735276 0.045864562
58833.751854 24.897386 0.056871589
0.0 0.0 0.0
58833.752988 25.001721 0.051918833
58833.753539 25.038555 0.049928014
58833.7541 25.081362 0.054935898
58833.754655 24.865921 0.044951836
58833.75523 24.917602 0.040967354
58833.755803 25.305855 0.072939879
0.0 0.0 0.0
58833.756948 24.924087 0.047967053
0.0 0.0 0.0
58833.758074 24.88698 0.042966775
58833.758639 25.09777 0.05992305
58833.759204 24.956133 0.065909868
0.0 0.0 0.0
0.0 0.0 0.0
0.0 0.0 0.0
58833.761489 24.876286 0.05692385
58833.76205 24.923483 0.051961343
58833.762618 24.940201 0.051946651
0.0 0.0 0.0
58833.763771 24.983022 0.057973984
58833.764345 24.866603 0.047967259
58833.764904 24.940893 0.043973117
58833.765469 24.944312 0.054979649
58833.766035 25.009131 0.047970507
58833.766604 25.033671 0.056951734
58833.767179 24.90838 0.048974304
0.0 0.0 0.0
58833.768337 24.922404 0.04796619
0.0 0.0 0.0
0.0 0.0 0.0
58833.770037 24.895422 0.052963201
58833.770609 24.995825 0.062955937
58833.771176 24.836925 0.053902513
58833.77175 24.761076 0.055924855
58833.772312 25.033939 0.061902217
58833.772873 24.823537 0.06388117
58833.773436 24.691303 0.058850446
58833.774013 25.255867 0.10186403
58833.774581 24.931715 0.06590828
58833.775149 24.712998 0.06090515
58833.775718 24.785909 0.061907587
58833.776274 25.245038 0.079933256
58833.776849 24.783057 0.055947886
58833.777425 25.042847 0.077942866
58833.777996 24.789741 0.05992206
58833.778564 25.023326 0.061942546
58833.779126 24.935707 0.061928618
0.0 0.0 0.0
58833.780275 25.00185 0.058939023
0.0 0.0 0.0
0.0 0.0 0.0
0.0 0.0 0.0
0.0 0.0 0.0
58833.783078 24.801785 0.057899544
58833.783656 24.822156 0.055916794
58833.784224 24.825012 0.053947813
0.0 0.0 0.0
58833.785359 24.868004 0.05095595
0.0 0.0 0.0
0.0 0.0 0.0
58833.787075 24.931068 0.057955363
58833.787657 24.819198 0.05295622
0.0 0.0 0.0
58833.788815 25.258933 0.068962019
0.0 0.0 0.0
58833.789993 25.311417 0.079959135
58833.790558 24.886982 0.051973861
58833.791114 24.964164 0.059952294
58833.791692 25.083897 0.063969472
58833.792254 24.903581 0.049952461
58833.792819 24.902833 0.046964909
58833.793386 24.915455 0.043954955
0.0 0.0 0.0
58833.794517 25.377386 0.066964386
58833.79508 24.904886 0.041965884
58833.795646 24.984754 0.04096959
58833.796225 24.879031 0.043964799
58833.79679 24.910476 0.037978391
58833.797352 24.889531 0.030983648
58833.797908 24.910146 0.032977787
58833.798484 24.950769 0.040979018
58833.799061 24.994372 0.039974581
58833.799624 24.917874 0.045971316
58833.800185 24.912612 0.034976703
58833.800756 24.941068 0.048960915
58833.801313 24.952553 0.035969593
58833.801876 24.919271 0.038970912
58833.802443 24.933146 0.047955163
58833.803031 24.993664 0.051978545
58833.803608 24.966334 0.03897218
58833.804175 24.951387 0.050978786
58833.804741 24.921795 0.038978854
58833.805316 24.951149 0.04097773
58833.805876 24.926965 0.055970118
58833.806445 25.026835 0.051980833
58833.807016 24.996953 0.051976323
58833.807582 24.926892 0.048962053
58833.80816 24.901959 0.049975869
58833.808724 24.93894 0.052977279
58833.809281 24.883144 0.042972946
58833.809857 24.951317 0.039978026
58833.810432 24.937755 0.048970433
58833.811002 24.963498 0.042975696
58833.81157 24.927395 0.037980338
58833.812141 24.981664 0.044979372
58833.81271 24.965707 0.04098152
58833.813283 24.953615 0.048982606
58833.81385 24.901507 0.036982755
58833.814425 24.984265 0.049981088
58833.81499 24.981429 0.036982701
58833.815567 24.959158 0.038979258
58833.816133 24.986119 0.040977794
58833.816698 24.963732 0.055956831
58833.817289 24.88123 0.045969795
0.0 0.0 0.0
0.0 0.0 0.0
58833.819011 24.967136 0.052965666
0.0 0.0 0.0
58833.820146 24.958471 0.04796126
58833.82073 24.851103 0.035970578
0.0 0.0 0.0
58833.821869 24.898015 0.050968645
58833.822431 24.96311 0.051975247
58833.822986 25.071106 0.060976805
58833.823546 25.009628 0.061959955
58833.824122 25.013359 0.058958051
58833.82469 24.995948 0.058973338
58833.82527 24.846687 0.055975712
58833.825842 24.945587 0.061971402
58833.826414 24.893518 0.053957557
58833.826987 24.892379 0.052959767
58833.827559 25.12879 0.06096483
58833.828123 24.907659 0.058971279
58833.828694 24.868104 0.046956953
0.0 0.0 0.0
58833.829826 24.95032 0.045954974
0.0 0.0 0.0
58833.830961 24.907293 0.049966537
58833.831526 24.910866 0.043957086
58833.832097 24.855163 0.044972486
58833.83267 24.87502 0.040967332
58833.833228 24.883546 0.04896677
0.0 0.0 0.0
58833.834371 25.120165 0.056953224
58833.834936 24.950483 0.037974051
0.0 0.0 0.0
0.0 0.0 0.0
0.0 0.0 0.0
0.0 0.0 0.0
58833.837806 25.088311 0.05793524
58833.83839 25.499443 0.087949223
0.0 0.0 0.0
0.0 0.0 0.0
58833.840078 24.767227 0.050954672
58833.840638 25.543864 0.076966536
58833.841214 25.136631 0.059965372
58833.841784 25.437092 0.065973269
58833.842354 24.952781 0.053970303
58833.842932 24.911663 0.051967239
58833.8435 25.049422 0.055970235
58833.844068 24.899738 0.048972108
58833.84464 24.854457 0.048970484
58833.845192 24.905928 0.048975855
58833.845764 24.947165 0.053977485
58833.846315 24.913884 0.040978673
58833.846882 24.935146 0.050980844
58833.847447 24.97573 0.059968182
58833.848017 24.971924 0.062976302
58833.848583 24.96553 0.061970317
58833.849139 24.808923 0.051973938
58833.849713 24.901477 0.051962506
58833.850286 24.933412 0.053977203
