HJD mag magerr
58833.526351 24.328413 0.078787467
58833.526938 24.185023 0.064629836
58833.527497 24.30657 0.061804974
58833.528073 24.181866 0.04977951
58833.52864 24.170131 0.03981558
58833.529223 24.114588 0.044651366
58833.529794 24.164849 0.054498316
58833.530369 24.176189 0.042744605
58833.530936 24.172434 0.033839947
58833.531508 24.196225 0.030902852
58833.532068 24.218007 0.027917053
58833.532639 24.178214 0.027867022
58833.533201 24.243594 0.02892041
58833.533765 24.246447 0.027922724
58833.534319 24.193428 0.029803977
58833.534878 24.220632 0.026887121
58833.535457 24.150851 0.024880183
58833.536022 24.192935 0.025878102
58833.536586 24.185396 0.022928478
58833.537148 24.205347 0.02193174
58833.537706 24.132032 0.02288189
58833.538275 24.199748 0.019943849
58833.538843 24.208214 0.021938958
58833.539403 24.190522 0.020931929
58833.539961 24.183412 0.020932222
58833.540691 24.205466 0.019958163
58833.54127 24.190376 0.021920827
58833.541834 24.24485 0.019956587
58833.542384 24.221256 0.021907066
58833.542946 24.149622 0.019937335
58833.543507 24.239517 0.018969812
58833.544071 24.224368 0.019965949
58833.544644 24.214423 0.018965849
58833.545206 24.212049 0.018946582
58833.545767 24.185516 0.020950549
58833.54634 24.303889 0.021929651
58833.546924 24.147141 0.019931135
58833.547488 24.20948 0.02093409
58833.548053 24.274624 0.019934793
58833.548633 24.285584 0.020941292
58833.549203 24.295786 0.019967892
58833.549779 24.227533 0.020953693
58833.550355 24.269271 0.021956126
58833.550911 24.230409 0.018966484
58833.551466 24.232434 0.020934197
58833.552025 24.307303 0.021882797
58833.552609 24.207994 0.021934912
58833.553172 24.219836 0.022919156
58833.553736 24.185704 0.018946066
58833.554298 24.20679 0.019964496
58833.554862 24.233714 0.019956104
58833.55542 24.264644 0.019972716
58833.556007 24.240244 0.022969345
58833.556565 24.217813 0.022974683
58833.557125 24.213296 0.021969696
58833.557676 24.236606 0.02197123
58833.558245 24.222257 0.020960298
58833.558811 24.237921 0.019956696
58833.559373 24.197779 0.020930928
58833.559928 24.202187 0.020904129
58833.560497 24.167081 0.0267861
58833.561052 24.247242 0.019934897
58833.561629 24.20538 0.023907818
58833.562183 24.231697 0.019936892
58833.562742 24.198572 0.018952496
58833.563315 24.251973 0.023931491
58833.563889 24.170025 0.020894573
58833.564461 24.219629 0.02474627
58833.565019 24.196987 0.014972274
58833.565576 24.225688 0.01598987
58833.566153 24.159975 0.016963039
58833.566722 24.226613 0.020942166
58833.56729 24.193615 0.019938897
58833.56785 24.13872 0.018915732
58833.568406 24.18892 0.016961795
58833.568961 24.238492 0.01897261
58833.569533 24.200391 0.016981846
58833.570095 24.215319 0.018972547
58833.57065 24.236255 0.017982219
58833.57121 24.221374 0.016983105
58833.571768 24.208676 0.019963979
58833.572322 24.229559 0.018975382
58833.572898 24.252512 0.020943534
58833.573468 24.239398 0.019930062
58833.574037 24.205169 0.017933553
58833.574593 24.215821 0.018939503
58833.575159 24.206832 0.022763794
58833.575726 24.200073 0.020847658
58833.576286 24.102496 0.019838835
58833.576839 24.200735 0.020856706
58833.577403 24.184275 0.018926211
58833.577964 24.268128 0.019949891
58833.578544 24.233468 0.02095085
58833.579114 24.244202 0.018930987
58833.579688 24.191533 0.020908411
58833.580238 24.283083 0.02191932
58833.58081 24.301673 0.019903702
58833.581375 24.127309 0.020882076
58833.581944 24.129335 0.017906445
58833.582509 24.231676 0.017949327
58833.58308 24.219399 0.021914671
58833.583647 24.193275 0.019902898
58833.584215 24.107407 0.021785949
58833.584762 24.194939 0.018898243
58833.585316 24.141081 0.018903401
58833.585886 24.170113 0.015953851
58833.586442 24.179635 0.019910996
58833.587001 24.201495 0.017944008
58833.587566 24.205282 0.025848519
58833.58814 24.165481 0.020895484
58833.588711 24.206225 0.016953589
58833.589285 24.1933 0.014970587
58833.589857 24.116776 0.016935154
58833.590423 24.140026 0.021794007
58833.590994 24.170898 0.020895523
58833.591559 24.192846 0.028632921
58833.592112 24.126255 0.025739633
58833.592665 24.141613 0.024800399
58833.593224 24.211924 0.029834547
58833.593796 24.149269 0.032793972
58833.594369 24.224141 0.04225009
58833.59492 24.228421 0.032560751
58833.595528 24.161873 0.022859872
58833.596082 24.270048 0.026820439
58833.596665 24.203283 0.027824547
58833.597231 24.189616 0.02386478
58833.597797 24.197698 0.022903589
58833.59838 24.218167 0.020931493
58833.598947 24.206146 0.019931203
58833.599512 24.208322 0.021917282
58833.60009 24.215638 0.019926051
58833.600655 24.219846 0.022943674
58833.601221 24.216153 0.020912431
58833.601788 24.242622 0.021935608
58833.602358 24.275246 0.019931519
58833.602926 24.292336 0.022920886
58833.60349 24.286081 0.02875728
58833.604047 24.23155 0.020923032
58833.604615 24.233177 0.022868416
58833.605171 24.167067 0.02288989
58833.605736 24.164439 0.023872179
58833.606292 24.211837 0.025883848
58833.606846 24.204868 0.023853597
58833.607409 24.182755 0.022882453
58833.607972 24.214629 0.022879847
58833.608554 24.193316 0.025855396
58833.609122 24.217265 0.022924515
58833.609691 24.255434 0.025769424
58833.61027 24.229722 0.022878446
58833.610843 24.203689 0.023891139
58833.611415 24.215209 0.020866222
58833.611993 24.210495 0.022844428
58833.612577 24.214919 0.019838529
58833.613137 24.153336 0.021864952
58833.613696 24.189912 0.022800338
58833.614278 24.281749 0.021867044
58833.614853 24.142479 0.020823587
58833.615407 24.199542 0.021826139
58833.615983 24.221712 0.022863713
58833.616534 24.251973 0.02090207
58833.617093 24.210453 0.024881603
58833.617655 24.230151 0.021921024
58833.618216 24.236189 0.023877278
58833.618781 24.226721 0.021949514
58833.619336 24.208076 0.020923239
58833.619908 24.202399 0.021898999
58833.620489 24.19498 0.020916037
58833.621073 24.220748 0.019945443
58833.621643 24.222223 0.020903884
58833.622212 24.207733 0.02191267
58833.622786 24.205695 0.024876
58833.623339 24.234199 0.023893674
58833.623898 24.187894 0.022907947
58833.624467 24.262332 0.021930369
58833.625042 24.210523 0.020922398
58833.625625 24.224359 0.019925567
58833.626195 24.263655 0.019952189
58833.626758 24.222648 0.022924998
58833.627345 24.226658 0.020950048
58833.627901 24.24156 0.019952859
58833.628481 24.182433 0.019953607
58833.629058 24.268792 0.020948771
58833.629625 24.229997 0.019968815
58833.630194 24.210022 0.020966846
58833.630754 24.2233 0.021959942
58833.631339 24.208166 0.024837575
58833.631919 24.205773 0.02376229
58833.632476 24.237917 0.024860611
58833.633035 24.18281 0.023872188
58833.633609 24.259254 0.023889304
58833.634176 24.257526 0.029899764
58833.63477 24.188078 0.021911438
58833.63533 24.211738 0.021955131
58833.635896 24.209621 0.020921295
58833.636454 24.206252 0.019960582
58833.637031 24.197913 0.020921904
58833.637603 24.261825 0.022937175
58833.638178 24.185131 0.019938113
58833.638751 24.21311 0.020954439
58833.639317 24.22646 0.021946126
58833.639885 24.241591 0.020953271
58833.640451 24.266695 0.01997997
58833.641017 24.259301 0.019972139
58833.641587 24.217955 0.020955776
58833.642165 24.237137 0.019957669
58833.642733 24.234194 0.019958387
58833.643298 24.219374 0.020967751
58833.643881 24.217632 0.019965116
58833.644463 24.218079 0.01897651
58833.645038 24.210726 0.020959665
58833.645621 24.249893 0.022953755
58833.646196 24.167711 0.020928584
58833.646775 24.223866 0.020958355
58833.647352 24.223678 0.021958019
58833.647947 24.199105 0.022925722
58833.648518 24.217148 0.020975015
58833.649091 24.203846 0.020960967
58833.649661 24.231843 0.021956773
58833.650234 24.233837 0.01996711
58833.650812 24.225924 0.021972153
58833.651385 24.258243 0.02295569
58833.651942 24.199908 0.021953894
58833.652501 24.222518 0.021954911
58833.653051 24.183675 0.019976087
58833.653627 24.190886 0.020960892
58833.654196 24.239464 0.020967646
58833.654761 24.233654 0.022960314
58833.655332 24.195154 0.02097293
58833.655903 24.233449 0.021979291
58833.656459 24.26963 0.021978304
58833.657018 24.200707 0.021976984
58833.657575 24.24681 0.019980854
58833.658134 24.213983 0.021959262
58833.658729 24.23193 0.019971
58833.659291 24.250441 0.021972188
58833.659866 24.246451 0.019979122
58833.660428 24.197471 0.021956264
58833.660996 24.231839 0.021969448
58833.661568 24.237395 0.022964544
58833.662129 24.207622 0.022941357
58833.662686 24.216109 0.024927089
58833.663254 24.234362 0.020973562
58833.663845 24.199235 0.023936683
58833.664399 24.190591 0.021957973
58833.664959 24.202526 0.022959034
58833.66553 24.220945 0.023968106
58833.666087 24.233956 0.021980597
58833.666661 24.232842 0.02098265
58833.66724 24.235308 0.018981982
58833.667808 24.225775 0.021974789
58833.668374 24.248521 0.021979918
58833.66894 24.253991 0.021976254
58833.669515 24.251546 0.02197929
58833.670105 24.224165 0.025967702
58833.670664 24.231635 0.023949266
58833.671231 24.226869 0.024953305
58833.671792 24.235844 0.022952089
58833.672357 24.214401 0.023947603
58833.672921 24.238203 0.02096117
58833.6735 24.206312 0.023969062
58833.674063 24.268546 0.021971642
58833.674632 24.242169 0.024945134
58833.675223 24.196542 0.022919033
58833.67579 24.185215 0.024936968
58833.67635 24.255389 0.025922073
58833.676916 24.217738 0.024951708
58833.677484 24.187169 0.026935541
58833.678056 24.249281 0.026932688
58833.678616 24.221548 0.02882676
58833.679182 24.17965 0.028882764
58833.679761 24.202567 0.029847662
58833.680323 24.164766 0.034651716
58833.680894 24.179445 0.029754258
58833.681455 24.133141 0.030842262
58833.68202 24.200332 0.032757342
58833.682591 24.157354 0.029751746
58833.683157 24.241865 0.031849771
58833.683728 24.175757 0.028861216
58833.68429 24.187046 0.031822704
58833.684864 24.205147 0.028894058
58833.685427 24.212331 0.028893565
58833.686006 24.221352 0.026874639
58833.68663 24.215941 0.025934859
58833.687197 24.174916 0.028930803
58833.687766 24.190791 0.026938072
58833.688335 24.254854 0.025945636
58833.6889 24.209378 0.02692863
58833.689473 24.204881 0.026920972
58833.690035 24.210314 0.025926512
58833.690606 24.187104 0.024941364
58833.691182 24.180303 0.02494746
58833.691769 24.168678 0.024919098
58833.692334 24.198291 0.026907856
58833.692912 24.206324 0.026890579
58833.693482 24.207449 0.023914541
58833.694055 24.255263 0.027920005
58833.694629 24.230445 0.025953686
58833.695214 24.219296 0.024930829
58833.695788 24.214451 0.027924714
58833.696709 24.201622 0.027904317
58833.697282 24.204082 0.02987179
58833.697854 24.204122 0.027909244
58833.698426 24.154803 0.02892485
58833.698997 24.16316 0.030906146
58833.699574 24.219208 0.026948243
58833.700162 24.214694 0.0249558
58833.700738 24.184367 0.028943759
58833.701314 24.19401 0.026952075
58833.701879 24.214078 0.035940787
58833.702433 24.268745 0.033963562
58833.702997 24.197949 0.022970181
58833.703569 24.283926 0.024970696
58833.704138 24.213742 0.025973736
58833.704693 24.208966 0.025965061
58833.705269 24.241203 0.025959577
58833.705842 24.243942 0.027951025
58833.706416 24.218821 0.025942449
58833.706995 24.246502 0.026974451
58833.70756 24.18362 0.0299563
58833.708139 24.225816 0.023962106
58833.708701 24.232114 0.025960738
58833.709269 24.239894 0.025962385
58833.709837 24.244755 0.02793315
58833.710398 24.2304 0.025956832
58833.710961 24.224957 0.028947469
58833.711531 24.225005 0.029937749
58833.712096 24.235269 0.027924009
58833.712678 24.263072 0.024959531
58833.713245 24.2493 0.027921741
58833.713811 24.19923 0.024952803
58833.71438 24.22647 0.021958989
58833.714942 24.184467 0.023948868
58833.715515 24.241338 0.024956071
58833.716099 24.234813 0.023976979
58833.716662 24.25088 0.024966581
58833.717217 24.232326 0.023967248
58833.717786 24.18541 0.025942456
58833.718352 24.253127 0.026935819
58833.718933 24.220238 0.025932426
58833.719515 24.207197 0.02395749
58833.720081 24.242267 0.025926246
58833.720652 24.219775 0.024946258
58833.721229 24.233636 0.02893955
58833.721798 24.248562 0.025938374
58833.722365 24.231008 0.021961845
58833.722938 24.240082 0.022962109
58833.723517 24.227897 0.022959173
58833.724095 24.249339 0.022965142
58833.724659 24.234744 0.027929073
58833.725228 24.216456 0.023945561
58833.725794 24.23666 0.024957795
58833.726369 24.215805 0.026903702
58833.726949 24.206579 0.024902706
58833.727521 24.205252 0.025874809
58833.728085 24.192619 0.024926554
58833.728659 24.260985 0.02794928
58833.729226 24.232915 0.024933601
58833.729803 24.21857 0.025956556
58833.730359 24.224449 0.024956504
58833.730924 24.227559 0.020966702
58833.731502 24.208493 0.024946663
58833.732059 24.247073 0.028914835
58833.732632 24.20452 0.027926758
58833.733194 24.193565 0.025936441
58833.733759 24.209023 0.027858126
58833.734321 24.215173 0.029885436
0.0 0.0 0.0
58833.735444 24.143029 0.029825626
58833.736003 24.224754 0.031889086
58833.736571 24.220059 0.037808454
58833.737136 24.187872 0.032869562
58833.737691 24.220829 0.029867705
58833.738267 24.173132 0.03173597
58833.738823 24.214402 0.029866646
58833.739382 24.173681 0.029849827
58833.739948 24.167753 0.028834882
58833.740522 24.206917 0.031799009
58833.741085 24.160518 0.032767783
58833.741647 24.225213 0.030874209
58833.742215 24.222954 0.029895015
58833.742788 24.160124 0.026810192
58833.743365 24.16315 0.030880765
58833.743953 24.233948 0.029870827
58833.744526 24.203177 0.030884665
58833.745093 24.173568 0.024920794
58833.745664 24.224588 0.025906817
58833.746226 24.225699 0.028911348
58833.746789 24.170247 0.022920899
58833.747358 24.214341 0.024937765
58833.747921 24.182081 0.026932773
58833.748478 24.231461 0.025953884
58833.749035 24.188869 0.022958283
58833.749599 24.262297 0.024957579
58833.750168 24.195538 0.025883653
58833.750733 24.163356 0.027886077
58833.751298 24.191754 0.027799149
58833.751854 24.189297 0.029871049
58833.752416 24.220665 0.026896094
58833.752988 24.192973 0.027909453
58833.753539 24.204543 0.023910727
58833.7541 24.194311 0.024926006
58833.754655 24.21309 0.023954617
58833.75523 24.209039 0.024956867
58833.755803 24.213683 0.025949744
58833.756377 24.188925 0.025947651
58833.756948 24.226512 0.024971814
58833.757519 24.223981 0.025959691
58833.758074 24.222562 0.027941431
58833.758639 24.215752 0.02986034
58833.759204 24.247837 0.033912177
58833.759765 24.248252 0.027939051
58833.760341 24.238167 0.028954156
58833.760921 24.200906 0.026946886
58833.761489 24.253661 0.031882098
58833.76205 24.20264 0.026945326
58833.762618 24.204978 0.030923607
58833.763196 24.199655 0.024956822
58833.763771 24.204694 0.026959824
58833.764345 24.239508 0.026959298
58833.764904 24.239378 0.026970629
58833.765469 24.227476 0.0259635
58833.766035 24.182232 0.027958732
58833.766604 24.222201 0.029939562
58833.767179 24.200261 0.027955941
58833.767754 24.247059 0.032964069
58833.768337 24.229754 0.028956658
58833.768906 24.250957 0.028957583
58833.769468 24.223041 0.027949572
58833.770037 24.207786 0.026953636
58833.770609 24.26796 0.031951031
58833.771176 24.153103 0.02989999
58833.77175 24.200626 0.03290059
58833.772312 24.152931 0.03285413
58833.772873 24.198019 0.038831688
58833.773436 24.180799 0.037817836
58833.774013 24.193723 0.04084964
58833.774581 24.221305 0.037877696
58833.775149 24.260299 0.035873136
58833.775718 24.211311 0.034874509
58833.776274 24.2339 0.034903519
58833.776849 24.233306 0.035927414
58833.777425 24.190516 0.034917925
58833.777996 24.21969 0.034879991
58833.778564 24.222248 0.031932536
58833.779126 24.222169 0.033915992
58833.779701 24.188292 0.032877517
58833.780275 24.247461 0.031906306
58833.780836 24.232502 0.034840288
58833.781394 24.226593 0.036876578
58833.781959 24.197262 0.029917408
58833.78252 24.231136 0.029930242
58833.783078 24.192584 0.035871551
58833.783656 24.137483 0.03190071
58833.784224 24.246347 0.032937778
58833.784791 24.187146 0.03090616
58833.785359 24.246372 0.029930211
58833.785923 24.221347 0.026952145
58833.786499 24.241731 0.030935473
58833.787075 24.15867 0.02993516
58833.787657 24.193218 0.030934167
58833.788243 24.217608 0.031942048
58833.788815 24.242263 0.030946649
58833.789431 24.196093 0.026936539
58833.789993 24.21875 0.027944751
58833.790558 24.231826 0.029954691
58833.791114 24.188988 0.026955563
58833.791692 24.22611 0.025974361
58833.792254 24.194774 0.024958364
58833.792819 24.226482 0.024965548
58833.793386 24.227627 0.024955367
58833.793945 24.174945 0.022949697
58833.794517 24.187897 0.02593337
58833.79508 24.227463 0.023968942
58833.795646 24.200228 0.022959757
58833.796225 24.21043 0.021969622
58833.79679 24.202802 0.022973672
58833.797352 24.223652 0.025967829
58833.797908 24.229814 0.021976131
58833.798484 24.184991 0.020977387
58833.799061 24.199286 0.022963751
58833.799624 24.232858 0.023962909
58833.800185 24.229535 0.023973566
58833.800756 24.21336 0.023973821
58833.801313 24.220771 0.024948814
58833.801876 24.24576 0.024959831
58833.802443 24.235383 0.024959306
58833.803031 24.237346 0.022971005
58833.803608 24.239948 0.025960163
58833.804175 24.209772 0.02397397
58833.804741 24.202972 0.024971703
58833.805316 24.192854 0.02396654
58833.805876 24.257923 0.026958187
58833.806445 24.224078 0.023976514
58833.807016 24.229948 0.026968886
58833.807582 24.224713 0.026943028
58833.80816 24.201424 0.02596273
58833.808724 24.233931 0.026959619
58833.809281 24.274185 0.024959492
58833.809857 24.171573 0.026969862
58833.810432 24.197519 0.027968218
58833.811002 24.214848 0.026969345
58833.81157 24.200137 0.026969668
58833.812141 24.202219 0.025968649
58833.81271 24.234093 0.02497318
58833.813283 24.205106 0.022977617
58833.81385 24.220011 0.021976185
58833.814425 24.20257 0.023973181
58833.81499 24.254004 0.021978907
58833.815567 24.209875 0.024970928
58833.816133 24.183927 0.024973789
58833.816698 24.212512 0.026971821
58833.817289 24.19556 0.02397131
58833.817864 24.25913 0.024962835
58833.818429 24.208979 0.022956949
58833.819011 24.236242 0.02795141
58833.819573 24.195917 0.025961552
58833.820146 24.251924 0.02495581
58833.82073 24.188026 0.023960784
58833.821295 24.218197 0.025965054
58833.821869 24.227547 0.026968453
58833.822431 24.186798 0.026961036
58833.822986 24.256094 0.028964915
58833.823546 24.177478 0.029940547
58833.824122 24.227867 0.028962332
58833.82469 24.219553 0.029959969
58833.82527 24.172914 0.029952494
58833.825842 24.22959 0.03095646
58833.826414 24.197266 0.029945228
58833.826987 24.195272 0.030925146
58833.827559 24.209601 0.026948966
58833.828123 24.250986 0.028972878
58833.828694 24.196096 0.025955538
58833.829263 24.231744 0.023963657
58833.829826 24.225156 0.026966794
58833.830398 24.152109 0.023937064
58833.830961 24.227797 0.025958564
58833.831526 24.203932 0.023963096
58833.832097 24.211011 0.023964485
58833.83267 24.19041 0.023963929
58833.833228 24.195434 0.02396188
58833.833798 24.181835 0.024963722
58833.834371 24.221412 0.026942593
58833.834936 24.224959 0.022966007
58833.83551 24.188596 0.022968612
58833.836083 24.199392 0.025957097
58833.836648 24.211843 0.025936177
58833.837231 24.217534 0.025952134
58833.837806 24.149363 0.027939522
58833.83839 24.24304 0.025940362
58833.838952 24.242831 0.029910101
58833.839512 24.211928 0.029946039
58833.840078 24.21582 0.028949873
58833.840638 24.195128 0.030926588
58833.841214 24.181867 0.027948869
58833.841784 24.19251 0.025962173
58833.842354 24.195072 0.025962873
58833.842932 24.210282 0.026952286
58833.8435 24.160364 0.026963392
58833.844068 24.173753 0.026951558
58833.84464 24.206958 0.028926215
58833.845192 24.203599 0.028955717
58833.845764 24.205793 0.024967668
58833.846315 24.235938 0.028973087
58833.846882 24.182167 0.024966513
58833.847447 24.253537 0.026969722
58833.848017 24.197232 0.03096711
58833.848583 24.204616 0.030957325
58833.849139 24.243814 0.036953599
58833.849713 24.204678 0.026957728
58833.850286 24.30013 0.029968729
