HJD mag magerr
0.0 0.0 0.0
58833.526938 24.797369 0.11263441
58833.527497 24.867691 0.10282749
0.0 0.0 0.0
58833.52864 25.219482 0.093827896
0.0 0.0 0.0
0.0 0.0 0.0
58833.530369 25.086823 0.089755942
58833.530936 25.189031 0.08289635
58833.531508 25.108471 0.061889519
58833.532068 25.060108 0.053906873
58833.532639 24.948549 0.049896611
58833.533201 25.091663 0.052932001
58833.533765 25.059383 0.052937237
58833.534319 24.995642 0.056729534
58833.534878 25.096599 0.051810467
58833.535457 25.020559 0.049833581
58833.536022 25.109126 0.043926124
58833.536586 25.100358 0.042942025
58833.537148 25.130252 0.041936657
58833.537706 25.068356 0.042886382
58833.538275 25.09061 0.039928208
58833.538843 25.05418 0.034933185
58833.539403 25.133106 0.03793274
58833.539961 25.151315 0.035944698
58833.540691 25.175745 0.034962987
58833.54127 25.217259 0.038929643
58833.541834 25.074391 0.031947118
58833.542384 25.090006 0.037940564
58833.542946 25.117841 0.03993526
0.0 0.0 0.0
58833.544071 25.127739 0.030971373
58833.544644 25.138962 0.030964931
58833.545206 25.08849 0.031940452
58833.545767 25.124124 0.031954026
0.0 0.0 0.0
58833.546924 25.138703 0.034945551
58833.547488 25.109297 0.033939965
58833.548053 25.192412 0.034944879
58833.548633 25.140975 0.029964337
58833.549203 25.184682 0.031959905
58833.549779 25.190018 0.032957908
58833.550355 25.137411 0.03794345
58833.550911 25.11881 0.029937104
58833.551466 25.160793 0.032943355
58833.552025 25.06948 0.036917896
58833.552609 25.153588 0.037917189
58833.553172 25.198958 0.038944662
58833.553736 25.106925 0.031954065
58833.554298 25.190185 0.031966313
58833.554862 25.177157 0.033964464
58833.55542 25.164631 0.030977374
58833.556007 25.165579 0.037980303
58833.556565 25.205006 0.037978244
58833.557125 25.133076 0.034974053
58833.557676 25.136059 0.037979583
58833.558245 25.189408 0.035963924
58833.558811 25.123491 0.033948151
58833.559373 25.150237 0.034937729
58833.559928 25.154963 0.038867226
58833.560497 25.321557 0.054800119
0.0 0.0 0.0
58833.561629 25.159233 0.043905979
58833.562183 25.135503 0.03494502
58833.562742 25.222149 0.034948771
58833.563315 25.112017 0.032951177
58833.563889 25.091797 0.038840734
58833.564461 25.167277 0.042769877
58833.565019 25.095862 0.024965566
58833.565576 25.199639 0.026988271
58833.566153 25.157409 0.031932476
58833.566722 25.234002 0.03494423
58833.56729 25.151705 0.035941636
0.0 0.0 0.0
58833.568406 25.13975 0.027975249
58833.568961 25.17212 0.028975553
58833.569533 25.212144 0.027981548
58833.570095 25.161323 0.027973447
58833.57065 25.186482 0.028984145
58833.57121 25.141783 0.027974687
58833.571768 25.145466 0.026975911
58833.572322 25.157543 0.03096977
58833.572898 25.169464 0.029960612
58833.573468 25.108253 0.033864955
58833.574037 25.143161 0.033901925
58833.574593 25.159075 0.03291173
0.0 0.0 0.0
58833.575726 25.008156 0.032813985
58833.576286 25.066468 0.036850631
58833.576839 25.123331 0.034877461
58833.577403 25.168476 0.030954085
58833.577964 25.141116 0.029959615
58833.578544 25.115771 0.029939283
58833.579114 25.13074 0.02995847
58833.579688 25.11022 0.03392099
58833.580238 25.09579 0.03191165
58833.58081 25.30225 0.037922219
58833.581375 25.254214 0.038807785
58833.581944 25.115095 0.03191326
58833.582509 25.189521 0.029948806
58833.58308 25.117605 0.036911358
58833.583647 25.172991 0.037874479
58833.584215 25.006536 0.040791434
58833.584762 25.023412 0.031895013
58833.585316 25.117013 0.033862649
58833.585886 25.215191 0.031924324
58833.586442 25.200513 0.033933807
58833.587001 25.13795 0.03092355
58833.587566 25.103813 0.042868562
58833.58814 25.14233 0.043893044
58833.588711 25.161299 0.027968033
58833.589285 25.082694 0.027946899
58833.589857 25.135737 0.035781527
0.0 0.0 0.0
58833.590994 25.086091 0.039810936
58833.591559 25.18676 0.059733788
58833.592112 24.984018 0.049762773
58833.592665 25.009098 0.051745254
58833.593224 25.05208 0.050820152
58833.593796 25.078419 0.061823641
0.0 0.0 0.0
58833.59492 25.023219 0.057756232
58833.595528 24.992224 0.042792732
58833.596082 25.112575 0.046864605
58833.596665 25.059704 0.048864158
58833.597231 25.16238 0.045838141
58833.597797 25.135239 0.037912729
58833.59838 25.15578 0.0309511
58833.598947 25.153714 0.032939797
58833.599512 25.149178 0.037920591
58833.60009 25.122975 0.034941602
58833.600655 25.141684 0.038947866
58833.601221 25.130339 0.033925516
58833.601788 25.143407 0.035947861
58833.602358 25.161453 0.034933822
58833.602926 25.110916 0.040899544
58833.60349 25.037357 0.042819789
58833.604047 25.115782 0.036927897
58833.604615 25.178309 0.037891264
58833.605171 25.077501 0.044836186
58833.605736 25.068664 0.042891465
58833.606292 25.12507 0.040892821
58833.606846 25.045861 0.039869823
58833.607409 25.093398 0.038885951
58833.607972 25.113683 0.042911514
58833.608554 25.918251 0.092847385
58833.609122 25.132471 0.045901084
58833.609691 25.079722 0.044842698
58833.61027 25.111504 0.037897907
58833.610843 25.144318 0.033895564
58833.611415 25.049823 0.033879536
58833.611993 25.100245 0.038859821
58833.612577 25.141765 0.036855903
58833.613137 25.05427 0.036858991
58833.613696 25.148876 0.038836775
58833.614278 25.104413 0.035878756
58833.614853 25.08018 0.038812937
58833.615407 25.023039 0.037849345
58833.615983 25.102102 0.036876314
58833.616534 25.074609 0.031907942
58833.617093 25.069776 0.042897258
58833.617655 25.127365 0.036928814
58833.618216 25.109158 0.033934729
58833.618781 25.138051 0.043940296
58833.619336 25.126107 0.034931349
58833.619908 25.103643 0.03891932
58833.620489 25.076676 0.034926914
58833.621073 25.128969 0.034936787
58833.621643 25.147754 0.037908111
58833.622212 25.149297 0.035919343
58833.622786 25.13356 0.045882063
58833.623339 25.157186 0.039928213
58833.623898 25.189107 0.0399137
58833.624467 25.136081 0.039935354
58833.625042 25.153671 0.03692498
58833.625625 25.168512 0.03593308
58833.626195 25.18223 0.035943183
58833.626758 25.165993 0.035897745
58833.627345 25.169094 0.033958302
58833.627901 25.204396 0.033958083
58833.628481 25.305126 0.040958217
58833.629058 25.149234 0.036955038
58833.629625 25.207466 0.031959945
0.0 0.0 0.0
58833.630754 25.139832 0.035964844
58833.631339 25.143284 0.038904647
0.0 0.0 0.0
58833.632476 25.125231 0.044837337
58833.633035 25.003575 0.037887179
58833.633609 25.177341 0.038877808
58833.634176 25.085541 0.053922916
58833.63477 25.118264 0.038907741
58833.63533 25.135054 0.03894876
58833.635896 25.127396 0.035922838
58833.636454 25.163415 0.03396355
58833.637031 25.10756 0.036893784
58833.637603 25.169952 0.037940514
58833.638178 25.084964 0.034905581
58833.638751 25.154869 0.036959102
58833.639317 25.193339 0.039956142
58833.639885 25.171243 0.034960768
58833.640451 25.164156 0.036978041
58833.641017 25.202963 0.032975792
58833.641587 25.158745 0.033960229
58833.642165 25.168389 0.03796377
58833.642733 25.135535 0.032963937
58833.643298 25.144726 0.036958104
58833.643881 25.165198 0.036947355
58833.644463 25.153944 0.032977848
58833.645038 25.146646 0.036965396
58833.645621 25.149913 0.033944528
58833.646196 25.071449 0.036945883
58833.646775 25.147225 0.034963059
58833.647352 25.165081 0.036966583
58833.647947 25.107575 0.035939692
58833.648518 25.183991 0.037979281
58833.649091 25.13876 0.035968242
58833.649661 25.140211 0.035976051
58833.650234 25.180044 0.034976104
58833.650812 25.19017 0.037969535
58833.651385 25.182476 0.037962661
58833.651942 25.167682 0.034963698
58833.652501 25.188075 0.033974267
58833.653051 25.157797 0.03697931
58833.653627 25.087309 0.033975606
58833.654196 25.157232 0.039959491
58833.654761 25.230452 0.038966972
58833.655332 25.130961 0.037974568
58833.655903 25.149097 0.040977825
58833.656459 25.173215 0.038978264
58833.657018 25.162974 0.035981684
58833.657575 25.211597 0.03298244
58833.658134 25.125494 0.038974285
58833.658729 25.156839 0.037963961
58833.659291 25.139365 0.035968982
58833.659866 25.130443 0.038980344
58833.660428 25.154716 0.038964265
58833.660996 25.204136 0.039966164
58833.661568 25.111383 0.038964853
58833.662129 25.19632 0.041948243
58833.662686 25.063034 0.040942306
58833.663254 25.163282 0.039977274
58833.663845 25.113097 0.042921605
58833.664399 25.167428 0.043961174
58833.664959 25.063006 0.035977885
58833.66553 25.118909 0.037972912
58833.666087 25.215154 0.0429796
58833.666661 25.125857 0.034981184
58833.66724 25.131531 0.037984684
58833.667808 25.173138 0.041981933
58833.668374 25.241282 0.038979216
58833.66894 25.136607 0.040973802
58833.669515 25.153946 0.044970555
58833.670105 25.181817 0.048962686
58833.670664 25.140058 0.042961269
58833.671231 25.135626 0.043965395
0.0 0.0 0.0
58833.672357 25.140731 0.046961562
58833.672921 25.151806 0.043959238
58833.6735 25.12479 0.040974884
58833.674063 25.221885 0.04697777
58833.674632 25.152181 0.046959521
58833.675223 25.092853 0.045909183
58833.67579 25.081046 0.046950139
58833.67635 25.129708 0.047941506
58833.676916 25.202602 0.05196015
58833.677484 25.106078 0.050954434
58833.678056 25.172326 0.052948826
58833.678616 25.059313 0.061852638
58833.679182 25.009866 0.056872144
58833.679761 25.217068 0.068801072
0.0 0.0 0.0
58833.680894 24.951127 0.055806395
58833.681455 25.099421 0.06767837
0.0 0.0 0.0
58833.682591 25.044783 0.06478101
58833.683157 25.186614 0.062879556
58833.683728 25.176361 0.061866955
58833.68429 25.011165 0.060776205
58833.684864 25.04057 0.051923045
58833.685427 25.13143 0.052915637
58833.686006 25.055672 0.052889725
58833.68663 25.095072 0.056948591
58833.687197 25.118917 0.051963716
58833.687766 25.127865 0.057951652
58833.688335 25.11683 0.045961124
58833.6889 25.139052 0.050948966
58833.689473 25.151705 0.059942947
58833.690035 25.15634 0.052942519
58833.690606 25.108335 0.051919228
58833.691182 25.111973 0.049952153
58833.691769 25.116629 0.046933492
58833.692334 25.097904 0.054890815
58833.692912 25.148743 0.053918549
58833.693482 25.034104 0.044935045
58833.694055 25.102574 0.049936677
58833.694629 25.125396 0.04595925
58833.695214 25.106842 0.054951936
0.0 0.0 0.0
58833.696709 25.140645 0.054945712
58833.697282 25.041398 0.052908902
58833.697854 25.027369 0.051927741
58833.698426 25.208278 0.056945889
58833.698997 25.08982 0.060931868
58833.699574 25.389425 0.07096303
58833.700162 25.138895 0.055968196
58833.700738 25.152507 0.058955919
58833.701314 25.188078 0.055956716
58833.701879 25.323265 0.094959489
58833.702433 25.22089 0.072972955
58833.702997 25.08244 0.046976532
58833.703569 25.088664 0.047964167
58833.704138 25.120686 0.046979661
58833.704693 25.114688 0.051974414
58833.705269 25.089417 0.041965444
58833.705842 25.145254 0.054952885
58833.706416 25.079428 0.051942173
58833.706995 25.104402 0.048973289
58833.70756 25.098938 0.05695822
58833.708139 25.172491 0.047961434
58833.708701 25.112495 0.048968624
58833.709269 25.097633 0.048969161
58833.709837 25.138789 0.052966218
58833.710398 25.15438 0.052969886
58833.710961 25.152016 0.056935668
58833.711531 25.116672 0.049955707
58833.712096 25.205712 0.059951396
58833.712678 25.079018 0.042950395
58833.713245 25.171455 0.049958318
58833.713811 25.143722 0.043960979
58833.71438 25.150767 0.048967461
58833.714942 25.062823 0.04496237
58833.715515 25.133451 0.045960429
58833.716099 25.221938 0.050972826
58833.716662 25.14226 0.048974581
58833.717217 25.130437 0.042972088
58833.717786 25.10914 0.045959827
58833.718352 25.135428 0.046952886
0.0 0.0 0.0
58833.719515 25.156934 0.047955876
58833.720081 25.163775 0.050944689
58833.720652 25.130531 0.050958656
58833.721229 25.116106 0.042948162
58833.721798 25.205663 0.057946281
58833.722365 25.138522 0.04195595
58833.722938 25.187862 0.046972037
58833.723517 25.208107 0.048956623
58833.724095 25.182346 0.040963719
58833.724659 25.103969 0.045958916
58833.725228 25.173046 0.04396076
58833.725794 25.166592 0.045960214
58833.726369 25.087539 0.046940936
58833.726949 25.111816 0.050923323
58833.727521 25.138465 0.048889197
58833.728085 25.171294 0.050909311
58833.728659 25.032422 0.047944551
58833.729226 25.110184 0.049946465
0.0 0.0 0.0
58833.730359 25.108827 0.045950247
58833.730924 25.178376 0.044962385
58833.731502 25.166765 0.047958756
58833.732059 25.142195 0.056894273
58833.732632 25.095078 0.045939615
58833.733194 25.180294 0.055915107
58833.733759 25.279312 0.067871443
58833.734321 25.11938 0.057909723
58833.734879 25.074405 0.058891273
58833.735444 25.197002 0.06484209
58833.736003 25.153905 0.068860164
58833.736571 25.033995 0.068854303
58833.737136 25.137331 0.064857179
58833.737691 25.121215 0.065899331
58833.738267 24.992155 0.058781871
58833.738823 25.109478 0.054878211
58833.739382 25.152661 0.060894692
58833.739948 25.209141 0.067835069
58833.740522 25.043676 0.070840787
58833.741085 25.028013 0.069806585
58833.741647 25.048985 0.058899223
58833.742215 25.124462 0.055921
58833.742788 25.147168 0.058838135
58833.743365 25.152601 0.057895817
58833.743953 25.477901 0.087882312
58833.744526 25.134866 0.051909584
58833.745093 25.153364 0.04893862
0.0 0.0 0.0
58833.746226 25.211645 0.052934251
58833.746789 25.10257 0.045934475
58833.747358 25.185197 0.048951644
58833.747921 25.077401 0.045946474
58833.748478 25.142116 0.043953641
58833.749035 25.086673 0.044952324
58833.749599 25.022103 0.038950311
58833.750168 25.067929 0.045901547
58833.750733 25.097113 0.052909156
58833.751298 25.001276 0.048863735
58833.751854 25.153386 0.061870826
58833.752416 25.21066 0.051913285
58833.752988 25.067721 0.044919917
58833.753539 25.133555 0.049928014
58833.7541 25.125362 0.045936896
58833.754655 25.145921 0.049951351
58833.75523 25.132602 0.047966648
58833.755803 25.110855 0.053941049
58833.756377 25.200723 0.058942581
58833.756948 25.101087 0.045967227
58833.757519 25.115533 0.062969733
0.0 0.0 0.0
58833.758639 25.19277 0.056923331
58833.759204 25.078133 0.06391004
58833.759765 25.18619 0.056958206
58833.760341 25.127615 0.052959277
0.0 0.0 0.0
58833.761489 25.070286 0.071922361
58833.76205 25.174483 0.05696098
58833.762618 25.149201 0.054946411
58833.763196 25.162057 0.057956616
58833.763771 25.112022 0.053974166
58833.764345 25.124603 0.051966958
58833.764904 25.194893 0.059972176
58833.765469 25.136312 0.053979696
58833.766035 25.156131 0.052970175
58833.766604 25.033671 0.052952005
58833.767179 25.13338 0.051974093
58833.767754 25.243632 0.062972728
58833.768337 25.114404 0.048966107
58833.768906 25.098918 0.056968604
58833.769468 25.223529 0.069946895
58833.770037 25.098422 0.054963061
58833.770609 25.137825 0.061955983
58833.771176 25.087925 0.061901529
58833.77175 25.091076 0.062924234
58833.772312 25.042939 0.06490192
58833.772873 25.089537 0.068880626
0.0 0.0 0.0
58833.774013 25.047867 0.079865401
58833.774581 25.239715 0.081907214
58833.775149 25.047998 0.066904582
58833.775718 25.102909 0.069906898
58833.776274 25.127038 0.070933789
58833.776849 25.038057 0.061947397
58833.777425 25.125847 0.073943066
58833.777996 25.138741 0.066921506
58833.778564 25.085326 0.056942983
58833.779126 25.101707 0.068928001
58833.779701 25.092778 0.061926989
58833.780275 25.04485 0.05693922
58833.780836 25.115341 0.078854419
58833.781394 25.002769 0.074855007
58833.781959 25.108458 0.06293316
58833.78252 25.145264 0.075945018
58833.783078 25.001785 0.06389887
58833.783656 25.091156 0.06391602
58833.784224 24.998012 0.060947067
58833.784791 25.231306 0.06595078
58833.785359 25.158004 0.061954908
58833.785923 25.174628 0.051965035
0.0 0.0 0.0
58833.787075 25.197068 0.063954976
58833.787657 25.249198 0.069955132
58833.788243 25.287721 0.07095104
58833.788815 25.117933 0.049963136
58833.789431 25.081514 0.049969322
58833.789993 25.232417 0.066959636
58833.790558 25.162982 0.051973861
58833.791114 25.309164 0.068951745
58833.791692 25.064897 0.047970337
58833.792254 25.144581 0.04595283
58833.792819 25.172833 0.051964495
58833.793386 25.190455 0.050954318
58833.793945 25.139093 0.049961332
58833.794517 25.189386 0.049965356
58833.79508 25.130886 0.045965456
58833.795646 25.073754 0.042969377
58833.796225 25.146031 0.046964564
58833.79679 25.160476 0.046977562
58833.797352 25.096531 0.041982488
58833.797908 25.157146 0.044976593
58833.798484 25.138769 0.043978804
58833.799061 25.112372 0.03697491
58833.799624 25.099874 0.044971398
58833.800185 25.143612 0.046975607
58833.800756 25.120068 0.050960778
58833.801313 25.207553 0.043968604
58833.801876 25.093271 0.039970793
58833.802443 25.178146 0.046955252
58833.803031 25.123664 0.04597892
58833.803608 25.145334 0.043971673
58833.804175 25.124387 0.043979252
58833.804741 25.131795 0.042978469
58833.805316 25.146149 0.04997714
58833.805876 25.106965 0.050970408
58833.806445 25.121835 0.044981301
58833.807016 25.180953 0.044976818
58833.807582 25.141892 0.055961506
58833.80816 25.215959 0.056975462
58833.808724 25.15294 0.049977456
58833.809281 25.140144 0.043972859
58833.809857 25.208317 0.050977148
58833.810432 25.097755 0.051970234
58833.811002 25.141498 0.052974926
58833.81157 25.091395 0.047979519
58833.812141 25.148664 0.053978829
58833.81271 25.167707 0.045981155
58833.813283 25.097615 0.046982731
58833.81385 25.187507 0.04298225
58833.814425 25.198265 0.045981319
58833.81499 25.077429 0.042982194
58833.815567 25.144158 0.04497872
58833.816133 25.187119 0.054976972
58833.816698 25.168732 0.051957083
58833.817289 25.14623 0.04896956
58833.817864 25.176363 0.051963925
58833.818429 25.084026 0.05096564
58833.819011 25.165136 0.054965535
58833.819573 25.100566 0.050974215
58833.820146 25.130471 0.049961074
58833.82073 25.084103 0.043969621
58833.821295 25.050151 0.04896909
58833.821869 25.222015 0.056968202
58833.822431 25.11711 0.052975174
58833.822986 25.052106 0.055977029
58833.823546 25.186628 0.063959848
58833.824122 25.175359 0.062957809
58833.82469 25.188948 0.06297315
58833.82527 25.148687 0.067975028
58833.825842 25.079587 0.063971308
58833.826414 25.041518 0.052957658
58833.826987 25.041379 0.047960215
58833.827559 25.15379 0.053965234
58833.828123 25.132659 0.052971647
58833.828694 25.151104 0.053956429
58833.829263 25.247181 0.058964366
58833.829826 25.09332 0.04795479
58833.830398 25.195839 0.053964597
58833.830961 25.147293 0.053966257
58833.831526 25.164866 0.049956553
58833.832097 25.090163 0.046972299
58833.83267 25.18102 0.064965609
58833.833228 25.434546 0.069965646
58833.833798 25.088882 0.041973925
58833.834371 25.196165 0.053953474
58833.834936 25.071483 0.043973336
58833.83551 25.084528 0.043970766
58833.836083 25.145627 0.046968866
58833.836648 25.039627 0.043971121
58833.837231 25.092963 0.048970381
58833.837806 25.121311 0.052935819
58833.83839 25.055443 0.044952114
58833.838952 25.072589 0.05593462
58833.839512 25.104446 0.053963297
0.0 0.0 0.0
58833.840638 25.124864 0.056967323
58833.841214 25.101631 0.052965879
58833.841784 25.188092 0.047974271
58833.842354 25.111781 0.049970604
58833.842932 25.319663 0.063966443
58833.8435 25.137422 0.047970839
58833.844068 25.078738 0.048972108
58833.84464 25.116457 0.054970028
58833.845192 25.206928 0.055975429
58833.845764 25.159165 0.055977384
58833.846315 25.197884 0.055977659
58833.846882 25.113146 0.053980676
58833.847447 25.17073 0.064967916
0.0 0.0 0.0
58833.848583 25.17553 0.069969965
58833.849139 25.090923 0.057973586
58833.849713 25.065477 0.054962286
58833.850286 25.142412 0.0659766
