HJD mag magerr
58833.526351 25.36653 0.21777162
58833.526938 25.406369 0.18963112
58833.527497 25.660691 0.20582452
58833.528073 25.574487 0.18267881
58833.52864 25.371482 0.10682707
0.0 0.0 0.0
0.0 0.0 0.0
58833.530369 25.439823 0.11475373
58833.530936 25.605031 0.1138947
58833.531508 25.436471 0.085887543
58833.532068 25.586108 0.085904256
58833.532639 25.414549 0.069894101
58833.533201 25.486663 0.079929669
58833.533765 25.354383 0.06893574
58833.534319 25.339642 0.076724351
58833.534878 25.418599 0.06680696
58833.535457 25.397559 0.069829493
58833.536022 25.514126 0.060923408
58833.536586 25.377358 0.058939885
58833.537148 25.471252 0.055934418
58833.537706 25.436356 0.058883133
58833.538275 25.36661 0.048926648
58833.538843 25.44118 0.04993035
58833.539403 25.399106 0.042931726
58833.539961 25.399315 0.04494317
58833.540691 25.427745 0.043961576
58833.54127 25.503259 0.046928167
58833.541834 25.412391 0.044944623
58833.542384 25.470006 0.050938088
58833.542946 25.413841 0.042934714
58833.543507 25.439959 0.042951858
58833.544071 25.459739 0.039969923
58833.544644 25.452962 0.036963631
58833.545206 25.45549 0.044936808
58833.545767 25.455124 0.041952218
58833.54634 25.470443 0.03896191
58833.546924 25.423703 0.039944258
58833.547488 25.396297 0.04193772
58833.548053 25.456412 0.041943148
58833.548633 25.443975 0.039962226
58833.549203 25.428682 0.036958987
58833.549779 25.433018 0.03695717
58833.550355 25.456411 0.043942456
58833.550911 25.45881 0.038935243
58833.551466 25.434793 0.040941596
58833.552025 25.41348 0.040916805
58833.552609 25.459588 0.048914826
58833.553172 25.395958 0.050942155
58833.553736 25.359925 0.036952708
58833.554298 25.421185 0.038965007
58833.554862 25.434157 0.037963719
58833.55542 25.369631 0.034976653
58833.556007 25.361579 0.037980303
58833.556565 25.410006 0.044977562
58833.557125 25.436076 0.043973065
58833.557676 25.393059 0.042979102
58833.558245 25.436408 0.042962868
58833.558811 25.470491 0.046946022
58833.559373 25.484237 0.045934961
58833.559928 25.517963 0.05886017
58833.560497 25.468557 0.059798426
58833.561052 25.341311 0.043911199
58833.561629 25.454233 0.052903831
58833.562183 25.480503 0.046942422
58833.562742 25.480149 0.039947555
58833.563315 25.378017 0.039949415
58833.563889 25.378797 0.052834026
58833.564461 25.545277 0.058763148
58833.565019 25.379862 0.030961419
58833.565576 25.458639 0.031987631
58833.566153 25.461409 0.041926296
58833.566722 25.417002 0.037943386
58833.56729 25.453705 0.038940812
58833.56785 25.476882 0.045905241
58833.568406 25.38375 0.033973594
58833.568961 25.36112 0.030975139
58833.569533 25.468144 0.030981055
58833.570095 25.425323 0.035972219
58833.57065 25.439482 0.030983877
58833.57121 25.379783 0.032973872
58833.571768 25.435466 0.032974646
58833.572322 25.435543 0.03596902
58833.572898 25.455464 0.035959026
58833.573468 25.398253 0.040862474
58833.574037 25.399161 0.040898604
58833.574593 25.463075 0.040908971
58833.575159 25.389527 0.054723696
58833.575726 25.532156 0.048804382
58833.576286 25.365468 0.047843413
58833.576839 25.558331 0.044872334
58833.577403 25.460476 0.03695238
58833.577964 25.423116 0.039957223
58833.578544 25.336771 0.035937374
58833.579114 25.37874 0.035956797
58833.579688 25.48622 0.042918481
58833.580238 25.46179 0.043907671
58833.58081 25.52925 0.043920443
58833.581375 25.607214 0.054798865
58833.581944 25.407095 0.036911253
58833.582509 25.481521 0.035946741
58833.58308 25.404605 0.041909926
58833.583647 25.419991 0.046871377
58833.584215 25.421536 0.055781271
58833.584762 25.450412 0.04288572
58833.585316 25.467013 0.046850637
58833.585886 25.467191 0.038921369
58833.586442 25.480513 0.038932118
58833.587001 25.47495 0.043919651
58833.587566 25.409813 0.055863401
58833.58814 25.47533 0.057889601
58833.588711 25.477299 0.033965618
58833.589285 25.451694 0.039936151
58833.589857 25.421737 0.046772191
58833.590423 25.508982 0.061764549
58833.590994 25.300091 0.047804929
58833.591559 25.45676 0.077727016
58833.592112 25.375018 0.060757861
58833.592665 25.576098 0.080737777
58833.593224 25.50808 0.078813241
58833.593796 25.496419 0.087816264
58833.594369 25.444698 0.10550893
58833.59492 25.350219 0.073750171
58833.595528 25.386224 0.061781984
58833.596082 25.549575 0.067859545
58833.596665 25.424704 0.057861698
58833.597231 25.44838 0.057834868
58833.597797 25.368239 0.045910778
58833.59838 25.42978 0.037949046
58833.598947 25.367714 0.036938737
58833.599512 25.548178 0.053917648
58833.60009 25.504975 0.046938842
58833.600655 25.388684 0.045946888
58833.601221 25.435339 0.041923355
58833.601788 25.447407 0.044945994
58833.602358 25.397453 0.042931508
58833.602926 25.394916 0.045898273
58833.60349 25.569357 0.064813354
58833.604047 25.466782 0.041926736
58833.604615 25.538309 0.054887048
58833.605171 25.409501 0.054833167
58833.605736 25.581664 0.059888233
58833.606292 25.46907 0.058889155
58833.606846 25.476861 0.05486565
58833.607409 25.359398 0.049882864
58833.607972 25.506683 0.061907825
58833.608554 25.518251 0.06485012
58833.609122 25.410471 0.05589937
58833.609691 25.469722 0.065837752
58833.61027 25.420504 0.045895617
58833.610843 25.497318 0.045891461
58833.611415 25.491823 0.045874787
58833.611993 25.468245 0.048856271
58833.612577 25.474765 0.046851783
58833.613137 25.57227 0.057850364
58833.613696 25.483876 0.051830249
58833.614278 25.437413 0.045874002
58833.614853 25.55118 0.05380653
58833.615407 25.505039 0.049844704
58833.615983 25.416102 0.049872055
58833.616534 25.482609 0.04290289
58833.617093 25.443776 0.056894591
58833.617655 25.479365 0.048926521
58833.618216 25.360158 0.046931243
58833.618781 25.431051 0.045940022
58833.619336 25.369107 0.043929317
58833.619908 25.303643 0.048917301
58833.620489 25.443676 0.046924244
58833.621073 25.463969 0.042935079
58833.621643 25.427754 0.047905666
58833.622212 25.456297 0.048916415
58833.622786 25.49756 0.060879271
58833.623339 25.376186 0.043927194
58833.623898 25.400107 0.054910956
58833.624467 25.318081 0.045934346
58833.625042 25.439671 0.04292357
58833.625625 25.508512 0.042931558
58833.626195 25.42523 0.039942379
58833.626758 25.351993 0.041896316
58833.627345 25.480094 0.04495678
58833.627901 25.422396 0.038957257
58833.628481 25.400126 0.0419581
58833.629058 25.432234 0.041954318
58833.629625 25.470466 0.03995861
58833.630194 25.42045 0.040959358
58833.630754 25.450832 0.040964067
58833.631339 25.396284 0.047901786
58833.631919 25.54274 0.068802668
58833.632476 25.432231 0.059833266
58833.633035 25.449575 0.057880868
58833.633609 25.515341 0.052873867
58833.634176 25.477541 0.069921144
58833.63477 25.515264 0.05990389
58833.63533 25.394054 0.040948445
58833.635896 25.483396 0.049919894
58833.636454 25.394415 0.038962624
58833.637031 25.46356 0.049891275
58833.637603 25.432952 0.046939063
58833.638178 25.468964 0.045903335
58833.638751 25.453869 0.041958447
58833.639317 25.429339 0.043955663
58833.639885 25.433243 0.041959819
58833.640451 25.451156 0.042977511
58833.641017 25.458963 0.038975023
58833.641587 25.433745 0.038959446
58833.642165 25.445389 0.041963192
58833.642733 25.436535 0.043962529
58833.643298 25.424726 0.043957216
58833.643881 25.391198 0.042946676
58833.644463 25.399944 0.038977145
58833.645038 25.423646 0.04096494
58833.645621 25.434913 0.047942884
58833.646196 25.382449 0.042945185
58833.646775 25.413225 0.046961719
58833.647352 25.420081 0.04296596
58833.647947 25.292575 0.044938544
58833.648518 25.469991 0.049978471
58833.649091 25.42576 0.040967699
58833.649661 25.440211 0.039975616
58833.650234 25.439044 0.042975274
58833.650812 25.44117 0.045968861
58833.651385 25.379476 0.043962008
58833.651942 25.398682 0.042962723
58833.652501 25.441075 0.043973133
58833.653051 25.453797 0.049978401
58833.653627 25.415309 0.042974613
58833.654196 25.492232 0.053958275
58833.654761 25.406452 0.04096677
58833.655332 25.421961 0.041974163
58833.655903 25.387097 0.040977825
58833.656459 25.447215 0.046977677
58833.657018 25.443974 0.043981089
58833.657575 25.416597 0.042981433
58833.658134 25.379494 0.0429739
58833.658729 25.433839 0.046963085
58833.659291 25.455365 0.048967867
58833.659866 25.352443 0.039980247
58833.660428 25.412716 0.043963762
58833.660996 25.396136 0.039966164
58833.661568 25.424383 0.050963553
58833.662129 25.39732 0.046947822
58833.662686 25.487034 0.062940087
58833.663254 25.367282 0.041977105
58833.663845 25.409097 0.057920149
58833.664399 25.394428 0.049960692
58833.664959 25.377006 0.04797691
58833.66553 25.416909 0.045972313
58833.666087 25.498154 0.052979072
58833.666661 25.422857 0.046980301
58833.66724 25.376531 0.043984338
58833.667808 25.424138 0.046981657
58833.668374 25.471282 0.046978655
58833.66894 25.471607 0.047973367
58833.669515 25.412946 0.052970114
58833.670105 25.248817 0.053962379
58833.670664 25.361058 0.048960763
58833.671231 25.366626 0.052964612
58833.671792 25.41935 0.058959081
58833.672357 25.406731 0.050961277
58833.672921 25.425806 0.05595835
58833.6735 25.42079 0.048974279
58833.674063 25.439885 0.051977507
58833.674632 25.495181 0.054958969
58833.675223 25.447853 0.06190765
58833.67579 25.533046 0.070948609
58833.67635 25.376708 0.058940519
58833.676916 25.487602 0.063959181
58833.677484 25.471078 0.064953372
58833.678056 25.374326 0.066947725
58833.678616 25.466313 0.078850576
58833.679182 25.461866 0.075870571
0.0 0.0 0.0
58833.680323 25.419778 0.09859301
58833.680894 25.354127 0.08080336
58833.681455 25.471421 0.096674445
58833.68202 25.541062 0.091783843
58833.682591 25.525783 0.097776503
58833.683157 25.492614 0.090877232
58833.683728 25.647361 0.091864179
58833.68429 25.477165 0.085773222
58833.684864 25.46657 0.072921271
58833.685427 25.47243 0.088913012
58833.686006 25.457672 0.071888156
58833.68663 25.460072 0.06894795
58833.687197 25.405917 0.070962701
58833.687766 25.411865 0.071950792
58833.688335 25.44883 0.064959725
58833.6889 25.504052 0.069947829
58833.689473 25.410705 0.062942761
58833.690035 25.43234 0.059941983
58833.690606 25.384335 0.062918077
58833.691182 25.386973 0.060951189
58833.691769 25.340629 0.058932232
58833.692334 25.412904 0.07488863
58833.692912 25.456743 0.06491748
58833.693482 25.393104 0.062933233
58833.694055 25.309574 0.058935845
58833.694629 25.462396 0.060958008
58833.695214 25.581842 0.07695092
58833.695788 25.473517 0.066944849
58833.696709 25.437645 0.067944693
58833.697282 25.429398 0.077906626
58833.697854 25.331369 0.06192679
58833.698426 25.377278 0.066945308
58833.698997 25.46182 0.081930732
58833.699574 25.348425 0.057963639
58833.700162 25.432895 0.056968141
58833.700738 25.499507 0.078954927
58833.701314 25.397078 0.064956275
58833.701879 25.339265 0.090959579
58833.702433 25.41589 0.066973124
58833.702997 25.29044 0.051976256
58833.703569 25.397664 0.060963481
58833.704138 25.439686 0.065978802
58833.704693 25.478688 0.071973673
58833.705269 25.380417 0.063964185
58833.705842 25.363254 0.070952093
58833.706416 25.342428 0.067941078
58833.706995 25.490402 0.068972416
58833.70756 25.378938 0.058958117
58833.708139 25.319491 0.055960933
58833.708701 25.357495 0.052968349
58833.709269 25.406633 0.068968152
58833.709837 25.437789 0.063965619
58833.710398 25.39138 0.059969522
58833.710961 25.486016 0.072934661
58833.711531 25.450672 0.070954267
58833.712096 25.478712 0.071950685
58833.712678 25.454018 0.062948769
58833.713245 25.460455 0.064957252
58833.713811 25.383722 0.057960027
58833.71438 25.474767 0.054967051
58833.714942 25.486823 0.060961407
58833.715515 25.496451 0.056959698
58833.716099 25.429938 0.058972424
58833.716662 25.44126 0.057974128
58833.717217 25.408437 0.053971309
58833.717786 25.41614 0.060958889
58833.718352 25.392428 0.057952055
58833.718933 25.456253 0.065957249
58833.719515 25.492934 0.068954317
58833.720081 25.598775 0.074942797
58833.720652 25.507531 0.063957747
58833.721229 25.380106 0.059946635
58833.721798 25.407663 0.062945885
58833.722365 25.318522 0.04695543
58833.722938 25.549862 0.056971442
58833.723517 25.476107 0.059955925
58833.724095 25.491346 0.049962978
58833.724659 25.443969 0.062957546
58833.725228 25.507046 0.060959662
58833.725794 25.472592 0.062958587
58833.726369 25.314539 0.052940113
58833.726949 25.371816 0.064921949
58833.727521 25.383465 0.065887481
58833.728085 25.565294 0.066908081
58833.728659 25.437422 0.070942961
58833.729226 25.470184 0.058945763
58833.729803 25.471707 0.059960061
58833.730359 25.421827 0.0589492
58833.730924 25.368376 0.047962147
58833.731502 25.371765 0.061957664
58833.732059 25.442195 0.069892417
58833.732632 25.431078 0.063937514
58833.733194 25.421294 0.066914076
58833.733759 25.450312 0.076870568
58833.734321 25.35138 0.068908705
58833.734879 25.471405 0.082889128
58833.735444 25.368002 0.077840467
58833.736003 25.480905 0.099857733
58833.736571 25.457995 0.10085171
58833.737136 25.442331 0.089854771
58833.737691 25.456215 0.080898217
58833.738267 25.496155 0.093778033
58833.738823 25.453478 0.068876335
58833.739382 25.519661 0.088891863
58833.739948 25.687141 0.098832107
58833.740522 25.467676 0.098838335
58833.741085 25.457013 0.097803504
58833.741647 25.341985 0.074897744
58833.742215 25.509462 0.071919713
58833.742788 25.479168 0.077836263
58833.743365 25.424601 0.082893634
58833.743953 25.361901 0.075883116
58833.744526 25.499866 0.072907494
58833.745093 25.491364 0.066937187
58833.745664 25.436042 0.072921249
58833.746226 25.312645 0.058933716
58833.746789 25.42557 0.060932939
58833.747358 25.402197 0.064950608
58833.747921 25.395401 0.064944997
58833.748478 25.434116 0.054952695
58833.749035 25.384673 0.054951465
58833.749599 25.391103 0.058948315
58833.750168 25.417929 0.065898712
58833.750733 25.458113 0.072907203
58833.751298 25.430276 0.070860037
58833.751854 25.443386 0.076869191
58833.752416 25.45266 0.062912048
58833.752988 25.441721 0.065917436
58833.753539 25.453555 0.06592653
58833.7541 25.476362 0.064935152
58833.754655 25.467921 0.059950656
58833.75523 25.464602 0.064965632
58833.755803 25.548855 0.074939794
58833.756377 25.495723 0.074941745
58833.756948 25.434087 0.067965929
58833.757519 25.385533 0.073969277
58833.758074 25.50698 0.067965143
58833.758639 25.42577 0.069922307
58833.759204 25.533133 0.088908491
58833.759765 25.56819 0.079957094
58833.760341 25.443615 0.074958062
58833.760921 25.554986 0.082958286
58833.761489 25.370286 0.083921582
58833.76205 25.327483 0.068960344
58833.762618 25.387201 0.068945596
58833.763196 25.436057 0.071956027
58833.763771 25.328022 0.060973866
58833.764345 25.456603 0.072965967
58833.764904 25.552893 0.078971594
58833.765469 25.431312 0.063979304
58833.766035 25.511131 0.077969208
58833.766604 25.408671 0.068951133
58833.767179 25.50538 0.077972991
58833.767754 25.417632 0.071972381
58833.768337 25.477404 0.06996496
58833.768906 25.432918 0.070967893
58833.769468 25.422529 0.074946697
58833.770037 25.339422 0.066962412
58833.770609 25.423825 0.073955524
58833.771176 25.520925 0.087899672
58833.77175 25.436076 0.084923007
58833.772312 25.406939 0.088900326
58833.772873 25.475537 0.10087851
58833.773436 25.651303 0.12084533
58833.774013 25.455867 0.11986331
58833.774581 25.480715 0.10490629
58833.775149 25.493998 0.10790251
58833.775718 25.639909 0.11090503
58833.776274 25.531038 0.1009324
58833.776849 25.510057 0.099945749
58833.777425 25.431847 0.094942219
58833.777996 25.478741 0.095920141
58833.778564 25.515326 0.091940992
58833.779126 25.358707 0.082927105
58833.779701 25.503778 0.089925097
58833.780275 25.58685 0.09293706
58833.780836 25.273341 0.080854243
58833.781394 25.389769 0.102853
58833.781959 25.510458 0.088931565
58833.78252 25.447264 0.087944527
58833.783078 25.474785 0.093896897
58833.783656 25.415156 0.08391479
58833.784224 25.403012 0.086945411
58833.784791 25.474306 0.08794983
58833.785359 25.460004 0.083953694
58833.785923 25.305628 0.065964254
58833.786499 25.358831 0.078948291
58833.787075 25.431068 0.086954022
58833.787657 25.514198 0.094954286
58833.788243 25.512721 0.089950308
58833.788815 25.413933 0.07596176
58833.789431 25.458514 0.069968359
58833.789993 25.484417 0.072959381
58833.790558 25.465982 0.068973032
58833.791114 25.586164 0.090950892
58833.791692 25.446897 0.069969259
58833.792254 25.456581 0.061951676
58833.792819 25.418833 0.062963839
58833.793386 25.386455 0.059953745
58833.793945 25.386093 0.059960611
58833.794517 25.450386 0.056964879
58833.79508 25.444886 0.054964747
58833.795646 25.463754 0.059968203
58833.796225 25.419031 0.047964494
58833.79679 25.356476 0.058976886
58833.797352 25.330531 0.05298186
58833.797908 25.419146 0.047976402
58833.798484 25.407769 0.055978203
58833.799061 25.495372 0.054973539
58833.799624 25.450874 0.055970676
58833.800185 25.406612 0.060974934
58833.800756 25.426068 0.055960483
58833.801313 25.455553 0.053967831
58833.801876 25.371271 0.054969596
58833.802443 25.346146 0.051954845
58833.803031 25.412664 0.058978213
58833.803608 25.398334 0.052971032
58833.804175 25.424387 0.060978323
58833.804741 25.385795 0.055977636
58833.805316 25.429149 0.057976787
58833.805876 25.353965 0.060969881
58833.806445 25.342835 0.057980528
58833.807016 25.460953 0.062975787
58833.807582 25.502892 0.066960899
58833.80816 25.427959 0.069974938
58833.808724 25.46894 0.060976901
58833.809281 25.383144 0.056972042
58833.809857 25.421317 0.056976826
58833.810432 25.343755 0.066969534
58833.811002 25.376498 0.062974422
58833.81157 25.440395 0.062978821
58833.812141 25.278664 0.058978606
58833.81271 25.484707 0.0569806
58833.813283 25.416615 0.05798216
58833.81385 25.381507 0.041982323
58833.814425 25.381265 0.058980693
58833.81499 25.284429 0.043982125
58833.815567 25.480158 0.057977972
58833.816133 25.391119 0.054976972
58833.816698 25.409732 0.064956391
58833.817289 25.47323 0.057969017
58833.817864 25.460363 0.063963047
58833.818429 25.402026 0.057965186
58833.819011 25.403136 0.062965103
58833.819573 25.459566 0.069973293
58833.820146 25.439471 0.06596003
58833.82073 25.370103 0.057968654
58833.821295 25.482151 0.069968045
58833.821869 25.320015 0.073967366
58833.822431 25.44711 0.06997428
58833.822986 25.483106 0.079976228
58833.823546 25.428628 0.079959202
58833.824122 25.465359 0.074957252
58833.82469 25.428948 0.085972428
58833.82527 25.304687 0.083974431
58833.825842 25.648587 0.098970316
58833.826414 25.367518 0.06795648
58833.826987 25.395379 0.07795846
58833.827559 25.44479 0.066964557
58833.828123 25.387659 0.07397064
58833.828694 25.389104 0.064955861
58833.829263 25.355181 0.066963983
58833.829826 25.47532 0.06895357
58833.830398 25.443839 0.068963827
58833.830961 25.539293 0.06596564
58833.831526 25.427866 0.058955984
58833.832097 25.457163 0.059971411
58833.83267 25.41502 0.060965792
58833.833228 25.406546 0.058966124
58833.833798 25.312882 0.054972862
58833.834371 25.357165 0.060952932
58833.834936 25.531483 0.057972296
58833.83551 25.426528 0.057969626
58833.836083 25.484627 0.068967414
58833.836648 25.338627 0.052970322
58833.837231 25.447963 0.066969274
58833.837806 25.400311 0.073933958
58833.83839 25.548443 0.07294981
58833.838952 25.396589 0.070933295
58833.839512 25.507446 0.079961844
58833.840078 25.432227 0.082952822
58833.840638 25.382864 0.065966904
58833.841214 25.439631 0.078964479
58833.841784 25.384092 0.058973579
58833.842354 25.422781 0.068969509
58833.842932 25.511663 0.070966112
58833.8435 25.351422 0.065969702
58833.844068 25.399738 0.071970876
58833.84464 25.347457 0.062969567
58833.845192 25.534928 0.076974648
58833.845764 25.406165 0.060977164
58833.846315 25.432884 0.071977077
58833.846882 25.307146 0.055980574
58833.847447 25.43673 0.07996733
58833.848017 25.402924 0.078975728
58833.848583 25.46353 0.082969546
58833.849139 25.473923 0.088972568
58833.849713 25.402477 0.081961089
58833.850286 25.371412 0.076976221
