HJD mag magerr
0.0 0.0 0.0
0.0 0.0 0.0
0.0 0.0 0.0
0.0 0.0 0.0
0.0 0.0 0.0
58833.529223 25.761811 0.20961095
0.0 0.0 0.0
58833.530369 25.588823 0.13275268
58833.530936 25.681031 0.11689459
58833.531508 25.695471 0.097886946
58833.532068 25.651108 0.086904208
58833.532639 25.662549 0.093892612
58833.533201 25.633663 0.083929461
58833.533765 25.684383 0.087934722
58833.534319 25.576642 0.092721939
58833.534878 25.502599 0.072806004
58833.535457 25.528559 0.078828394
58833.536022 25.670126 0.068922637
58833.536586 25.605358 0.056940079
58833.537148 25.490252 0.050935058
58833.537706 25.584356 0.066882158
58833.538275 25.67061 0.062925217
58833.538843 25.59718 0.052930004
0.0 0.0 0.0
58833.539961 25.600315 0.050942499
58833.540691 25.667745 0.057960352
58833.54127 25.635259 0.054927183
58833.541834 25.602391 0.048944167
58833.542384 25.582006 0.057937267
58833.542946 25.566841 0.050933621
58833.543507 25.583959 0.045951518
58833.544071 25.587739 0.045969319
58833.544644 25.644962 0.044962519
58833.545206 25.66149 0.052935566
58833.545767 25.597124 0.048951464
58833.54634 25.564443 0.046960879
58833.546924 25.605703 0.045943134
58833.547488 25.512297 0.046936761
58833.548053 25.538412 0.042942955
58833.548633 25.629975 0.045961466
58833.549203 25.607682 0.040958446
58833.549779 25.566018 0.043956262
58833.550355 25.646411 0.053941364
58833.550911 25.62381 0.043934612
0.0 0.0 0.0
58833.552025 25.59348 0.051914804
58833.552609 25.581588 0.051914382
58833.553172 25.584958 0.055941458
58833.553736 25.622925 0.047950859
58833.554298 25.682185 0.051963635
58833.554862 25.579157 0.045962676
58833.55542 25.620631 0.048975163
58833.556007 25.636579 0.051979253
58833.556565 25.674006 0.04897727
58833.557125 25.665076 0.057972209
58833.557676 25.609059 0.056978248
58833.558245 25.625408 0.052961905
58833.558811 25.586491 0.047945914
0.0 0.0 0.0
58833.559928 25.613963 0.057860394
58833.560497 25.419557 0.060798125
0.0 0.0 0.0
58833.561629 25.592233 0.056903119
58833.562183 25.651503 0.05194174
0.0 0.0 0.0
58833.563315 25.591017 0.052947534
58833.563889 25.554797 0.050834729
58833.564461 25.498277 0.058763148
58833.565019 25.520862 0.035959049
58833.565576 25.620639 0.03498735
58833.566153 25.658409 0.046924235
58833.566722 25.619002 0.044941922
58833.56729 25.607705 0.045939371
58833.56785 25.632882 0.05590263
58833.568406 25.59775 0.037972815
58833.568961 25.60012 0.037974099
58833.569533 25.638144 0.036980354
58833.570095 25.687323 0.038971917
58833.57065 25.791482 0.041982936
58833.57121 25.673783 0.038973229
58833.571768 25.598466 0.038973841
58833.572322 25.592543 0.040968491
58833.572898 25.641464 0.041957968
58833.573468 25.565253 0.046861056
58833.574037 25.698161 0.048896132
58833.574593 25.526075 0.041908715
58833.575159 25.482527 0.061720502
0.0 0.0 0.0
0.0 0.0 0.0
58833.576839 25.708331 0.054869299
58833.577403 25.619476 0.04395107
58833.577964 25.560116 0.043956618
58833.578544 25.618771 0.047935232
58833.579114 25.60574 0.042955531
58833.579688 25.63222 0.049917255
58833.580238 25.54879 0.048906683
58833.58081 25.58925 0.045919969
58833.581375 25.544214 0.047801932
58833.581944 25.616095 0.048908385
58833.582509 25.572521 0.043945001
58833.58308 25.592605 0.048908494
0.0 0.0 0.0
58833.584215 25.473536 0.059779496
58833.584762 25.459412 0.04288572
58833.585316 26.325013 0.10083484
58833.585886 25.529191 0.040920742
58833.586442 25.502513 0.037932414
0.0 0.0 0.0
0.0 0.0 0.0
58833.58814 25.62233 0.059889254
58833.588711 25.592299 0.039963986
58833.589285 25.526694 0.039936151
0.0 0.0 0.0
58833.590423 25.450982 0.056766384
0.0 0.0 0.0
0.0 0.0 0.0
0.0 0.0 0.0
58833.592665 25.398098 0.066740484
0.0 0.0 0.0
58833.593796 25.551419 0.091815512
58833.594369 25.703698 0.12450389
58833.59492 25.478219 0.088746586
0.0 0.0 0.0
58833.596082 25.651575 0.073858674
58833.596665 25.481704 0.064860303
58833.597231 25.50538 0.059834466
58833.597797 25.549239 0.052909627
0.0 0.0 0.0
58833.598947 25.547714 0.046937014
58833.599512 25.551178 0.052917772
58833.60009 25.644975 0.053937869
58833.600655 25.640684 0.056945905
58833.601221 25.596339 0.050921863
58833.601788 25.571407 0.050945165
58833.602358 25.520453 0.046930689
0.0 0.0 0.0
58833.60349 25.626357 0.075811676
58833.604047 25.582782 0.053924957
58833.604615 25.577309 0.057886595
58833.605171 25.631501 0.070830299
58833.605736 25.590664 0.059888233
58833.606292 25.53507 0.059889024
58833.606846 25.388861 0.050866484
58833.607409 25.636398 0.060881034
58833.607972 25.618683 0.061907825
58833.608554 25.595251 0.063850268
58833.609122 25.563471 0.060898751
58833.609691 25.520722 0.062838231
58833.61027 25.476504 0.052894267
0.0 0.0 0.0
58833.611415 25.704823 0.058872115
58833.611993 25.430245 0.048856271
58833.612577 25.602765 0.052850171
58833.613137 25.52627 0.053851425
0.0 0.0 0.0
58833.614278 25.519413 0.050872416
58833.614853 25.47018 0.05380653
58833.615407 25.596039 0.059842441
58833.615983 25.569102 0.054871031
58833.616534 25.494609 0.046901724
0.0 0.0 0.0
58833.617655 25.646365 0.055925702
58833.618216 25.617158 0.055929891
58833.618781 25.656051 0.054939074
58833.619336 25.722107 0.060927327
58833.619908 25.620643 0.0639156
0.0 0.0 0.0
58833.621073 25.635969 0.054933585
58833.621643 25.581754 0.056904301
58833.622212 25.570297 0.049916263
58833.622786 25.72456 0.073877862
58833.623339 25.539186 0.05492525
58833.623898 25.581107 0.054910956
58833.624467 25.559081 0.055933215
58833.625042 25.587671 0.050922288
0.0 0.0 0.0
58833.626195 25.53523 0.040942207
58833.626758 25.652993 0.053894576
58833.627345 25.614094 0.043956881
58833.627901 25.567396 0.051955969
58833.628481 25.632126 0.04795752
58833.629058 25.633234 0.049953514
58833.629625 25.601466 0.045957968
58833.630194 25.51745 0.042959138
58833.630754 25.666832 0.0489632
58833.631339 25.547284 0.05290067
58833.631919 25.59774 0.065803197
58833.632476 25.434231 0.059833266
58833.633035 25.531575 0.060880317
58833.633609 25.603341 0.059872677
58833.634176 25.518541 0.074920759
58833.63477 25.564264 0.055904369
58833.63533 25.606054 0.051947213
58833.635896 25.663396 0.05691904
58833.636454 25.667415 0.048961418
58833.637031 25.57656 0.052890902
58833.637603 25.695952 0.061937699
0.0 0.0 0.0
58833.638751 25.643869 0.056957269
58833.639317 25.487339 0.047955278
58833.639885 25.662243 0.052958911
58833.640451 25.573156 0.052976929
58833.641017 25.590963 0.046974348
58833.641587 25.627745 0.053958097
58833.642165 25.536389 0.047962531
58833.642733 25.659535 0.055961713
58833.643298 25.695726 0.053956406
58833.643881 25.612198 0.04994613
58833.644463 25.578944 0.043976728
58833.645038 25.544646 0.046964428
58833.645621 25.535913 0.049942739
58833.646196 25.598449 0.052944435
58833.646775 25.630225 0.052961311
58833.647352 25.587081 0.053965231
58833.647947 25.632575 0.054937784
58833.648518 25.685991 0.059978071
58833.649091 25.58176 0.050966985
58833.649661 25.610211 0.049974875
58833.650234 25.578044 0.050974739
58833.650812 25.54817 0.045968861
58833.651385 25.567476 0.055961181
58833.651942 25.571682 0.049962167
58833.652501 25.687075 0.052972525
58833.653051 25.611797 0.052978263
58833.653627 25.642309 0.049974121
58833.654196 25.583232 0.051958402
0.0 0.0 0.0
58833.655332 25.627961 0.054973302
58833.655903 25.600097 0.057976887
58833.656459 25.615215 0.050977462
58833.657018 25.623974 0.051980701
58833.657575 25.614597 0.054980756
58833.658134 25.595494 0.056973028
58833.658729 25.606839 0.051962751
58833.659291 25.559365 0.054967556
58833.659866 25.602443 0.052979353
58833.660428 25.599716 0.053963077
58833.660996 25.660136 0.057964962
58833.661568 25.553383 0.056963132
58833.662129 25.57432 0.057947193
58833.662686 25.761034 0.081939219
58833.663254 25.595282 0.054976343
58833.663845 25.590097 0.070919447
58833.664399 25.589428 0.057960226
58833.664959 25.588006 0.053976605
58833.66553 25.667909 0.057971768
58833.666087 25.586154 0.053979031
58833.666661 25.629857 0.054979952
58833.66724 25.663531 0.054983923
58833.667808 25.596138 0.055981299
58833.668374 25.645282 0.058978131
58833.66894 25.711607 0.061972829
58833.669515 25.618946 0.059969837
58833.670105 25.685817 0.078961482
58833.670664 25.640058 0.068959782
58833.671231 25.456626 0.055964413
58833.671792 25.58535 0.067958593
58833.672357 25.587731 0.054961039
58833.672921 25.548806 0.067957812
58833.6735 25.61979 0.065973528
58833.674063 25.590885 0.060977156
58833.674632 25.530181 0.058958757
58833.675223 25.659853 0.071907081
58833.67579 25.551046 0.067948734
58833.67635 25.740708 0.080939424
58833.676916 25.576602 0.066958997
58833.677484 25.705078 0.077952755
58833.678056 25.592326 0.074947296
58833.678616 25.594313 0.083850143
58833.679182 25.541866 0.0788704
58833.679761 25.545068 0.086799454
0.0 0.0 0.0
58833.680894 25.618127 0.098802208
58833.681455 25.716421 0.11667295
58833.68202 25.549062 0.093783713
58833.682591 25.610783 0.10977558
58833.683157 25.613614 0.090877232
58833.683728 25.691361 0.09586395
58833.68429 25.684165 0.11477151
58833.684864 25.63657 0.080920859
58833.685427 25.53543 0.080913375
58833.686006 25.602672 0.086887451
58833.68663 25.685072 0.088947298
58833.687197 25.591917 0.072962627
58833.687766 25.572865 0.077950525
58833.688335 25.69883 0.084958979
58833.6889 25.531052 0.0759476
58833.689473 25.786705 0.089941696
58833.690035 25.64734 0.07294129
58833.690606 25.479335 0.066917764
58833.691182 25.643973 0.081950124
58833.691769 25.591629 0.073931291
58833.692334 25.594904 0.086887843
58833.692912 25.630743 0.082916397
58833.693482 25.544104 0.066932978
58833.694055 25.587574 0.067935259
58833.694629 25.545396 0.079957157
0.0 0.0 0.0
58833.695788 25.538517 0.075944467
58833.696709 25.567645 0.083943904
58833.697282 25.531398 0.093905855
58833.697854 25.502369 0.076925873
58833.698426 25.528278 0.078944823
58833.698997 25.65282 0.10193012
58833.699574 25.629425 0.079962733
58833.700162 25.605895 0.070967555
58833.700738 25.557507 0.077954963
58833.701314 25.568078 0.071956016
58833.701879 25.855265 0.13195893
58833.702433 25.59889 0.093972543
58833.702997 25.66544 0.066975697
58833.703569 25.606664 0.076962987
58833.704138 25.702686 0.084978352
58833.704693 25.401688 0.059974051
58833.705269 25.621417 0.071963938
58833.705842 25.506254 0.06895217
58833.706416 25.482428 0.078940607
58833.706995 25.566402 0.070972358
58833.70756 25.587938 0.070957632
0.0 0.0 0.0
58833.708701 25.588495 0.06696767
58833.709269 25.549633 0.070968085
58833.709837 25.512789 0.065965534
58833.710398 25.53838 0.065969277
58833.710961 25.618016 0.088934046
58833.711531 25.604672 0.074954092
0.0 0.0 0.0
58833.712678 25.567018 0.067948529
58833.713245 25.431455 0.068957054
58833.713811 25.556722 0.062959802
58833.71438 25.587767 0.067966434
58833.714942 25.531823 0.057961542
58833.715515 25.615451 0.063959379
58833.716099 25.588938 0.067972096
58833.716662 25.59526 0.071973669
58833.717217 25.679437 0.071970595
58833.717786 25.54014 0.063958761
58833.718352 25.609428 0.068951518
58833.718933 25.654253 0.077956737
58833.719515 25.591934 0.072954131
58833.720081 25.685775 0.08194247
58833.720652 25.573531 0.072957324
58833.721229 25.682106 0.074945921
0.0 0.0 0.0
58833.722365 25.623522 0.066954215
58833.722938 25.651862 0.063971147
58833.723517 25.628107 0.062955782
58833.724095 25.604346 0.058962494
58833.724659 25.543969 0.062957546
58833.725228 25.647046 0.067959387
58833.725794 25.474592 0.066958333
58833.726369 25.694539 0.080938015
58833.726949 25.589816 0.076921209
58833.727521 25.556465 0.069887213
58833.728085 25.616294 0.065908138
58833.728659 25.624422 0.071942917
58833.729226 25.568184 0.064945416
58833.729803 25.578707 0.070959517
58833.730359 25.578827 0.067948737
58833.730924 25.630376 0.055961656
58833.731502 25.554765 0.072957126
58833.732059 25.550195 0.076891699
58833.732632 25.606078 0.069937076
58833.733194 25.613294 0.074913535
58833.733759 25.489312 0.076870568
58833.734321 25.54838 0.07890805
58833.734879 25.628405 0.095888449
58833.735444 25.551002 0.078840367
0.0 0.0 0.0
58833.736571 25.471995 0.10285161
58833.737136 25.756331 0.11385352
58833.737691 25.603215 0.079898277
58833.738267 25.503155 0.092778099
58833.738823 25.698478 0.094874435
58833.739382 25.653661 0.09789132
58833.739948 25.571141 0.091832587
58833.740522 25.538676 0.096838459
0.0 0.0 0.0
58833.741647 25.701985 0.094896651
58833.742215 25.590462 0.083919099
58833.742788 25.632168 0.088835581
58833.743365 25.577601 0.091893162
58833.743953 25.629901 0.097881804
58833.744526 25.643866 0.083906854
58833.745093 25.491364 0.067937132
58833.745664 25.652042 0.073921192
58833.746226 25.638645 0.078932574
58833.746789 25.58957 0.068932424
58833.747358 25.586197 0.070950354
58833.747921 25.583401 0.071944671
58833.748478 25.626116 0.063952193
58833.749035 25.591673 0.066950812
58833.749599 25.579103 0.058948315
58833.750168 25.599929 0.074897981
0.0 0.0 0.0
58833.751298 25.457276 0.068860265
58833.751854 25.582386 0.086868441
58833.752416 25.59366 0.074911155
58833.752988 25.677721 0.081916478
58833.753539 25.644555 0.078925809
58833.7541 25.522362 0.066935033
58833.754655 25.588921 0.062950496
58833.75523 25.550602 0.066965549
58833.755803 25.715855 0.082939498
58833.756377 25.584723 0.07794163
58833.756948 25.574087 0.067965929
58833.757519 25.607533 0.080969055
58833.758074 25.64598 0.077964807
58833.758639 25.59977 0.079921767
0.0 0.0 0.0
58833.759765 25.77819 0.10195653
58833.760341 25.543615 0.080957855
58833.760921 25.558986 0.079958379
58833.761489 25.613286 0.10392071
58833.76205 25.602483 0.083959824
58833.762618 25.584201 0.089944889
58833.763196 25.725057 0.084955669
58833.763771 25.557022 0.070973549
58833.764345 25.576603 0.071966
58833.764904 25.684893 0.088971395
58833.765469 25.565312 0.069979126
58833.766035 25.568131 0.078969183
58833.766604 25.600671 0.080950726
58833.767179 25.65438 0.084972817
58833.767754 25.799632 0.10597163
58833.768337 25.619404 0.077964699
58833.768906 25.602918 0.082967486
0.0 0.0 0.0
58833.770037 25.498422 0.078961976
58833.770609 25.808825 0.11395474
58833.771176 25.655925 0.10389902
58833.77175 25.502076 0.092922716
58833.772312 25.643939 0.1148994
0.0 0.0 0.0
58833.773436 25.491303 0.10784588
58833.774013 25.394867 0.11886334
58833.774581 25.547715 0.11490601
58833.775149 25.431998 0.10090273
58833.775718 25.596909 0.1159049
58833.776274 25.732038 0.12393182
58833.776849 25.761057 0.11194547
58833.777425 25.686847 0.10094205
58833.777996 25.458741 0.092920239
58833.778564 25.615326 0.094940894
58833.779126 25.507707 0.090926725
58833.779701 25.581778 0.10292459
58833.780275 25.61185 0.094936992
58833.780836 25.490341 0.099852952
58833.781394 25.740769 0.1378517
58833.781959 25.524458 0.089931523
58833.78252 25.643264 0.10194411
58833.783078 25.697785 0.11689611
58833.783656 25.735156 0.11391381
58833.784224 25.554012 0.092945168
58833.784791 25.563306 0.091949709
58833.785359 25.510004 0.085953616
58833.785923 25.565628 0.075963888
58833.786499 25.495831 0.083948098
58833.787075 25.587068 0.081954181
58833.787657 25.659198 0.099954171
0.0 0.0 0.0
58833.788815 25.637933 0.091961326
58833.789431 25.561514 0.07696815
58833.789993 25.659417 0.089958856
58833.790558 25.563982 0.08097267
58833.791114 25.659164 0.093950809
58833.791692 25.620897 0.07796903
58833.792254 25.638581 0.075951105
58833.792819 25.776833 0.082963126
58833.793386 25.543455 0.066953419
58833.793945 25.587093 0.074959922
58833.794517 25.645386 0.067964345
58833.79508 25.633886 0.068964047
58833.795646 25.577754 0.061968112
58833.796225 25.567031 0.059963855
58833.79679 25.498476 0.065976615
58833.797352 25.601531 0.055981735
58833.797908 25.656146 0.068975571
58833.798484 25.735769 0.072977721
58833.799061 25.681372 0.060973282
58833.799624 25.629874 0.066970214
58833.800185 25.523612 0.063974832
58833.800756 25.554068 0.059960287
58833.801313 25.642553 0.066967205
58833.801876 25.620271 0.068968992
58833.802443 25.623146 0.071953845
58833.803031 25.684664 0.070977808
58833.803608 25.631334 0.058970725
58833.804175 25.680387 0.077977827
58833.804741 25.539795 0.06497727
58833.805316 25.657149 0.07997621
58833.805876 25.775965 0.089969062
58833.806445 25.510835 0.059980441
58833.807016 25.602953 0.073975422
58833.807582 25.636892 0.072960651
58833.80816 25.520959 0.065975075
58833.808724 25.58894 0.071976528
58833.809281 25.590144 0.06697165
58833.809857 25.598317 0.075976164
58833.810432 25.551755 0.074969285
0.0 0.0 0.0
58833.81157 25.787395 0.081978327
58833.812141 25.613664 0.077978036
58833.81271 25.585707 0.072980114
58833.813283 25.683615 0.070981726
58833.81385 25.568507 0.060981384
58833.814425 25.654265 0.068980384
58833.81499 25.640429 0.071981024
58833.815567 25.730158 0.077977342
58833.816133 25.608119 0.073976399
58833.816698 25.543732 0.068956236
58833.817289 25.65323 0.069968531
58833.817864 25.718363 0.079962314
58833.818429 25.620026 0.078964347
58833.819011 25.651136 0.075964611
58833.819573 25.617566 0.078973021
58833.820146 25.640471 0.075959619
58833.82073 25.693103 0.070968129
58833.821295 25.669151 0.075967862
58833.821869 25.585015 0.089966884
58833.822431 25.69311 0.088973703
58833.822986 25.496106 0.082976162
58833.823546 25.618628 0.088958947
58833.824122 25.670359 0.088956806
58833.82469 25.836948 0.12297186
58833.82527 25.524687 0.094974142
58833.825842 25.619587 0.09297043
58833.826414 25.484518 0.083955716
58833.826987 25.579379 0.085958214
58833.827559 25.70379 0.090963852
58833.828123 25.554659 0.079970456
58833.828694 25.578104 0.071955599
58833.829263 25.543181 0.07196379
58833.829826 25.64532 0.076953298
58833.830398 25.484839 0.067963867
58833.830961 25.437293 0.060965864
58833.831526 25.573866 0.067955584
58833.832097 25.724163 0.074970796
58833.83267 25.62702 0.060965792
0.0 0.0 0.0
58833.833798 25.548882 0.0639724
58833.834371 25.434165 0.06395274
58833.834936 25.541483 0.062972047
0.0 0.0 0.0
58833.836083 25.627627 0.072967251
58833.836648 25.538627 0.064969629
58833.837231 25.607963 0.077968867
0.0 0.0 0.0
58833.83839 25.631443 0.080949468
0.0 0.0 0.0
58833.839512 25.492446 0.075961998
58833.840078 25.456227 0.0689534
58833.840638 25.634864 0.073966624
58833.841214 25.624631 0.080964411
58833.841784 25.626092 0.073972991
58833.842354 25.748781 0.088968891
58833.842932 25.477663 0.068966199
58833.8435 25.600422 0.082969111
58833.844068 25.639738 0.083970518
0.0 0.0 0.0
58833.845192 25.770928 0.094974268
58833.845764 25.614165 0.074976715
58833.846315 25.596884 0.077976925
58833.846882 25.798146 0.094979486
58833.847447 25.73473 0.1209665
58833.848017 25.641924 0.0979753
58833.848583 25.66053 0.10196914
58833.849139 25.552923 0.092972488
58833.849713 25.689477 0.10196064
58833.850286 25.678412 0.099975709
