HJD mag magerr
0.0 0.0 0.0
0.0 0.0 0.0
0.0 0.0 0.0
0.0 0.0 0.0
0.0 0.0 0.0
0.0 0.0 0.0
0.0 0.0 0.0
0.0 0.0 0.0
58833.530936 25.86136 0.14881775
58833.531508 25.673771 0.10488019
58833.532068 25.845347 0.10092145
58833.532639 25.7948 0.11483923
58833.533201 25.975315 0.10091342
58833.533765 25.69768 0.091914003
58833.534319 25.979462 0.12980178
0.0 0.0 0.0
0.0 0.0 0.0
58833.536022 25.759391 0.082927864
58833.536586 25.711479 0.072922594
58833.537148 25.746616 0.068925223
58833.537706 25.891762 0.1018937
58833.538275 25.679012 0.066892959
58833.538843 25.742853 0.064933435
58833.539403 25.838953 0.077924473
58833.539961 25.787026 0.068935285
58833.540691 25.717164 0.055928764
58833.54127 25.709594 0.062934206
58833.541834 25.718562 0.061948144
58833.542384 25.728036 0.064935335
58833.542946 25.725803 0.063938821
58833.543507 25.806172 0.055934084
58833.544071 25.711745 0.052936444
58833.544644 25.751721 0.056959551
58833.545206 25.678785 0.061916454
58833.545767 25.750188 0.053953006
58833.54634 25.716016 0.046965138
58833.546924 25.768673 0.059944326
58833.547488 25.866007 0.074920743
58833.548053 25.790614 0.058925322
58833.548633 25.741216 0.050950698
58833.549203 25.773317 0.047960743
58833.549779 25.827442 0.05195815
58833.550355 25.785272 0.061939412
58833.550911 25.690355 0.048958923
58833.551466 25.708789 0.053943151
58833.552025 25.776692 0.071931893
58833.552609 25.84015 0.064945811
58833.553172 25.691421 0.058945874
58833.553736 25.621507 0.054938292
58833.554298 25.647776 0.047959198
58833.554862 25.771143 0.053957834
58833.55542 25.705868 0.049963419
58833.556007 25.671925 0.047951853
58833.556565 25.745214 0.056974885
58833.557125 25.68983 0.057969972
58833.557676 25.690267 0.059975645
58833.558245 25.686633 0.055964001
58833.558811 25.692464 0.055947954
58833.559373 25.766552 0.061933968
58833.559928 25.86082 0.078882372
58833.560497 25.698561 0.091620427
58833.561052 25.775406 0.063907385
0.0 0.0 0.0
58833.562183 25.917432 0.08391827
58833.562742 25.739097 0.063935171
58833.563315 25.754975 0.061947922
58833.563889 25.743343 0.08784875
58833.564461 26.037242 0.11453339
58833.565019 25.516736 0.057920204
58833.565576 25.733639 0.038988116
58833.566153 25.546834 0.072897149
58833.566722 25.654291 0.046964497
58833.56729 25.803189 0.068938157
58833.56785 25.740098 0.053947819
58833.568406 25.729214 0.050966132
58833.568961 25.683003 0.039960139
58833.569533 25.669922 0.03897074
58833.570095 25.685058 0.036974535
58833.57065 25.73803 0.039978996
58833.57121 25.695777 0.037971687
58833.571768 25.661792 0.046949297
58833.572322 25.679104 0.037978175
58833.572898 25.719079 0.04495754
58833.573468 25.546753 0.060926285
58833.574037 25.651548 0.059906128
58833.574593 25.694159 0.062909197
0.0 0.0 0.0
58833.575726 25.820719 0.07883203
0.0 0.0 0.0
58833.576839 25.652477 0.057881835
58833.577403 25.674198 0.056921082
58833.577964 25.67446 0.051955684
58833.578544 25.663523 0.05894344
58833.579114 25.695895 0.051941441
58833.579688 25.620728 0.061911454
58833.580238 25.692708 0.058903342
58833.58081 25.74198 0.070857567
58833.581375 25.765298 0.065906276
58833.581944 25.798969 0.061922963
58833.582509 25.782214 0.058937085
58833.58308 25.761148 0.063919958
58833.583647 25.763335 0.065880654
58833.584215 26.059951 0.10877977
0.0 0.0 0.0
0.0 0.0 0.0
58833.585886 25.784209 0.062920065
58833.586442 25.745284 0.066926595
58833.587001 25.701717 0.064912785
58833.587566 25.864842 0.10583846
58833.58814 25.677891 0.084850265
58833.588711 25.779199 0.054954725
0.0 0.0 0.0
0.0 0.0 0.0
58833.590423 25.523673 0.067845009
58833.590994 25.802554 0.09676378
0.0 0.0 0.0
58833.592112 25.654871 0.091719585
58833.592665 25.911008 0.13271502
58833.593224 25.731331 0.11575251
58833.593796 25.865587 0.13082575
0.0 0.0 0.0
0.0 0.0 0.0
58833.595528 25.676442 0.08778261
58833.596082 25.938607 0.10583201
58833.596665 25.647809 0.078856394
58833.597231 25.817876 0.088878114
58833.597797 25.811332 0.077902786
58833.59838 25.713058 0.058943647
58833.598947 25.743557 0.055947752
58833.599512 25.815983 0.071916452
58833.60009 25.960102 0.074933585
58833.600655 25.738052 0.064949935
58833.601221 25.800365 0.061940171
58833.601788 25.768224 0.072915233
58833.602358 25.736362 0.057951381
58833.602926 25.772501 0.07393526
58833.60349 25.680244 0.089809522
58833.604047 25.871792 0.067940111
58833.604615 25.880055 0.081893991
58833.605171 25.708304 0.072880977
58833.605736 25.744105 0.06889776
58833.606292 25.700347 0.078917962
58833.606846 25.718419 0.075850001
58833.607409 25.737586 0.076884679
58833.607972 25.790859 0.093866046
58833.608554 25.737688 0.078880079
58833.609122 25.712855 0.081887717
58833.609691 25.631214 0.073856236
58833.61027 25.837543 0.072889592
58833.610843 25.762212 0.059901778
58833.611415 25.837001 0.074857376
58833.611993 25.883213 0.076828877
58833.612577 25.795869 0.075846095
58833.613137 25.843832 0.093787621
58833.613696 25.985273 0.09976238
58833.614278 25.654978 0.074831836
58833.614853 25.937123 0.08680871
58833.615407 26.023399 0.097835008
58833.615983 25.757961 0.064869446
58833.616534 25.549476 0.064851485
58833.617093 25.830448 0.087879832
58833.617655 25.651089 0.069922301
58833.618216 25.70963 0.063915451
58833.618781 25.774999 0.067909989
58833.619336 25.734329 0.06390515
58833.619908 25.748351 0.074913698
58833.620489 25.713072 0.053930728
58833.621073 25.711694 0.060938802
58833.621643 25.7183 0.068856566
58833.622212 25.693494 0.057912883
58833.622786 25.825448 0.090888402
58833.623339 25.653466 0.067899045
58833.623898 25.678377 0.060932966
58833.624467 25.640175 0.058937879
58833.625042 25.759561 0.066922125
58833.625625 25.704978 0.061933874
58833.626195 25.695946 0.052937645
58833.626758 25.681209 0.059937542
58833.627345 25.658838 0.051949393
58833.627901 25.741381 0.052961397
58833.628481 25.65802 0.047956742
58833.629058 25.656795 0.049928694
58833.629625 25.704955 0.05996291
58833.630194 25.736535 0.04996254
58833.630754 25.746878 0.057958107
58833.631339 25.704979 0.064905327
58833.631919 25.778972 0.093879573
58833.632476 25.632493 0.072883045
58833.633035 25.665541 0.080851093
58833.633609 25.815824 0.079778321
58833.634176 25.630615 0.080928451
58833.63477 25.687747 0.07689546
58833.63533 25.683307 0.058931422
58833.635896 25.760492 0.07289403
58833.636454 25.668275 0.050959792
58833.637031 25.72275 0.057934638
58833.637603 25.716202 0.070919557
58833.638178 25.609727 0.062906606
58833.638751 25.766802 0.063939371
58833.639317 25.695 0.057937067
58833.639885 25.756527 0.058943749
58833.640451 25.690121 0.051959023
58833.641017 25.744391 0.045954112
58833.641587 25.698042 0.051966116
58833.642165 25.659479 0.056957738
58833.642733 25.713155 0.050940772
58833.643298 25.631531 0.05195938
58833.643881 25.707827 0.048966176
58833.644463 25.78357 0.05296516
58833.645038 25.694679 0.054948925
58833.645621 25.709536 0.052944958
58833.646196 25.625441 0.055946208
58833.646775 25.77545 0.054966328
58833.647352 25.600351 0.051948971
58833.647947 25.7531 0.058943748
58833.648518 25.700019 0.05397354
58833.649091 25.6831 0.053968297
58833.649661 25.674808 0.05396633
58833.650234 25.750115 0.054969506
58833.650812 25.675754 0.057953581
58833.651385 25.627411 0.053946523
58833.651942 25.653243 0.054941221
58833.652501 25.672744 0.059962806
58833.653051 25.671336 0.049976271
58833.653627 25.703141 0.053975609
58833.654196 25.699807 0.053944225
58833.654761 25.743945 0.053968546
58833.655332 25.646178 0.05494768
58833.655903 25.670496 0.054972595
58833.656459 25.613568 0.049972496
58833.657018 25.882985 0.059973759
58833.657575 25.599493 0.052959107
58833.658134 25.722647 0.05996546
58833.658729 25.676299 0.056946382
58833.659291 25.775117 0.052970354
58833.659866 25.649331 0.052970822
58833.660428 25.742677 0.060945129
58833.660996 25.762533 0.060951674
58833.661568 25.677217 0.059946739
58833.662129 25.765069 0.05894879
58833.662686 25.835451 0.074917465
58833.663254 25.632642 0.059951734
58833.663845 25.776197 0.063950765
58833.664399 25.682046 0.057944301
58833.664959 25.846655 0.059967395
58833.66553 25.733566 0.056973548
58833.666087 25.816384 0.061972118
58833.666661 25.670067 0.05497617
58833.66724 25.781417 0.051978333
58833.667808 25.701694 0.054974133
58833.668374 25.756036 0.056980804
58833.66894 25.684019 0.059973733
58833.669515 25.735995 0.069969223
58833.670105 25.862148 0.074965677
58833.670664 25.686858 0.057962834
58833.671231 25.716406 0.071956683
58833.671792 25.750062 0.075960062
58833.672357 25.629952 0.06995687
58833.672921 25.784629 0.069972368
58833.6735 25.82045 0.074952272
58833.674063 25.775692 0.051970354
58833.674632 25.77843 0.078934049
58833.675223 25.721908 0.072899304
58833.67579 25.824851 0.090924279
58833.67635 25.925284 0.091930352
58833.676916 25.737019 0.086950641
58833.677484 25.907952 0.10394818
58833.678056 25.891768 0.09988812
58833.678616 25.903761 0.11885498
58833.679182 25.79499 0.096865557
58833.679761 25.829925 0.11180941
0.0 0.0 0.0
58833.680894 25.724701 0.1087802
0.0 0.0 0.0
58833.68202 25.761019 0.11684492
0.0 0.0 0.0
58833.683157 25.778397 0.1018827
58833.683728 25.64341 0.09282246
58833.68429 25.821556 0.12077672
58833.684864 25.593389 0.083918736
58833.685427 25.766319 0.097913748
58833.686006 25.974557 0.11688961
58833.68663 25.623709 0.082919464
58833.687197 25.862821 0.093948975
58833.687766 25.589563 0.083955327
58833.688335 25.725828 0.084922122
58833.6889 25.548278 0.067919252
58833.689473 25.549073 0.071942969
58833.690035 25.84436 0.085913712
58833.690606 25.605677 0.078922765
58833.691182 25.817381 0.088935317
58833.691769 25.931209 0.099891685
58833.692334 25.773625 0.092881942
58833.692912 25.859017 0.10286481
58833.693482 25.747903 0.085932586
58833.694055 25.576169 0.070898463
58833.694629 25.57228 0.076948332
58833.695214 25.811788 0.097921815
58833.695788 25.660108 0.077947886
58833.696709 25.71614 0.090944438
58833.697282 25.902353 0.11289564
58833.697854 25.640174 0.080897661
58833.698426 25.775315 0.091938935
58833.698997 25.70028 0.10992013
58833.699574 25.723951 0.082948163
58833.700162 25.804796 0.085937611
58833.700738 25.733225 0.093922527
58833.701314 25.754101 0.083951198
58833.701879 25.573338 0.10395854
58833.702433 25.694859 0.097960352
58833.702997 25.6961 0.069967014
58833.703569 25.630917 0.06696511
58833.704138 25.723273 0.072976043
58833.704693 25.665168 0.06596677
58833.705269 25.69201 0.064960764
58833.705842 25.711019 0.075931141
58833.706416 25.576623 0.085951005
58833.706995 25.70156 0.077973418
58833.70756 25.721693 0.074958441
58833.708139 25.687973 0.075964585
58833.708701 25.677317 0.074938878
58833.709269 25.68654 0.077956524
58833.709837 25.638075 0.073928642
58833.710398 25.654858 0.076934854
58833.710961 25.693854 0.099935776
58833.711531 25.642288 0.079939834
58833.712096 25.812657 0.085954044
58833.712678 25.742778 0.078951385
58833.713245 25.602026 0.074946955
58833.713811 25.602073 0.071939344
58833.71438 25.868419 0.079949982
58833.714942 25.711359 0.070957454
58833.715515 25.793218 0.070958419
58833.716099 25.721317 0.066968268
58833.716662 25.828135 0.072964669
58833.717217 25.752527 0.0669623
58833.717786 25.727206 0.079939196
58833.718352 25.690362 0.072950629
58833.718933 25.696395 0.082954747
58833.719515 25.655052 0.069943144
58833.720081 25.543379 0.074891588
58833.720652 25.710415 0.081959071
58833.721229 25.656157 0.064951268
58833.721798 25.602055 0.080949746
58833.722365 25.613577 0.062959054
58833.722938 25.690235 0.061959017
58833.723517 25.671971 0.064936045
58833.724095 25.854132 0.070965419
58833.724659 25.795048 0.081955257
58833.725228 25.667668 0.065956616
58833.725794 25.718198 0.081907104
58833.726369 25.815371 0.093894557
58833.726949 25.828156 0.10091468
58833.727521 25.725929 0.073893412
58833.728085 25.83844 0.083905873
58833.728659 25.782782 0.083944217
58833.729226 25.760212 0.079923863
58833.729803 25.674422 0.074919901
58833.730359 25.609657 0.061953503
58833.730924 25.820069 0.072959546
58833.731502 25.651751 0.075942962
58833.732059 25.648255 0.089892626
58833.732632 25.833996 0.095910344
58833.733194 25.887769 0.094909321
58833.733759 25.683868 0.10189559
58833.734321 25.680115 0.091870842
58833.734879 25.694998 0.098900617
58833.735444 25.874904 0.12785095
58833.736003 25.767491 0.11087305
58833.736571 25.707347 0.14384332
58833.737136 25.765525 0.11681558
58833.737691 25.707973 0.098901809
58833.738267 25.794242 0.11476915
58833.738823 25.702632 0.09888486
58833.739382 25.760215 0.11387403
58833.739948 26.102976 0.14384569
58833.740522 25.758242 0.10883438
58833.741085 25.70406 0.12363268
58833.741647 25.634766 0.091902004
58833.742215 25.671965 0.082900639
58833.742788 25.781464 0.10085903
58833.743365 25.932886 0.1168912
58833.743953 25.760267 0.11489508
58833.744526 25.784726 0.098916772
58833.745093 25.685269 0.076900885
58833.745664 25.851895 0.093920867
58833.746226 25.540582 0.070937654
58833.746789 25.699631 0.075934835
58833.747358 25.770054 0.074951236
58833.747921 25.738621 0.07494776
58833.748478 25.761924 0.07995433
58833.749035 25.779301 0.078954348
58833.749599 25.679866 0.07095456
58833.750168 25.772594 0.085903946
58833.750733 25.740003 0.090898575
58833.751298 25.841945 0.10178719
58833.751854 25.831895 0.11987576
58833.752416 25.690723 0.09091316
58833.752988 25.752122 0.09391534
58833.753539 25.796849 0.092894176
58833.7541 25.676841 0.074901016
58833.754655 25.66272 0.067933494
58833.75523 25.731655 0.0729557
58833.755803 25.755142 0.085943319
58833.756377 25.726178 0.089944741
58833.756948 25.87026 0.076969814
58833.757519 25.769777 0.089964434
58833.758074 25.672478 0.0759684
58833.758639 25.858602 0.10492366
58833.759204 25.618517 0.098930539
58833.759765 25.725006 0.089934147
58833.760341 25.835767 0.098950743
58833.760921 25.715013 0.084960617
58833.761489 25.557602 0.099916847
58833.76205 25.787165 0.10194364
58833.762618 25.794462 0.092942694
58833.763196 25.755341 0.090936548
58833.763771 25.643503 0.080966645
58833.764345 25.757099 0.080955748
58833.764904 25.759736 0.094939592
58833.765469 25.743348 0.079970803
58833.766035 25.723573 0.082967035
58833.766604 25.609222 0.069961562
58833.767179 25.679678 0.073958456
58833.767754 25.762592 0.083967008
58833.768337 25.68202 0.084956503
58833.768906 25.675685 0.084964053
58833.769468 25.701533 0.086959094
58833.770037 25.686735 0.083954039
58833.770609 25.886782 0.11296252
58833.771176 25.749143 0.11189955
58833.77175 25.734449 0.10092999
58833.772312 25.616107 0.098908015
58833.772873 25.737366 0.13287407
58833.773436 25.728692 0.15185639
0.0 0.0 0.0
58833.774581 25.670567 0.1279076
58833.775149 25.850987 0.13086391
58833.775718 25.523033 0.10089974
58833.776274 25.608428 0.10889246
58833.776849 25.652831 0.11094679
58833.777425 25.99365 0.13394673
58833.777996 25.876622 0.12691394
58833.778564 25.88935 0.13092498
58833.779126 25.69324 0.1029027
58833.779701 25.87176 0.12489382
58833.780275 25.857562 0.11990049
58833.780836 25.976989 0.14587515
58833.781394 25.591402 0.11686894
58833.781959 25.607069 0.092931312
58833.78252 25.578058 0.094931133
58833.783078 25.67029 0.12091045
58833.783656 25.765031 0.10891983
58833.784224 25.697952 0.10292932
58833.784791 25.965988 0.13195115
58833.785359 25.784212 0.10095126
58833.785923 25.815698 0.08996055
58833.786499 25.717015 0.090947992
0.0 0.0 0.0
58833.787657 25.821367 0.10096042
58833.788243 25.586632 0.092949665
58833.788815 25.696161 0.084949795
58833.789431 25.770086 0.08196637
58833.789993 25.797909 0.092964687
58833.790558 25.633875 0.079971847
58833.791114 25.74966 0.08495433
58833.791692 25.715391 0.075966167
58833.792254 25.70092 0.072963067
58833.792819 25.753458 0.085950984
58833.793386 25.752672 0.074949613
58833.793945 25.807311 0.073959592
58833.794517 25.778519 0.08196113
58833.79508 25.639669 0.06495651
58833.795646 25.744767 0.070954123
58833.796225 25.652982 0.061965486
58833.79679 25.70997 0.066972103
58833.797352 25.860845 0.065974093
58833.797908 25.772271 0.069973235
58833.798484 25.668811 0.061974112
58833.799061 25.849853 0.077959039
58833.799624 25.679838 0.063967406
58833.800185 25.71759 0.057964715
58833.800756 25.706117 0.066969102
58833.801313 25.686041 0.063969296
58833.801876 25.83027 0.075958261
58833.802443 25.704148 0.070954307
58833.803031 25.723326 0.075973729
58833.803608 25.708708 0.072970821
58833.804175 25.633669 0.059976455
58833.804741 25.765864 0.071970758
58833.805316 25.751458 0.069979936
58833.805876 25.780019 0.09096557
58833.806445 25.681213 0.078977985
58833.807016 26.016239 0.098966377
58833.807582 25.651153 0.070963219
58833.80816 25.636208 0.068972117
58833.808724 25.720774 0.082971828
58833.809281 25.60004 0.062966671
58833.809857 25.638976 0.066970662
58833.810432 25.836055 0.086972214
58833.811002 25.777584 0.085974524
58833.81157 25.733547 0.072976469
58833.812141 25.738781 0.080977761
58833.81271 25.788178 0.065980487
58833.813283 25.806081 0.072974323
58833.81385 25.717564 0.063975395
58833.814425 25.838887 0.079978775
58833.81499 25.821683 0.075973235
58833.815567 25.86495 0.079975729
58833.816133 25.877066 0.0829671
58833.816698 25.687336 0.068973959
58833.817289 25.641299 0.072965126
58833.817864 25.776806 0.088959934
58833.818429 25.72178 0.071967771
58833.819011 25.700164 0.066963685
58833.819573 25.688431 0.079965083
58833.820146 25.757362 0.076946221
58833.82073 25.717618 0.070958111
58833.821295 25.831277 0.085966246
58833.821869 25.788362 0.093966821
58833.822431 25.676102 0.081966507
58833.822986 25.810775 0.093967859
58833.823546 25.627271 0.088964384
58833.824122 25.590107 0.077960264
58833.82469 25.618222 0.099969644
58833.82527 25.914515 0.12196509
58833.825842 25.678388 0.094961865
58833.826414 25.848459 0.11296012
58833.826987 25.761196 0.090964624
58833.827559 25.65613 0.083960312
58833.828123 25.612641 0.073971622
58833.828694 25.871932 0.086966774
58833.829263 25.604177 0.071962495
58833.829826 25.760238 0.081963316
58833.830398 25.826779 0.086957971
58833.830961 25.711658 0.074954214
58833.831526 25.723663 0.074969756
58833.832097 25.595062 0.071969234
58833.83267 25.747912 0.067970377
58833.833228 25.692185 0.080955124
58833.833798 25.789492 0.075964204
58833.834371 25.790107 0.081961379
58833.834936 25.784287 0.078966051
58833.83551 25.721777 0.082968827
58833.836083 25.623355 0.068969084
58833.836648 25.707041 0.072947748
58833.837231 25.778039 0.081948903
58833.837806 25.716092 0.091908938
58833.83839 25.834468 0.093947969
58833.838952 25.845178 0.10793159
58833.839512 25.684281 0.07995957
58833.840078 25.77727 0.10395404
58833.840638 25.665916 0.077965712
58833.841214 25.788045 0.09396433
58833.841784 25.632735 0.065963381
58833.842354 25.71212 0.073969042
58833.842932 25.604486 0.084966623
58833.8435 25.822227 0.09096154
0.0 0.0 0.0
58833.84464 25.801747 0.094962738
58833.845192 25.618445 0.076957958
58833.845764 25.746216 0.093974733
58833.846315 25.710848 0.080976019
58833.846882 25.616932 0.074976318
58833.847447 25.933973 0.12597425
58833.848017 25.860927 0.11296556
58833.848583 25.767016 0.095970699
58833.849139 25.605651 0.094957172
58833.849713 25.748882 0.097963076
58833.850286 25.889964 0.11097014
