HJD mag magerr
0.0 0.0 0.0
0.0 0.0 0.0
0.0 0.0 0.0
58833.528073 25.219487 0.13268115
58833.52864 25.065482 0.079829111
0.0 0.0 0.0
0.0 0.0 0.0
58833.530369 25.080823 0.085756426
58833.530936 25.145031 0.07189731
58833.531508 25.232471 0.068888785
0.0 0.0 0.0
58833.532639 25.229549 0.06689437
58833.533201 25.203663 0.053931867
58833.533765 25.290383 0.064936038
58833.534319 25.122642 0.062727591
58833.534878 25.088599 0.05480959
58833.535457 25.198559 0.063830418
58833.536022 25.321126 0.060923408
0.0 0.0 0.0
58833.537148 25.404252 0.047935514
0.0 0.0 0.0
58833.538275 25.31461 0.049926515
58833.538843 25.31618 0.046930746
58833.539403 25.408106 0.051930468
58833.539961 25.287315 0.04494317
58833.540691 25.443745 0.044961459
58833.54127 25.509259 0.046928167
58833.541834 25.485391 0.044944623
58833.542384 25.415006 0.047938523
58833.542946 25.629841 0.050933621
58833.543507 25.419959 0.039952259
58833.544071 25.448739 0.040969808
58833.544644 25.411962 0.034964005
58833.545206 25.28049 0.03993788
58833.545767 25.478124 0.042952092
58833.54634 25.460443 0.040961608
58833.546924 25.528703 0.045943134
58833.547488 25.333297 0.043937306
58833.548053 25.374412 0.035944582
58833.548633 25.388975 0.036962716
58833.549203 25.520682 0.044958019
58833.549779 25.413018 0.039956733
58833.550355 25.491411 0.042942599
58833.550911 25.46081 0.038935243
58833.551466 25.419793 0.037942149
58833.552025 25.26248 0.044915943
58833.552609 25.850588 0.070912537
58833.553172 25.352958 0.04794265
58833.553736 25.394925 0.040951901
58833.554298 25.427185 0.041964603
58833.554862 25.541157 0.042963015
58833.55542 25.452631 0.044975482
58833.556007 25.579579 0.045979615
58833.556565 25.526006 0.043977644
58833.557125 25.436076 0.041973242
58833.557676 25.437059 0.043979021
58833.558245 25.560408 0.054961759
58833.558811 25.375491 0.03994696
58833.559373 25.418237 0.044935148
0.0 0.0 0.0
58833.560497 25.144557 0.055799754
58833.561052 26.021311 0.083907058
0.0 0.0 0.0
58833.562183 25.295503 0.046942422
0.0 0.0 0.0
58833.563315 25.413017 0.043948699
58833.563889 25.202797 0.043837771
58833.564461 25.198277 0.04676769
58833.565019 26.447862 0.096950008
58833.565576 25.494639 0.031987631
58833.566153 25.385409 0.043925412
58833.566722 26.416002 0.10593784
58833.56729 25.477705 0.042939922
58833.56785 25.391882 0.042906293
58833.568406 25.47975 0.03497338
58833.568961 25.44012 0.034974484
58833.569533 25.459144 0.032980787
58833.570095 25.463323 0.032972591
58833.57065 25.480482 0.032983649
58833.57121 25.485783 0.030974157
58833.571768 25.487466 0.033974488
58833.572322 25.973543 0.057967469
58833.572898 25.402464 0.044957561
58833.573468 25.336253 0.041862203
58833.574037 25.434161 0.044897241
58833.574593 25.313075 0.038909531
58833.575159 25.304527 0.060720908
0.0 0.0 0.0
58833.576286 25.191468 0.042846176
58833.576839 25.323331 0.041873574
58833.577403 25.283476 0.035952617
58833.577964 25.516116 0.039957223
58833.578544 25.406771 0.040936298
58833.579114 25.44674 0.036956581
58833.579688 25.41122 0.046917728
58833.580238 25.25479 0.035909958
58833.58081 25.10525 0.038921878
58833.581375 25.842214 0.066795244
58833.581944 25.423095 0.043909354
58833.582509 25.399521 0.034947025
58833.58308 25.258605 0.044909248
58833.583647 25.178991 0.045871651
58833.584215 25.128536 0.051783347
58833.584762 25.114412 0.037889221
58833.585316 25.076013 0.043852734
58833.585886 26.201191 0.075915565
58833.586442 25.623513 0.052929299
58833.587001 25.26995 0.040920286
58833.587566 25.936813 0.086857695
58833.58814 25.27533 0.05189082
58833.588711 25.542299 0.033965618
58833.589285 25.141694 0.036938234
58833.589857 25.201737 0.041775728
58833.590423 25.122982 0.047770789
58833.590994 25.166091 0.05280219
0.0 0.0 0.0
0.0 0.0 0.0
58833.592665 25.109098 0.060742074
58833.593224 25.14408 0.058817433
0.0 0.0 0.0
0.0 0.0 0.0
0.0 0.0 0.0
58833.595528 25.163224 0.054784994
58833.596082 25.249575 0.058861223
58833.596665 25.222704 0.055862168
58833.597231 25.23938 0.053835773
58833.597797 25.949239 0.06790805
58833.59838 25.39278 0.040948417
58833.598947 25.445714 0.037938514
58833.599512 25.350178 0.047918483
58833.60009 25.280975 0.040939986
58833.600655 25.595684 0.048946569
58833.601221 25.466339 0.046922443
58833.601788 25.450407 0.04794555
58833.602358 25.387453 0.043931287
58833.602926 25.297916 0.042898993
58833.60349 25.091357 0.048817366
58833.604047 25.283782 0.041926736
58833.604615 25.180309 0.04788836
58833.605171 25.195501 0.056832709
58833.605736 25.076664 0.04589069
0.0 0.0 0.0
58833.606846 25.543861 0.057865109
0.0 0.0 0.0
58833.607972 25.248683 0.051909387
0.0 0.0 0.0
58833.609122 25.295471 0.048900484
58833.609691 25.286722 0.051840536
58833.61027 25.575504 0.053894107
0.0 0.0 0.0
58833.611415 25.478823 0.048874024
0.0 0.0 0.0
58833.612577 25.121765 0.042853157
58833.613137 25.19427 0.04885303
58833.613696 25.217876 0.045832734
58833.614278 25.159413 0.043874752
58833.614853 25.13918 0.043810225
58833.615407 25.237039 0.045845934
58833.615983 26.204102 0.096866921
0.0 0.0 0.0
58833.617093 25.951776 0.092891718
58833.617655 25.267365 0.043927296
58833.618216 25.399158 0.047931064
58833.618781 25.336051 0.052939253
58833.619336 25.234107 0.043929317
58833.619908 25.606643 0.059915959
58833.620489 25.251676 0.040925343
58833.621073 25.500969 0.050933992
58833.621643 25.170754 0.043906486
58833.622212 25.352297 0.039918197
58833.622786 25.28856 0.053880352
58833.623339 25.220186 0.046926561
58833.623898 25.282107 0.051911359
58833.624467 25.378081 0.041934979
58833.625042 25.378671 0.041923772
58833.625625 25.340512 0.039932131
58833.626195 25.48623 0.041942046
58833.626758 25.526993 0.052894686
58833.627345 25.495094 0.041957101
58833.627901 25.432396 0.041956875
58833.628481 25.364126 0.045957694
58833.629058 25.370234 0.03995458
58833.629625 25.436466 0.036959027
58833.630194 25.45445 0.037959742
58833.630754 25.436832 0.044963589
58833.631339 25.228284 0.039904254
0.0 0.0 0.0
58833.632476 25.265231 0.058833465
58833.633035 25.268575 0.048882982
58833.633609 25.633341 0.063872129
58833.634176 25.344541 0.065921499
58833.63477 25.129264 0.038907741
58833.63533 25.396054 0.043948036
58833.635896 25.406396 0.044920696
58833.636454 25.423415 0.042962064
58833.637031 25.28156 0.040892802
58833.637603 25.409952 0.043939468
58833.638178 25.305964 0.045903335
58833.638751 25.457869 0.041958447
58833.639317 25.447339 0.045955461
58833.639885 25.430243 0.040959931
58833.640451 25.566156 0.04897713
58833.641017 25.457963 0.042974649
58833.641587 25.433745 0.037959583
58833.642165 25.366389 0.056961831
58833.642733 25.423535 0.042962621
58833.643298 25.406726 0.041957433
58833.643881 25.516198 0.04694634
58833.644463 25.521944 0.044976658
58833.645038 25.488646 0.04496458
58833.645621 25.420913 0.043943224
58833.646196 25.459449 0.046944839
58833.646775 25.446225 0.047961643
58833.647352 25.456081 0.04596572
58833.647947 25.523575 0.052937909
58833.648518 25.463991 0.039979106
58833.649091 25.59176 0.047967162
58833.649661 25.437211 0.040975523
58833.650234 25.565044 0.054974537
58833.650812 25.45517 0.045968861
58833.651385 25.506476 0.047961678
58833.651942 25.409682 0.048962235
58833.652501 25.557075 0.0499727
58833.653051 25.504797 0.049978401
58833.653627 25.509309 0.042974613
58833.654196 25.464232 0.046958777
58833.654761 25.532452 0.044966429
58833.655332 25.462961 0.044973913
58833.655903 25.512097 0.045977466
58833.656459 25.606215 0.053977324
58833.657018 25.582974 0.041981213
58833.657575 25.543597 0.047981105
58833.658134 25.533494 0.044973738
58833.658729 25.452839 0.049962875
58833.659291 25.505365 0.048967867
58833.659866 25.576443 0.047979633
58833.660428 25.496716 0.045963597
58833.660996 25.458136 0.049965372
58833.661568 25.425383 0.051963475
58833.662129 25.51032 0.049947618
58833.662686 25.341034 0.057940423
58833.663254 25.533282 0.053976387
58833.663845 25.435097 0.051920612
58833.664399 25.484428 0.055960328
58833.664959 25.597006 0.053976605
58833.66553 25.488909 0.0479722
58833.666087 25.490154 0.050979159
58833.666661 25.494857 0.046980301
58833.66724 25.520531 0.04498429
58833.667808 25.529138 0.055981299
58833.668374 25.437282 0.0479786
58833.66894 25.482607 0.04697342
58833.669515 25.573946 0.060969803
58833.670105 25.540817 0.059962087
58833.670664 25.445058 0.052960498
58833.671231 25.353626 0.062964031
58833.671792 25.29435 0.061958901
58833.672357 25.421731 0.055960986
58833.672921 25.547806 0.058958192
58833.6735 25.38979 0.048974279
58833.674063 25.664885 0.064977034
58833.674632 25.488181 0.059958709
58833.675223 25.325853 0.057907941
58833.67579 25.446046 0.059949138
58833.67635 25.266708 0.055940744
58833.676916 25.308602 0.055959776
58833.677484 25.399078 0.06695326
58833.678056 25.171326 0.056948449
0.0 0.0 0.0
0.0 0.0 0.0
58833.679761 25.256068 0.070800846
58833.680323 25.168778 0.086594548
58833.680894 25.227127 0.069804394
0.0 0.0 0.0
58833.68202 25.127062 0.066786203
58833.682591 25.296783 0.079778457
58833.683157 25.178614 0.0728785
58833.683728 25.233361 0.066866299
58833.68429 25.227165 0.070774727
58833.684864 25.64957 0.085920645
58833.685427 25.18243 0.0649144
58833.686006 25.399672 0.073888043
58833.68663 25.380072 0.067947993
58833.687197 25.351917 0.063962998
58833.687766 25.321865 0.067950998
58833.688335 25.24083 0.056960187
58833.6889 25.307052 0.053948726
58833.689473 25.504705 0.073942224
58833.690035 25.35034 0.062941795
58833.690606 25.318335 0.061918163
0.0 0.0 0.0
58833.691769 25.277629 0.061932003
58833.692334 25.308904 0.064889534
58833.692912 25.181743 0.054918431
58833.693482 25.392104 0.055933779
58833.694055 25.321574 0.055936089
0.0 0.0 0.0
58833.695214 25.417842 0.070951128
58833.695788 25.366517 0.051945827
58833.696709 25.479645 0.073944353
58833.697282 25.387398 0.076906685
58833.697854 25.573369 0.075925922
58833.698426 25.429278 0.068945214
0.0 0.0 0.0
58833.699574 25.445425 0.065963233
58833.700162 25.378895 0.05996799
0.0 0.0 0.0
58833.701314 25.478078 0.069956084
58833.701879 25.413265 0.078959909
58833.702433 25.55689 0.092972558
58833.702997 25.56744 0.064975756
58833.703569 25.546664 0.062963404
58833.704138 25.524686 0.0629789
0.0 0.0 0.0
58833.705269 25.926417 0.091963525
58833.705842 25.420254 0.071952056
58833.706416 25.406428 0.073940802
58833.706995 25.506402 0.05897277
58833.70756 25.487938 0.076957452
58833.708139 25.508491 0.058960785
58833.708701 25.621495 0.072967466
58833.709269 25.492633 0.056968663
0.0 0.0 0.0
58833.710398 25.30638 0.051969947
58833.710961 25.402016 0.072934661
58833.711531 25.349672 0.064954574
58833.712096 25.314712 0.066950947
58833.712678 25.378018 0.063948717
58833.713245 25.379455 0.063957306
58833.713811 25.510722 0.065959686
58833.71438 25.441767 0.055966992
58833.714942 25.438823 0.054961693
58833.715515 25.651451 0.06495934
58833.716099 25.476938 0.057972468
58833.716662 25.50426 0.061973973
58833.717217 25.558437 0.057971108
58833.717786 25.58114 0.065958683
58833.718352 25.279428 0.061951835
58833.718933 25.416253 0.071956969
58833.719515 25.319934 0.061954707
58833.720081 25.656775 0.073942849
58833.720652 25.422531 0.070957408
58833.721229 25.398106 0.056946829
58833.721798 25.322663 0.056946369
58833.722365 25.494522 0.058954588
58833.722938 25.470862 0.05897135
58833.723517 25.487107 0.058955976
58833.724095 25.531346 0.055962636
58833.724659 25.380969 0.063957491
58833.725228 25.463046 0.057959802
0.0 0.0 0.0
58833.726369 25.318539 0.055939776
58833.726949 25.302816 0.058922448
58833.727521 25.271465 0.056888241
58833.728085 25.322294 0.0589086
58833.728659 25.299422 0.057943684
58833.729226 25.417184 0.057945829
58833.729803 25.328707 0.055960318
58833.730359 25.328827 0.060949084
58833.730924 25.404376 0.050961942
58833.731502 25.341765 0.059957785
58833.732059 25.312195 0.067892652
58833.732632 25.316078 0.062937596
58833.733194 25.289294 0.068913928
58833.733759 25.245312 0.060872325
58833.734321 25.37238 0.071908487
58833.734879 25.257405 0.065890467
58833.735444 25.458002 0.080840174
58833.736003 25.259905 0.083858743
0.0 0.0 0.0
58833.737136 25.148331 0.067856786
58833.737691 25.246215 0.062899625
0.0 0.0 0.0
58833.738823 25.343478 0.070876134
58833.739382 25.258661 0.065893993
58833.739948 25.430141 0.082833334
58833.740522 25.229676 0.073840427
58833.741085 25.273013 0.083804764
58833.741647 25.275985 0.067898295
58833.742215 25.314462 0.063920266
58833.742788 25.216168 0.064837409
58833.743365 25.318601 0.076894016
58833.743953 25.396901 0.078882889
58833.744526 25.292866 0.064908112
58833.745093 25.405364 0.063937363
58833.745664 25.280042 0.060922094
58833.746226 25.439645 0.071932894
58833.746789 25.34057 0.056933259
58833.747358 25.488197 0.066950518
58833.747921 25.344401 0.06394505
58833.748478 25.482116 0.057952508
58833.749035 25.431673 0.054951465
58833.749599 25.477103 0.060948196
58833.750168 25.327929 0.061899114
58833.750733 25.314113 0.062908005
58833.751298 25.216276 0.057861837
58833.751854 25.325386 0.075869277
58833.752416 25.20266 0.056912655
58833.752988 25.332721 0.061917762
58833.753539 25.265555 0.058927067
58833.7541 25.371362 0.056935725
58833.754655 25.521921 0.065950353
58833.75523 25.525602 0.060965814
58833.755803 25.285855 0.064940278
58833.756377 25.543723 0.075941706
58833.756948 25.446087 0.065966007
58833.757519 25.478533 0.064969638
58833.758074 25.39198 0.057965607
58833.758639 25.24877 0.065922574
58833.759204 25.257133 0.069909556
58833.759765 25.64719 0.086956881
58833.760341 25.541615 0.077957954
58833.760921 25.366986 0.07695848
58833.761489 25.313286 0.084921527
58833.76205 25.509483 0.067960388
58833.762618 25.364201 0.074945349
58833.763196 25.515057 0.075955902
58833.763771 25.391022 0.066973663
58833.764345 25.515603 0.072965967
58833.764904 25.478893 0.065971952
58833.765469 25.485312 0.063979304
58833.766035 25.549131 0.069969435
58833.766604 25.498671 0.074950911
58833.767179 25.45238 0.061973551
58833.767754 25.575632 0.071972381
58833.768337 25.600404 0.077964699
58833.768906 25.515918 0.071967853
58833.769468 25.349529 0.075946661
58833.770037 25.505422 0.067962369
58833.770609 25.446825 0.075955463
58833.771176 25.388925 0.077900225
58833.77175 25.399076 0.081923132
58833.772312 25.345939 0.09190019
0.0 0.0 0.0
58833.773436 25.239303 0.08384739
58833.774013 25.184867 0.088864752
0.0 0.0 0.0
58833.775149 25.297998 0.085903353
58833.775718 25.262909 0.077906365
58833.776274 25.248038 0.091932719
58833.776849 25.598057 0.094945885
58833.777425 25.313847 0.088942417
58833.777996 25.241741 0.074921013
58833.778564 25.286326 0.077941556
58833.779126 25.299707 0.077927385
58833.779701 25.212778 0.069926279
58833.780275 25.29785 0.071938034
58833.780836 25.573341 0.1048527
0.0 0.0 0.0
0.0 0.0 0.0
58833.78252 25.368264 0.07894488
58833.783078 25.257785 0.078897678
58833.783656 25.255156 0.073915313
58833.784224 25.291012 0.076945906
58833.784791 25.348306 0.077950189
58833.785359 25.339004 0.074954098
58833.785923 25.295628 0.06296439
58833.786499 25.241831 0.078948291
58833.787075 25.310068 0.083954115
58833.787657 25.639198 0.11195394
58833.788243 25.489721 0.078950685
58833.788815 25.635933 0.078961664
58833.789431 25.528514 0.067968427
58833.789993 25.482417 0.078959168
58833.790558 25.544982 0.069972997
58833.791114 25.379164 0.072951548
58833.791692 25.562897 0.073969138
58833.792254 25.479581 0.07095128
58833.792819 25.367833 0.058964046
58833.793386 25.493455 0.060953693
58833.793945 25.528093 0.063960393
58833.794517 25.489386 0.064964471
58833.79508 25.379886 0.056964623
58833.795646 25.427754 0.054968464
58833.796225 25.492031 0.051964243
58833.79679 25.542476 0.058976886
58833.797352 26.033531 0.097980837
58833.797908 25.627146 0.058975884
58833.798484 25.495769 0.058978096
58833.799061 25.544372 0.055973492
58833.799624 25.403874 0.053970783
58833.800185 25.462612 0.058975008
58833.800756 25.481068 0.06496008
58833.801313 25.459553 0.055967713
58833.801876 25.530271 0.058969391
58833.802443 25.478146 0.059954354
58833.803031 25.478664 0.062978059
58833.803608 25.500334 0.051971091
58833.804175 25.780387 0.073977921
58833.804741 25.609795 0.065977236
58833.805316 25.540149 0.064976557
58833.805876 25.508965 0.0749694
58833.806445 25.444835 0.062980321
58833.807016 25.419953 0.056976051
58833.807582 25.589892 0.070960729
58833.80816 25.378959 0.050975803
0.0 0.0 0.0
58833.809281 25.430144 0.054972139
58833.809857 25.483317 0.064976496
58833.810432 25.504755 0.067969499
58833.811002 25.554498 0.062974422
58833.81157 25.481395 0.063978787
58833.812141 25.649664 0.070978208
58833.81271 25.466707 0.0569806
58833.813283 25.622615 0.066981841
58833.81385 25.723507 0.062981321
58833.814425 25.511265 0.055980809
58833.81499 25.518429 0.057981429
58833.815567 25.451158 0.063977738
58833.816133 25.553119 0.067976542
58833.816698 25.516732 0.068956236
58833.817289 25.45623 0.06496871
58833.817864 25.429363 0.063963047
58833.818429 25.669026 0.080964292
58833.819011 25.431136 0.058965303
58833.819573 25.444566 0.070973259
58833.820146 25.551471 0.070959809
58833.82073 25.407103 0.060968511
58833.821295 25.444151 0.059968441
58833.821869 25.514015 0.070967482
58833.822431 25.49311 0.073974132
58833.822986 25.453106 0.06997649
58833.823546 25.335628 0.076959301
58833.824122 25.456359 0.073957291
0.0 0.0 0.0
58833.82527 25.489687 0.085974373
58833.825842 25.483587 0.082970659
0.0 0.0 0.0
58833.826987 25.592379 0.089958109
58833.827559 25.49279 0.080964091
58833.828123 25.596659 0.080970428
58833.828694 25.463104 0.061955993
58833.829263 25.518181 0.072963755
58833.829826 25.58032 0.07195346
58833.830398 25.434839 0.06596395
58833.830961 25.596293 0.071965416
58833.831526 25.468866 0.057956038
58833.832097 25.659163 0.067971046
58833.83267 25.37602 0.056966003
58833.833228 25.470546 0.062965929
58833.833798 25.440882 0.056972745
58833.834371 25.437165 0.066952567
58833.834936 25.488483 0.05597241
58833.83551 25.518528 0.062969352
58833.836083 25.462627 0.062967701
58833.836648 25.361627 0.057969995
58833.837231 25.507963 0.064969365
58833.837806 25.277311 0.066934436
58833.83839 25.418443 0.064950245
58833.838952 25.340589 0.071933228
58833.839512 25.373446 0.069962265
58833.840078 25.317227 0.077953002
58833.840638 25.566864 0.081966404
58833.841214 25.354631 0.073964666
58833.841784 25.519092 0.06397335
58833.842354 25.539781 0.07096943
58833.842932 25.562663 0.078965811
58833.8435 25.533422 0.067969616
58833.844068 25.519738 0.070970912
58833.84464 25.303457 0.06096967
58833.845192 25.474928 0.072974759
58833.845764 25.537165 0.07597669
0.0 0.0 0.0
58833.846882 25.533146 0.070980006
58833.847447 25.53573 0.089967055
58833.848017 25.452924 0.077975757
58833.848583 25.70853 0.1039691
58833.849139 26.097923 0.16697173
58833.849713 25.560477 0.091960836
58833.850286 25.519412 0.079976137
