HJD mag magerr
58833.526351 25.16353 0.1637728
58833.526938 25.073369 0.14363264
58833.527497 25.137691 0.12382646
58833.528073 25.277487 0.13768083
58833.52864 25.238482 0.098827551
58833.529223 25.228811 0.13261359
58833.529794 25.142158 0.13361217
58833.530369 25.150823 0.092755609
58833.530936 25.247031 0.079896583
58833.531508 25.122471 0.066888977
58833.532068 25.059108 0.056906486
58833.532639 25.210549 0.069894101
58833.533201 25.202663 0.057931386
58833.533765 25.108383 0.053937114
58833.534319 25.100642 0.061727885
58833.534878 25.216599 0.058808579
58833.535457 25.253559 0.063830418
58833.536022 25.247126 0.052924441
58833.536586 25.281358 0.051940638
58833.537148 25.166252 0.043936236
58833.537706 25.131356 0.047885094
58833.538275 25.16161 0.040927994
58833.538843 25.18518 0.042931379
58833.539403 25.130106 0.038932512
58833.539961 25.203315 0.036944483
58833.540691 25.109745 0.034962987
58833.54127 25.138259 0.038929643
58833.541834 25.160391 0.035946112
58833.542384 25.216006 0.040939829
58833.542946 25.142841 0.036935916
58833.543507 25.126959 0.035952924
58833.544071 25.162739 0.032970968
58833.544644 25.113962 0.030964931
58833.545206 25.16649 0.034939321
58833.545767 25.098124 0.034953348
58833.54634 25.141443 0.034962639
58833.546924 25.102703 0.032946202
58833.547488 25.167297 0.033939965
58833.548053 25.160412 0.034944879
58833.548633 25.157975 0.034963099
58833.549203 25.165682 0.029960385
58833.549779 25.165018 0.034957512
58833.550355 25.114411 0.034944106
58833.550911 25.13981 0.033936118
58833.551466 25.116793 0.031943654
58833.552025 25.10848 0.038917316
58833.552609 25.160588 0.040916393
58833.553172 25.098958 0.038944662
58833.553736 25.055925 0.031954065
58833.554298 25.197185 0.035965492
58833.554862 25.153157 0.034964258
58833.55542 25.140631 0.031977174
58833.556007 25.122579 0.034980656
58833.556565 25.149006 0.039978021
58833.557125 25.129076 0.035973914
58833.557676 25.134059 0.036979697
58833.558245 25.139408 0.032964544
58833.558811 25.172491 0.037947306
58833.559373 25.121237 0.037936785
58833.559928 25.185963 0.039866676
58833.560497 25.185557 0.049802197
58833.561052 25.166311 0.040911902
58833.561629 25.168233 0.047904911
58833.562183 25.100503 0.035944724
58833.562742 25.201149 0.034948771
58833.563315 25.109017 0.035950321
58833.563889 25.253797 0.04483727
58833.564461 25.199277 0.04776721
58833.565019 25.201862 0.030961419
58833.565576 25.115639 0.025988436
58833.566153 25.126409 0.032931678
58833.566722 25.186002 0.03594393
58833.56729 25.124705 0.034941949
58833.56785 25.261882 0.038907983
58833.568406 25.16375 0.028974918
58833.568961 25.12612 0.028975553
58833.569533 25.126144 0.02598196
58833.570095 25.100323 0.024974189
58833.57065 25.152482 0.025984647
58833.57121 25.143783 0.024975394
58833.571768 25.119466 0.026975911
58833.572322 25.143543 0.028970165
58833.572898 25.124464 0.028960956
58833.573468 25.185253 0.036863745
58833.574037 25.157161 0.035900818
58833.574593 25.191075 0.037909839
58833.575159 25.209527 0.050725967
58833.575726 25.280156 0.039808639
58833.576286 25.189468 0.039848213
58833.576839 25.212331 0.038875038
58833.577403 25.108476 0.028954852
58833.577964 25.114116 0.028959968
58833.578544 25.116771 0.033937916
58833.579114 25.15974 0.032957541
58833.579688 25.16822 0.038919422
58833.580238 25.15679 0.038908966
58833.58081 25.11725 0.032924302
58833.581375 25.269214 0.043804191
58833.581944 25.160095 0.03491197
58833.582509 25.112521 0.031948012
58833.58308 25.152605 0.038910732
58833.583647 25.140991 0.03587543
58833.584215 25.206536 0.046786498
58833.584762 25.107412 0.032893887
58833.585316 25.266013 0.040855161
58833.585886 25.192191 0.030924882
58833.586442 25.201513 0.035933064
58833.587001 25.15695 0.033922317
58833.587566 25.159813 0.045867081
58833.58814 25.13533 0.044892716
58833.588711 25.185299 0.030966696
58833.589285 25.177694 0.027946899
58833.589857 25.090737 0.034782726
58833.590423 25.216982 0.045772036
58833.590994 25.158091 0.042808387
58833.591559 25.21876 0.065731087
58833.592112 25.201018 0.059758225
58833.592665 25.162098 0.054744062
58833.593224 25.14808 0.059817149
58833.593796 25.168419 0.069820762
58833.594369 25.356698 0.089514901
58833.59492 25.244219 0.069751407
58833.595528 25.167224 0.051786559
58833.596082 25.210575 0.053862426
58833.596665 25.125704 0.047864496
58833.597231 25.16338 0.044838507
58833.597797 25.162239 0.039912153
58833.59838 25.08878 0.029951492
58833.598947 25.171714 0.033939502
58833.599512 25.161178 0.038920321
58833.60009 25.146975 0.039940216
58833.600655 25.151684 0.03694823
58833.601221 25.197339 0.038924039
58833.601788 25.160407 0.040946705
58833.602358 25.175453 0.035933465
58833.602926 25.195916 0.039899844
58833.60349 25.136357 0.050816705
58833.604047 25.132782 0.035928177
58833.604615 25.174309 0.041889904
58833.605171 25.260501 0.058832285
58833.605736 25.173664 0.047890237
58833.606292 25.12107 0.045891464
58833.606846 25.199861 0.045867768
58833.607409 25.216398 0.045883785
58833.607972 25.158683 0.045910698
58833.608554 25.126251 0.050852793
58833.609122 25.193471 0.044901306
58833.609691 25.191722 0.047841681
58833.61027 25.209504 0.041896631
58833.610843 25.157318 0.037893844
58833.611415 25.173823 0.036877993
58833.611993 25.164245 0.036860814
58833.612577 25.206765 0.037855371
58833.613137 25.13427 0.04085655
58833.613696 25.255876 0.044833223
58833.614278 25.179413 0.036878142
58833.614853 25.14918 0.040811757
58833.615407 25.145039 0.040847878
58833.615983 25.145102 0.041874302
58833.616534 25.120609 0.035905677
58833.617093 25.183776 0.046896306
58833.617655 25.106365 0.038928312
58833.618216 25.135158 0.036933665
58833.618781 25.115051 0.0419406
58833.619336 25.137107 0.035931061
58833.619908 25.134643 0.041918593
58833.620489 25.173676 0.034926914
58833.621073 25.178969 0.036936274
58833.621643 25.129754 0.040907227
58833.622212 25.162297 0.037918733
58833.622786 25.22356 0.045882063
58833.623339 25.125186 0.039928213
58833.623898 25.164107 0.043912751
58833.624467 25.125081 0.036936008
58833.625042 25.146671 0.034925585
58833.625625 25.154512 0.033933659
58833.626195 25.12223 0.038942561
58833.626758 25.120993 0.037897205
58833.627345 25.135094 0.032958504
58833.627901 25.160396 0.033958083
58833.628481 25.154126 0.033959273
58833.629058 25.096234 0.033955598
58833.629625 25.125466 0.030960174
58833.630194 25.16245 0.034960208
58833.630754 25.123832 0.034965032
58833.631339 25.119284 0.039904254
58833.631919 25.16974 0.047807993
58833.632476 25.149231 0.046836618
58833.633035 25.179575 0.043884588
58833.633609 25.140341 0.041876699
58833.634176 25.137541 0.053922916
58833.63477 25.152264 0.043906428
58833.63533 25.153054 0.040948445
58833.635896 25.159396 0.03892199
58833.636454 25.125415 0.034963339
58833.637031 25.19556 0.040892802
58833.637603 25.195952 0.041939777
58833.638178 25.173964 0.03890458
58833.638751 25.160869 0.036959102
58833.639317 25.201339 0.037956427
58833.639885 25.166243 0.037960309
58833.640451 25.154156 0.03397839
58833.641017 25.075963 0.032975792
58833.641587 25.194745 0.037959583
58833.642165 25.081389 0.035964117
58833.642733 25.131535 0.034963599
58833.643298 25.128726 0.037957953
58833.643881 25.114198 0.034947648
58833.644463 25.124944 0.031977996
58833.645038 25.131646 0.032965991
58833.645621 25.168913 0.035944193
58833.646196 25.160449 0.037945747
58833.646775 25.094225 0.032963403
58833.647352 25.103081 0.036966583
58833.647947 25.201575 0.039939102
58833.648518 25.131991 0.036979377
58833.649091 25.12076 0.037968004
58833.649661 25.076211 0.032976462
58833.650234 25.172044 0.034976104
58833.650812 25.11917 0.034969887
58833.651385 25.137476 0.039962417
58833.651942 25.137682 0.034963698
58833.652501 25.155075 0.038973614
58833.653051 25.186797 0.034979522
58833.653627 25.199309 0.040974789
58833.654196 25.147232 0.035960054
58833.654761 25.121452 0.033967609
58833.655332 25.160961 0.039974353
58833.655903 25.100097 0.035978304
58833.656459 25.148215 0.039978175
58833.657018 25.143974 0.030982249
58833.657575 25.104597 0.03298244
58833.658134 25.116494 0.034974777
58833.658729 25.124839 0.038963839
58833.659291 25.100365 0.034969111
58833.659866 25.146443 0.035980673
58833.660428 25.177716 0.037964385
58833.660996 25.124136 0.038966271
58833.661568 25.112383 0.036965167
58833.662129 25.10932 0.038948561
58833.662686 25.197034 0.050941022
58833.663254 25.125282 0.036977568
58833.663845 25.135097 0.049920796
58833.664399 25.184428 0.042961269
58833.664959 25.042006 0.037977672
58833.66553 25.114909 0.034973225
58833.666087 25.113154 0.03698008
58833.666661 25.192857 0.037980901
58833.66724 25.093531 0.036984755
58833.667808 25.075138 0.039982066
58833.668374 25.149282 0.038979216
58833.66894 25.116607 0.039973879
58833.669515 25.137946 0.03997094
58833.670105 25.083817 0.044962991
58833.670664 25.137058 0.044961083
58833.671231 25.118626 0.04496529
58833.671792 25.13035 0.046960064
58833.672357 25.145731 0.042961911
58833.672921 25.122806 0.045959052
58833.6735 25.14479 0.04497455
58833.674063 25.112885 0.040978183
58833.674632 25.113181 0.042959888
58833.675223 25.164853 0.04990869
58833.67579 25.149046 0.052949607
58833.67635 25.163708 0.050941188
58833.676916 25.096602 0.046960718
58833.677484 25.141078 0.049954535
58833.678056 25.178326 0.055948538
58833.678616 25.251313 0.063852332
58833.679182 25.090866 0.060871719
58833.679761 25.202068 0.068801072
58833.680323 25.250778 0.08459485
58833.680894 25.256127 0.072804077
58833.681455 25.255421 0.081676091
58833.68202 25.220062 0.0707857
58833.682591 25.211783 0.074779183
58833.683157 25.158614 0.068878881
58833.683728 25.172361 0.061866955
58833.68429 25.185165 0.071774605
58833.684864 25.20157 0.058922294
58833.685427 25.14643 0.057915051
58833.686006 25.209672 0.060888927
58833.68663 25.127072 0.052948879
58833.687197 25.134917 0.049963874
58833.687766 25.194865 0.057951652
58833.688335 25.13483 0.052960477
58833.6889 25.153052 0.054948652
58833.689473 25.131705 0.049943751
58833.690035 25.20834 0.056942194
58833.690606 25.168335 0.052919101
58833.691182 25.113973 0.048952265
58833.691769 25.073629 0.050932996
58833.692334 25.087904 0.052891138
58833.692912 25.190743 0.058918007
58833.693482 25.221104 0.04993439
58833.694055 25.257574 0.054936176
58833.694629 25.092396 0.049958836
58833.695214 25.139842 0.047952488
58833.695788 25.106517 0.050945916
58833.696709 25.153645 0.058945345
58833.697282 25.172398 0.067907312
58833.697854 25.255369 0.064926569
58833.698426 25.266278 0.058945755
58833.698997 25.11982 0.064931588
58833.699574 25.129425 0.052963963
58833.700162 25.199895 0.051968437
58833.700738 25.207507 0.062955665
58833.701314 25.173078 0.056956659
58833.701879 25.055265 0.073960081
58833.702433 25.11789 0.05997337
58833.702997 25.08444 0.045976596
58833.703569 25.094664 0.047964167
58833.704138 25.157686 0.049979477
58833.704693 25.167688 0.054974264
58833.705269 25.113417 0.046965036
58833.705842 25.182254 0.061952482
58833.706416 25.170428 0.056941756
58833.706995 25.112402 0.046973423
58833.70756 25.160938 0.052958454
58833.708139 25.114491 0.044961676
58833.708701 25.145495 0.047968701
58833.709269 25.139633 0.05096902
58833.709837 25.087789 0.043966966
58833.710398 25.17538 0.046970298
58833.710961 25.190016 0.053935933
58833.711531 25.143672 0.052955423
58833.712096 25.177712 0.054951796
58833.712678 25.083018 0.048949745
58833.713245 25.196455 0.046958625
58833.713811 25.156722 0.047960641
58833.71438 25.117767 0.043967903
58833.714942 25.077823 0.043962458
58833.715515 25.115451 0.040960917
58833.716099 25.105938 0.043973316
58833.716662 25.14126 0.048974581
58833.717217 25.219437 0.048971614
58833.717786 25.14714 0.045959827
58833.718352 25.165428 0.049952617
58833.718933 25.128253 0.049958366
58833.719515 25.225934 0.052955378
58833.720081 25.199775 0.056944049
58833.720652 25.173531 0.047958946
58833.721229 25.219106 0.054946972
58833.721798 25.153663 0.053946657
58833.722365 25.157522 0.04695543
58833.722938 25.170862 0.043972277
58833.723517 25.159107 0.048956623
58833.724095 25.119346 0.042963522
58833.724659 25.192969 0.046958804
58833.725228 25.112046 0.042960857
58833.725794 25.212592 0.048959836
58833.726369 25.257539 0.053939996
58833.726949 25.257816 0.062922104
58833.727521 25.163465 0.051888798
58833.728085 25.062294 0.046909776
58833.728659 25.155422 0.05294407
58833.729226 25.201184 0.054946043
58833.729803 25.173707 0.04696108
58833.730359 25.129827 0.044950357
58833.730924 25.167376 0.043962472
58833.731502 25.136765 0.047958756
58833.732059 25.146195 0.059893765
58833.732632 25.264078 0.055938261
58833.733194 25.202294 0.052915474
58833.733759 25.256312 0.064871795
58833.734321 25.12138 0.059909507
58833.734879 25.213405 0.068890177
58833.735444 25.166002 0.06584194
58833.736003 25.130905 0.069860048
58833.736571 25.148995 0.070854065
58833.737136 25.114331 0.067856786
58833.737691 25.163215 0.06189973
58833.738267 25.207155 0.075779514
58833.738823 25.173478 0.063876899
58833.739382 25.187661 0.067893745
58833.739948 25.191141 0.070834657
58833.740522 25.236676 0.078839892
58833.741085 25.050013 0.064807448
58833.741647 25.127985 0.06189888
58833.742215 25.138462 0.056920896
58833.742788 25.173168 0.058838135
58833.743365 25.198601 0.064895016
58833.743953 25.162901 0.065884035
58833.744526 25.145866 0.055909048
58833.745093 25.091364 0.04893862
58833.745664 25.115042 0.055922569
58833.746226 25.143645 0.055933967
58833.746789 25.14557 0.046934337
58833.747358 25.096197 0.045951933
58833.747921 25.064401 0.045946474
58833.748478 25.162116 0.044953532
58833.749035 25.133673 0.042952553
58833.749599 25.186103 0.048949075
58833.750168 25.147929 0.051900432
58833.750733 25.242113 0.058908412
58833.751298 25.198276 0.059861502
58833.751854 25.291386 0.067870075
58833.752416 25.21066 0.06191214
58833.752988 25.158721 0.050918966
58833.753539 25.251555 0.053927548
58833.7541 25.240362 0.049936401
58833.754655 25.181921 0.050951268
58833.75523 25.125602 0.046966734
58833.755803 25.211855 0.055940883
58833.756377 25.166723 0.052943044
58833.756948 25.125087 0.048966972
58833.757519 25.150533 0.05397026
58833.758074 25.17498 0.051965983
58833.758639 25.22677 0.060922964
58833.759204 25.145133 0.061910225
58833.759765 25.08219 0.054958352
58833.760341 25.157615 0.054959122
58833.760921 25.103986 0.058959327
58833.761489 25.151286 0.070922438
58833.76205 25.195483 0.060960737
58833.762618 25.237201 0.063945841
58833.763196 25.191057 0.052956913
58833.763771 25.119022 0.046974568
58833.764345 25.110603 0.052966891
58833.764904 25.153893 0.056972307
58833.765469 25.186312 0.054979649
58833.766035 25.057131 0.053970117
58833.766604 25.070671 0.054951864
58833.767179 25.12938 0.053973967
58833.767754 25.089632 0.055973082
58833.768337 25.168404 0.048966107
58833.768906 25.201918 0.059968421
58833.769468 25.147529 0.0599474
58833.770037 25.167422 0.056962931
58833.770609 25.044825 0.059956079
58833.771176 25.056925 0.060901636
58833.77175 25.203076 0.071923631
58833.772312 25.111939 0.069901488
58833.772873 25.217537 0.081879551
58833.773436 25.284303 0.086847151
58833.774013 25.246867 0.092864507
58833.774581 25.101715 0.066908197
58833.775149 25.143998 0.08190356
58833.775718 25.205909 0.078906306
58833.776274 25.157038 0.076933418
58833.776849 25.063057 0.063947256
58833.777425 25.205847 0.085942528
58833.777996 25.113741 0.071921184
58833.778564 25.056326 0.060942627
58833.779126 25.240707 0.075927508
58833.779701 25.234778 0.075925854
58833.780275 25.09785 0.064938512
58833.780836 25.111341 0.071855118
58833.781394 25.109769 0.08085445
58833.781959 25.154458 0.069932603
58833.78252 25.130264 0.068945391
58833.783078 25.188785 0.08289744
58833.783656 25.084156 0.06791571
58833.784224 25.214012 0.077945851
58833.784791 25.206306 0.070950507
58833.785359 25.107004 0.059955066
58833.785923 25.139628 0.054964831
58833.786499 25.160831 0.061949208
58833.787075 25.181068 0.065954864
58833.787657 25.165198 0.063955443
58833.788243 25.258721 0.064951368
58833.788815 25.079933 0.054962758
58833.789431 25.140514 0.056968899
58833.789993 25.070417 0.055960263
58833.790558 25.116982 0.052973796
58833.791114 25.281164 0.058952366
58833.791692 25.021897 0.049970194
58833.792254 25.105581 0.050952379
58833.792819 25.192833 0.052964422
58833.793386 25.121455 0.046954655
58833.793945 25.176093 0.051961162
58833.794517 25.144386 0.047965522
58833.79508 25.094886 0.045965456
58833.795646 25.174754 0.046969014
58833.796225 25.097031 0.046964564
58833.79679 25.173476 0.043977796
58833.797352 25.126531 0.043982348
58833.797908 25.059146 0.041976817
58833.798484 25.212769 0.047978565
58833.799061 25.120372 0.040974484
58833.799624 25.141874 0.046971238
58833.800185 25.166612 0.048975484
58833.800756 25.147068 0.048960915
58833.801313 25.099553 0.04196881
58833.801876 25.109271 0.041970576
58833.802443 25.158146 0.048955078
58833.803031 25.088664 0.04897872
58833.803608 25.101334 0.039972066
58833.804175 25.135387 0.049978844
58833.804741 25.136795 0.044978306
58833.805316 25.126149 0.042977574
58833.805876 25.096965 0.051970345
58833.806445 25.100835 0.045981224
58833.807016 25.063953 0.047976586
58833.807582 25.095892 0.049961965
58833.80816 25.166959 0.055975513
58833.808724 25.26194 0.052977279
58833.809281 25.168144 0.046972625
58833.809857 25.137317 0.048977275
58833.810432 25.110755 0.049970363
58833.811002 25.114498 0.054974809
58833.81157 25.114395 0.053979189
58833.812141 25.134664 0.0459793
58833.81271 25.187707 0.042981363
58833.813283 25.138615 0.046982731
58833.81385 25.166507 0.045982053
58833.814425 25.107265 0.045981319
58833.81499 25.080429 0.040982344
58833.815567 25.117158 0.04497872
58833.816133 25.069119 0.042977638
58833.816698 25.179732 0.058956667
58833.817289 25.16723 0.046969713
58833.817864 25.224363 0.055963586
58833.818429 25.131026 0.052965496
58833.819011 25.119136 0.047966048
58833.819573 25.138566 0.050974215
58833.820146 25.123471 0.04796126
58833.82073 25.071103 0.042969718
58833.821295 25.086151 0.045969329
58833.821869 25.198015 0.059968017
58833.822431 25.04811 0.053975105
58833.822986 25.051106 0.059976847
58833.823546 25.003628 0.055960327
58833.824122 25.145359 0.063957754
58833.82469 25.141948 0.06097324
58833.82527 25.219687 0.068974982
58833.825842 25.138587 0.061971402
58833.826414 25.276518 0.071956255
58833.826987 25.140379 0.055959541
58833.827559 25.05579 0.050965446
58833.828123 25.062659 0.054971514
58833.828694 25.153104 0.050956633
58833.829263 25.266181 0.057964423
58833.829826 25.13332 0.052954398
58833.830398 25.083839 0.048964974
58833.830961 25.156293 0.051966391
58833.831526 25.177866 0.0469568
58833.832097 25.105163 0.043972587
58833.83267 25.16102 0.044966898
58833.833228 25.169546 0.049966692
58833.833798 25.150882 0.043973715
58833.834371 25.168165 0.055953304
0.0 0.0 0.0
58833.83551 25.150528 0.044970658
58833.836083 25.125627 0.044969077
58833.836648 25.154627 0.048970637
58833.837231 25.233963 0.051970138
58833.837806 25.108311 0.052935819
58833.83839 25.171443 0.052951176
58833.838952 25.181589 0.062933915
58833.839512 25.185446 0.060962773
58833.840078 25.188227 0.066953504
58833.840638 25.155864 0.054967437
58833.841214 25.097631 0.050966052
58833.841784 25.133092 0.045974437
58833.842354 25.173781 0.053970303
58833.842932 25.149663 0.054967004
58833.8435 25.152422 0.050970588
58833.844068 25.175738 0.052971809
58833.84464 25.104457 0.048970484
58833.845192 25.077928 0.05097572
58833.845764 25.198165 0.057977291
58833.846315 25.163884 0.051977866
58833.846882 25.033146 0.046981106
58833.847447 25.25073 0.067967777
58833.848017 25.122924 0.055976664
58833.848583 25.19853 0.064970174
58833.849139 25.120923 0.068973112
58833.849713 25.219477 0.065961668
58833.850286 25.083412 0.063976683
