HJD mag magerr
58833.526351 25.04553 0.16277283
58833.526938 25.057369 0.14763247
58833.527497 25.274691 0.14882563
58833.528073 24.949487 0.10568339
58833.52864 25.004482 0.080829009
58833.529223 25.146811 0.11961439
58833.529794 24.907158 0.097616138
58833.530369 25.052823 0.075757881
58833.530936 24.971031 0.06889763
58833.531508 25.068471 0.061889519
58833.532068 25.103108 0.056906486
58833.532639 25.000549 0.052896095
58833.533201 25.140663 0.053931867
58833.533765 25.086383 0.050937498
58833.534319 25.003642 0.05473029
58833.534878 25.192599 0.055809322
58833.535457 25.093559 0.058831352
58833.536022 25.080126 0.045925685
58833.536586 25.042358 0.042942025
58833.537148 25.033252 0.036937946
58833.537706 25.179356 0.052884087
58833.538275 25.06261 0.038928436
58833.538843 25.07018 0.037932398
58833.539403 25.064106 0.03793274
58833.539961 25.072315 0.032945443
58833.540691 25.060745 0.035962788
58833.54127 25.114259 0.038929643
58833.541834 25.069391 0.033946578
58833.542384 25.143006 0.03694084
0.0 0.0 0.0
0.0 0.0 0.0
0.0 0.0 0.0
0.0 0.0 0.0
0.0 0.0 0.0
0.0 0.0 0.0
58833.54634 25.078443 0.032963085
58833.546924 25.077703 0.031946565
58833.547488 25.102297 0.035939291
58833.548053 25.053412 0.031945905
58833.548633 25.041975 0.031963785
58833.549203 25.121682 0.031959905
58833.549779 25.069018 0.03095837
58833.550355 25.071411 0.034944106
58833.550911 25.06681 0.032936335
58833.551466 25.057793 0.032943355
58833.552025 25.03448 0.034918558
58833.552609 25.149588 0.040916393
58833.553172 25.144958 0.035945592
58833.553736 25.026925 0.030954402
58833.554298 25.011185 0.028967117
58833.554862 25.070157 0.029965456
58833.55542 25.030631 0.030977374
58833.556007 25.079579 0.030981253
58833.556565 25.043006 0.035978495
58833.557125 25.106076 0.033974202
58833.557676 25.118059 0.041979188
58833.558245 25.100408 0.034964116
58833.558811 25.076491 0.038947128
58833.559373 25.128237 0.034937729
58833.559928 25.089963 0.038867226
58833.560497 25.121557 0.043805412
58833.561052 25.042311 0.03391415
58833.561629 25.078233 0.044905692
58833.562183 25.050503 0.036944447
58833.562742 25.124149 0.032949383
58833.563315 25.019017 0.034950587
58833.563889 25.098797 0.041838858
58833.564461 25.108277 0.041770501
58833.565019 25.073862 0.024965566
58833.565576 25.079639 0.021989288
58833.566153 25.058409 0.032931678
58833.566722 25.111002 0.029946106
58833.56729 25.086705 0.029943902
58833.56785 25.233882 0.040907091
58833.568406 25.06975 0.027975249
58833.568961 25.05312 0.026976045
58833.569533 25.084144 0.026981744
58833.570095 25.032323 0.023974494
58833.57065 25.060482 0.029984006
58833.57121 25.084783 0.027974687
58833.571768 25.064466 0.026975911
58833.572322 25.117543 0.028970165
58833.572898 25.066464 0.030960295
58833.573468 25.142253 0.03586412
58833.574037 25.108161 0.035900818
58833.574593 25.155075 0.033911295
58833.575159 25.146527 0.046728681
58833.575726 25.086156 0.03780992
58833.576286 25.176468 0.039848213
58833.576839 25.110331 0.032878942
58833.577403 25.085476 0.030954085
58833.577964 25.094116 0.033958453
58833.578544 25.073771 0.031938545
58833.579114 25.07074 0.02795923
58833.579688 25.10022 0.037919695
58833.580238 25.06579 0.034910336
58833.58081 25.08025 0.033923826
58833.581375 25.148214 0.036809547
58833.581944 25.056095 0.033912368
58833.582509 25.082521 0.029948806
58833.58308 25.148605 0.039910447
58833.583647 25.137991 0.040873263
58833.584215 25.195536 0.047785809
58833.584762 25.008412 0.031895013
58833.585316 25.130013 0.035860186
58833.585886 25.156191 0.031924324
58833.586442 25.198513 0.034933423
58833.587001 25.06695 0.034921965
58833.587566 25.066813 0.039870298
58833.58814 25.10533 0.043893044
58833.588711 25.111299 0.026968553
58833.589285 25.116694 0.028945696
58833.589857 25.075737 0.032785391
58833.590423 25.084982 0.041774947
58833.590994 25.062091 0.039810936
58833.591559 25.16276 0.055735942
58833.592112 25.122018 0.051761705
58833.592665 25.123098 0.051745254
58833.593224 25.11208 0.053819026
58833.593796 25.087419 0.06382285
58833.594369 25.174698 0.076521679
58833.59492 25.032219 0.058755748
58833.595528 25.143224 0.046789662
58833.596082 25.092575 0.045864978
58833.596665 25.201704 0.048864158
58833.597231 25.06838 0.045838141
58833.597797 25.053239 0.035913385
58833.59838 25.12378 0.032950405
58833.598947 25.075714 0.031940115
58833.599512 25.019178 0.036920879
58833.60009 25.104975 0.036940994
58833.600655 25.081684 0.037948042
58833.601221 25.094339 0.035924864
58833.601788 25.132407 0.041946513
58833.602358 25.154453 0.034933822
58833.602926 25.100916 0.041899261
58833.60349 25.135357 0.053815819
58833.604047 25.025782 0.0339288
58833.604615 25.112309 0.043889334
58833.605171 25.070501 0.045835814
58833.605736 25.077664 0.040892058
58833.606292 25.13807 0.044891707
58833.606846 25.126861 0.043868379
58833.607409 25.065398 0.038885951
58833.607972 25.085683 0.046910453
58833.608554 25.188251 0.051852547
58833.609122 25.049471 0.044901306
58833.609691 25.139722 0.043843073
58833.61027 25.063504 0.035898677
58833.610843 25.085318 0.036894231
58833.611415 25.072823 0.034878985
58833.611993 25.134245 0.041858543
58833.612577 25.095765 0.037855371
58833.613137 25.11227 0.04085655
58833.613696 25.122876 0.038836775
58833.614278 25.066413 0.035878756
58833.614853 25.05418 0.039812329
58833.615407 25.059039 0.038848825
58833.615983 25.119102 0.039875034
58833.616534 25.119609 0.037904756
58833.617093 25.115776 0.045896526
58833.617655 25.129365 0.038928312
58833.618216 25.167158 0.04093253
58833.618781 25.048051 0.038941128
58833.619336 25.024107 0.033931658
58833.619908 25.137643 0.042918377
58833.620489 25.057676 0.033927244
58833.621073 25.133969 0.036936274
58833.621643 25.069754 0.039907504
58833.622212 25.098297 0.036919028
58833.622786 25.15556 0.043882606
58833.623339 25.087186 0.037928818
58833.623898 25.148107 0.0399137
58833.624467 25.052081 0.036936008
58833.625042 25.057671 0.034925585
58833.625625 25.115512 0.033933659
58833.626195 25.17023 0.034943419
58833.626758 25.122993 0.038896961
58833.627345 25.135094 0.033958302
58833.627901 25.099396 0.033958083
58833.628481 25.146126 0.033959273
58833.629058 25.086234 0.032955814
58833.629625 25.105466 0.034959355
58833.630194 25.11945 0.032960578
58833.630754 25.086832 0.034965032
58833.631339 25.052284 0.035905982
58833.631919 25.12874 0.045808799
58833.632476 25.106231 0.047836285
58833.633035 25.028575 0.039886214
58833.633609 25.138341 0.046875219
58833.634176 25.003541 0.04992356
58833.63477 25.094264 0.038907741
58833.63533 25.055054 0.036949117
58833.635896 25.050396 0.03892199
58833.636454 25.100415 0.03396355
58833.637031 25.08856 0.037893514
58833.637603 25.104952 0.038940312
58833.638178 25.080964 0.036905046
58833.638751 25.107869 0.034959429
58833.639317 25.049339 0.034956932
58833.639885 25.052243 0.033960944
58833.640451 25.069156 0.032978524
58833.641017 25.091963 0.02997632
58833.641587 25.101745 0.036959728
58833.642165 25.131389 0.03796377
58833.642733 25.088535 0.034963599
58833.643298 25.088726 0.035958266
58833.643881 25.083198 0.035947496
58833.644463 25.142944 0.032977848
58833.645038 25.029646 0.034965672
58833.645621 25.034913 0.036944043
58833.646196 25.093449 0.037945747
58833.646775 25.063225 0.033963225
58833.647352 25.079081 0.03496685
58833.647947 25.067575 0.037939378
58833.648518 25.054991 0.036979377
58833.649091 25.03376 0.031968832
58833.649661 25.065211 0.03197662
58833.650234 25.136044 0.036975856
58833.650812 25.05817 0.033970022
58833.651385 25.036476 0.037962661
58833.651942 25.109682 0.037963273
58833.652501 25.051075 0.034974118
58833.653051 25.076797 0.037979214
58833.653627 25.093309 0.036975211
58833.654196 25.104232 0.037959755
58833.654761 25.054452 0.035967328
58833.655332 25.130961 0.036974685
58833.655903 25.046097 0.031978819
58833.656459 25.071215 0.035978565
58833.657018 25.051974 0.035981684
58833.657575 25.122597 0.03598207
58833.658134 25.037494 0.036974515
58833.658729 25.062839 0.034964377
58833.659291 25.065365 0.034969111
58833.659866 25.116443 0.035980673
58833.660428 25.083716 0.032965124
58833.660996 25.053136 0.034966773
58833.661568 25.087383 0.039964709
58833.662129 25.18232 0.039948448
58833.662686 25.116034 0.044941711
58833.663254 25.072282 0.035977679
58833.663845 25.046097 0.042921605
58833.664399 25.100428 0.043961174
58833.664959 25.083006 0.043977167
58833.66553 25.078909 0.038972821
58833.666087 25.038154 0.033980397
58833.666661 25.050857 0.032981408
58833.66724 25.101531 0.033984997
58833.667808 25.075138 0.037982216
58833.668374 25.106282 0.037979306
58833.66894 25.095607 0.041973729
58833.669515 25.154946 0.041970773
58833.670105 25.077817 0.043963077
58833.670664 25.122058 0.041961371
58833.671231 25.044626 0.037966163
58833.671792 25.10535 0.042960534
58833.672357 25.032731 0.041962011
58833.672921 25.110806 0.045959052
58833.6735 25.06879 0.041974794
58833.674063 25.077885 0.038978354
58833.674632 25.050181 0.044959695
58833.675223 25.050853 0.04690905
58833.67579 25.013046 0.04395047
58833.67635 25.116708 0.052940999
58833.676916 25.046602 0.047960594
58833.677484 25.062078 0.048954642
58833.678056 24.966326 0.047949397
58833.678616 25.044313 0.057853323
58833.679182 25.086866 0.058871923
58833.679761 25.034068 0.059802301
58833.680323 25.098778 0.076596237
58833.680894 25.003127 0.058805874
58833.681455 25.056421 0.066678574
58833.68202 25.047062 0.059787271
58833.682591 25.112783 0.067780399
58833.683157 25.092614 0.063879433
58833.683728 25.076361 0.056867741
58833.68429 25.035165 0.063775706
58833.684864 25.09257 0.05592259
58833.685427 25.15543 0.061914659
58833.686006 25.058672 0.0548895
58833.68663 25.042072 0.047949318
58833.687197 25.040917 0.050963793
58833.687766 25.128865 0.050952283
58833.688335 25.08083 0.044961236
58833.6889 25.041052 0.050948966
58833.689473 25.152705 0.053943388
58833.690035 25.03434 0.046943127
58833.690606 25.094335 0.04691996
58833.691182 25.019973 0.044952771
58833.691769 25.078629 0.046933492
58833.692334 25.060904 0.056890518
58833.692912 25.016743 0.0519188
58833.693482 25.153104 0.046934763
58833.694055 25.044574 0.047936912
58833.694629 25.119396 0.050958744
58833.695214 25.144842 0.053952005
58833.695788 25.178517 0.050945916
58833.696709 25.098645 0.053945814
58833.697282 25.133398 0.061907844
0.0 0.0 0.0
0.0 0.0 0.0
58833.698997 25.10482 0.061931794
0.0 0.0 0.0
58833.700162 25.086895 0.049968575
58833.700738 25.066507 0.054956215
58833.701314 25.149078 0.053956837
58833.701879 25.054265 0.067960324
58833.702433 25.16389 0.053973637
58833.702997 25.09444 0.045976596
58833.703569 25.025664 0.043964475
58833.704138 25.118686 0.048979535
58833.704693 24.967688 0.042975009
58833.705269 25.119417 0.050964777
58833.705842 25.054254 0.051953096
58833.706416 25.074428 0.050942268
58833.706995 25.117402 0.042973735
58833.70756 25.069938 0.048958732
58833.708139 25.055491 0.045961591
58833.708701 25.190495 0.055968171
58833.709269 25.049633 0.046969316
58833.709837 25.075789 0.04696668
58833.710398 25.05238 0.044970463
58833.710961 24.985016 0.04793658
58833.711531 25.077672 0.046956033
58833.712096 25.037712 0.046952638
58833.712678 25.024018 0.044950155
58833.713245 25.092455 0.049958318
58833.713811 25.022722 0.044960888
58833.71438 25.097767 0.038968477
58833.714942 25.030823 0.04496237
58833.715515 25.143451 0.048960191
58833.716099 25.042938 0.044973236
58833.716662 25.06226 0.044974849
58833.717217 25.081437 0.042972088
58833.717786 25.08814 0.047959662
58833.718352 25.078428 0.045952985
58833.718933 25.110253 0.046958672
58833.719515 25.042934 0.048955767
58833.720081 25.059775 0.049944813
58833.720652 25.212531 0.044959281
58833.721229 25.044106 0.046947686
58833.721798 25.082663 0.049947101
58833.722365 25.137522 0.042955835
58833.722938 25.053862 0.040972558
58833.723517 25.095107 0.042957184
58833.724095 25.123346 0.040963719
58833.724659 25.065969 0.046958804
58833.725228 25.105046 0.042960857
58833.725794 25.095592 0.046960082
58833.726369 25.093539 0.045941097
58833.726949 25.043816 0.046923893
58833.727521 25.064465 0.047889343
58833.728085 25.071294 0.043910192
58833.728659 25.098422 0.050944249
58833.729226 25.057184 0.04694677
58833.729803 25.093707 0.043961414
58833.730359 25.195827 0.047950042
58833.730924 25.070376 0.034963544
0.0 0.0 0.0
58833.732059 25.133195 0.060893608
58833.732632 25.134078 0.050938863
0.0 0.0 0.0
58833.733759 25.068312 0.05387347
58833.734321 25.12738 0.053910211
58833.734879 25.072405 0.056891544
58833.735444 25.121002 0.060842747
58833.736003 25.080905 0.065860534
58833.736571 25.100995 0.070854065
58833.737136 25.141331 0.061857615
58833.737691 25.116215 0.052900883
58833.738267 25.094155 0.067780457
58833.738823 25.080478 0.051878764
58833.739382 25.151661 0.060894692
58833.739948 25.116141 0.062835853
58833.740522 25.127676 0.063841777
58833.741085 25.216013 0.081804983
58833.741647 25.058985 0.059899104
58833.742215 25.024462 0.051921465
58833.742788 25.119168 0.055838566
58833.743365 25.037601 0.057895817
58833.743953 25.142901 0.063884258
58833.744526 25.044866 0.04990989
58833.745093 25.113364 0.049938509
58833.745664 25.055042 0.048923423
58833.746226 25.063645 0.054934058
58833.746789 25.05757 0.045934475
58833.747358 25.123197 0.050951473
58833.747921 25.126401 0.047946254
58833.748478 25.054116 0.038954286
58833.749035 25.075673 0.045952219
58833.749599 25.099103 0.046949273
58833.750168 25.132929 0.050900597
58833.750733 25.075113 0.052909156
58833.751298 25.113276 0.051863018
58833.751854 25.058386 0.054871938
58833.752416 25.05066 0.048913735
58833.752988 25.117721 0.052918705
58833.753539 25.189555 0.054927444
58833.7541 25.116362 0.044937036
58833.754655 25.087921 0.043951948
58833.75523 25.100602 0.040967354
0.0 0.0 0.0
58833.756377 25.104723 0.053942959
58833.756948 25.064087 0.05096682
58833.757519 25.115533 0.05297033
58833.758074 25.10298 0.050966055
58833.758639 25.11277 0.053923648
58833.759204 25.034133 0.067909707
58833.759765 25.18119 0.060957946
58833.760341 25.063615 0.053959198
58833.760921 25.033986 0.053959675
58833.761489 25.137286 0.068922602
58833.76205 25.054483 0.050961425
58833.762618 25.183201 0.064945789
58833.763196 25.098057 0.049957124
58833.763771 25.050022 0.04897444
58833.764345 25.126603 0.053966826
58833.764904 25.094893 0.051972564
58833.765469 25.063312 0.046980081
58833.766035 25.147131 0.054970061
58833.766604 25.122671 0.053951933
58833.767179 25.07238 0.052974029
58833.767754 25.069632 0.046973711
58833.768337 25.102404 0.04796619
58833.768906 25.055918 0.048969213
0.0 0.0 0.0
58833.770037 25.098422 0.051963276
58833.770609 25.114825 0.05895613
58833.771176 25.129925 0.064901229
58833.77175 25.045076 0.058924568
0.0 0.0 0.0
0.0 0.0 0.0
0.0 0.0 0.0
0.0 0.0 0.0
0.0 0.0 0.0
0.0 0.0 0.0
0.0 0.0 0.0
0.0 0.0 0.0
0.0 0.0 0.0
58833.777425 25.084847 0.066943477
58833.777996 25.107741 0.067921437
58833.778564 25.117326 0.061942546
58833.779126 25.061707 0.063928427
58833.779701 25.017778 0.061926989
58833.780275 25.10685 0.066938364
58833.780836 25.126341 0.068855466
58833.781394 25.183769 0.088853834
58833.781959 25.097458 0.06293316
58833.78252 25.150264 0.066945514
58833.783078 25.029785 0.065898676
0.0 0.0 0.0
0.0 0.0 0.0
58833.784791 25.091306 0.054951574
0.0 0.0 0.0
0.0 0.0 0.0
0.0 0.0 0.0
0.0 0.0 0.0
0.0 0.0 0.0
0.0 0.0 0.0
0.0 0.0 0.0
58833.789431 25.010514 0.047969469
58833.789993 25.090417 0.059960005
58833.790558 25.107982 0.056973561
58833.791114 25.084164 0.061952157
58833.791692 25.028897 0.054969889
58833.792254 25.068581 0.04695273
58833.792819 25.077833 0.04396521
58833.793386 25.130455 0.04595475
58833.793945 25.077093 0.047961517
58833.794517 25.096386 0.049965356
58833.79508 25.114886 0.044965555
58833.795646 25.046754 0.042969377
58833.796225 25.032031 0.037965404
58833.79679 25.094476 0.045977636
58833.797352 25.030531 0.03898273
58833.797908 25.127146 0.044976593
58833.798484 25.100769 0.039979098
58833.799061 25.024372 0.038974684
58833.799624 25.075874 0.043971485
58833.800185 25.109612 0.046975607
58833.800756 25.117068 0.047960989
58833.801313 25.035553 0.03996904
58833.801876 25.083271 0.041970576
58833.802443 25.043146 0.042955659
58833.803031 25.023664 0.038979524
58833.803608 25.088334 0.041971859
58833.804175 25.155387 0.045979102
58833.804741 25.088795 0.040978651
58833.805316 25.087149 0.042977574
58833.805876 25.005965 0.049970474
58833.806445 25.212835 0.053980723
58833.807016 25.014953 0.046976659
58833.807582 25.096892 0.05096188
58833.80816 25.032959 0.049975869
58833.808724 25.11494 0.04897752
58833.809281 25.088144 0.044972777
58833.809857 25.065317 0.045977489
58833.810432 25.169755 0.048970433
58833.811002 25.121498 0.051974988
58833.81157 25.034395 0.052979238
58833.812141 25.072664 0.041979611
58833.81271 25.037707 0.037981791
58833.813283 25.083615 0.046982731
58833.81385 25.062507 0.039982481
58833.814425 25.064265 0.039981765
58833.81499 25.073429 0.042982194
58833.815567 25.073158 0.047978507
58833.816133 25.062119 0.042977638
58833.816698 25.015732 0.053956952
58833.817289 25.08023 0.043969973
58833.817864 25.051363 0.045964556
58833.818429 25.096026 0.046965968
58833.819011 25.012136 0.048965965
58833.819573 25.052566 0.049974285
58833.820146 25.118471 0.04696136
58833.82073 25.050103 0.045969441
58833.821295 25.094151 0.049969018
58833.821869 25.004015 0.051968564
58833.822431 25.15511 0.057974853
58833.822986 25.152106 0.05897689
58833.823546 25.104628 0.05996007
58833.824122 25.071359 0.055958258
58833.82469 25.083948 0.058973338
58833.82527 25.069687 0.060975393
58833.825842 25.052587 0.058971555
58833.826414 25.087518 0.058957108
58833.826987 25.077379 0.054959614
58833.827559 25.05479 0.051965372
58833.828123 25.135659 0.062971076
58833.828694 25.075104 0.050956633
58833.829263 25.108181 0.05296474
58833.829826 24.99632 0.04295529
58833.830398 25.026839 0.048964974
58833.830961 25.123293 0.049966537
58833.831526 25.122866 0.04595689
58833.832097 25.052163 0.04597239
58833.83267 25.11202 0.044966898
58833.833228 25.047546 0.043967221
58833.833798 25.109882 0.045973526
58833.834371 25.171165 0.053953474
58833.834936 25.018483 0.039973785
58833.83551 25.075528 0.044970658
58833.836083 25.101627 0.048968674
58833.836648 25.074627 0.049970553
58833.837231 25.066963 0.044970762
58833.837806 25.078311 0.052935819
58833.83839 25.080443 0.050951379
58833.838952 24.974589 0.050935257
58833.839512 25.012446 0.049963669
58833.840078 25.111227 0.05995393
58833.840638 25.001864 0.046968004
58833.841214 25.060631 0.052965879
58833.841784 25.076092 0.046974352
58833.842354 25.080781 0.053970303
58833.842932 25.178663 0.057966796
58833.8435 25.128422 0.055970235
58833.844068 25.153738 0.048972108
58833.84464 25.025457 0.046970665
58833.845192 25.022928 0.053975538
58833.845764 25.134165 0.051977594
58833.846315 25.092884 0.059977482
58833.846882 25.077146 0.051980786
58833.847447 25.09873 0.057968303
58833.848017 25.065924 0.057976551
58833.848583 25.07553 0.066970086
58833.849139 25.124923 0.064973264
58833.849713 25.167477 0.064961715
58833.850286 25.005412 0.054977142
