HJD mag magerr
0.0 0.0 0.0
0.0 0.0 0.0
58833.527497 25.72623 0.22886079
58833.528073 25.578472 0.21069521
0.0 0.0 0.0
0.0 0.0 0.0
0.0 0.0 0.0
0.0 0.0 0.0
0.0 0.0 0.0
58833.531508 25.34232 0.075875272
58833.532068 25.395001 0.077898082
58833.532639 25.37211 0.076815852
58833.533201 25.383561 0.070908474
58833.533765 25.421687 0.074927337
58833.534319 25.395526 0.088750328
0.0 0.0 0.0
58833.535457 25.436765 0.071814444
58833.536022 25.4237 0.061924332
58833.536586 25.363785 0.059932791
58833.537148 25.502221 0.060938594
58833.537706 25.415967 0.063867601
58833.538275 25.378119 0.055918488
58833.538843 25.352763 0.050939423
58833.539403 25.451663 0.052914419
58833.539961 25.561071 0.061884996
58833.540691 25.444915 0.048945638
58833.54127 25.447729 0.047939723
58833.541834 25.426952 0.048952205
58833.542384 25.414636 0.047954158
58833.542946 25.465018 0.055924155
58833.543507 25.421296 0.041960994
58833.544071 25.371947 0.042965016
58833.544644 25.296373 0.042941082
58833.545206 25.364018 0.046937665
58833.545767 25.390406 0.042961733
58833.54634 25.372886 0.037967523
58833.546924 25.328714 0.041938463
58833.547488 25.389653 0.049912031
58833.548053 25.412816 0.04492641
58833.548633 25.392527 0.043959345
58833.549203 25.370299 0.037956074
58833.549779 25.378263 0.039962893
58833.550355 25.484957 0.04795596
58833.550911 25.361122 0.041949234
58833.551466 25.37465 0.043929958
58833.552025 25.383451 0.04692128
58833.552609 25.327989 0.044913744
58833.553172 25.302259 0.049929172
58833.553736 25.354393 0.046927617
58833.554298 25.324329 0.035967972
58833.554862 25.349813 0.039968667
58833.55542 25.395912 0.042968639
58833.556007 25.34437 0.041980398
58833.556565 25.38488 0.047976962
58833.557125 25.438251 0.046968182
58833.557676 25.398954 0.049974401
58833.558245 25.404038 0.044955548
58833.558811 25.39055 0.044956654
58833.559373 25.480803 0.11490125
0.0 0.0 0.0
0.0 0.0 0.0
58833.561052 25.363115 0.047903782
58833.561629 25.298838 0.052851444
58833.562183 25.375727 0.046914964
58833.562742 25.433142 0.043937724
58833.563315 25.470334 0.044950919
58833.563889 25.29291 0.053849983
58833.564461 25.677725 0.069731609
58833.565019 25.528976 0.043936412
58833.565576 25.357341 0.028983834
58833.566153 25.32161 0.042905031
58833.566722 25.304842 0.038918305
58833.56729 25.408545 0.042943544
58833.56785 25.378596 0.042914893
58833.568406 25.315642 0.035967039
58833.568961 25.344348 0.033970932
58833.569533 25.405225 0.032969291
58833.570095 25.318159 0.029976821
58833.57065 25.348266 0.031985331
58833.57121 25.422179 0.033969791
58833.571768 25.399344 0.035960549
58833.572322 25.430561 0.03397426
58833.572898 25.444522 0.045952514
58833.573468 25.398771 0.043898079
58833.574037 25.371433 0.046900488
58833.574593 25.429669 0.045919273
0.0 0.0 0.0
58833.575726 25.260274 0.042846075
58833.576286 25.210143 0.038884996
58833.576839 25.338311 0.041882917
58833.577403 25.426995 0.044928455
58833.577964 25.429519 0.044931783
58833.578544 25.383247 0.041945303
58833.579114 25.452853 0.043902756
58833.579688 25.469445 0.050909195
58833.580238 25.407017 0.046883856
58833.58081 25.505798 0.05586777
58833.581375 25.379753 0.050837629
58833.581944 25.337786 0.041925055
58833.582509 25.403307 0.040948895
58833.58308 25.302239 0.042903933
58833.583647 25.347919 0.049826742
58833.584215 25.010345 0.039801038
58833.584762 25.149395 0.035874671
58833.585316 25.216984 0.041838062
58833.585886 25.391105 0.038935104
58833.586442 25.411204 0.044897975
58833.587001 25.487054 0.051835734
58833.587566 25.248505 0.056822346
58833.58814 25.436972 0.066801645
58833.588711 25.361203 0.031981941
58833.589285 25.259488 0.033928563
58833.589857 25.889792 0.073692156
0.0 0.0 0.0
58833.590994 25.225846 0.056806399
0.0 0.0 0.0
0.0 0.0 0.0
0.0 0.0 0.0
58833.593224 25.594883 0.090641158
0.0 0.0 0.0
0.0 0.0 0.0
0.0 0.0 0.0
58833.595528 25.286706 0.061740717
58833.596082 25.32426 0.064852408
58833.596665 25.481425 0.07185652
0.0 0.0 0.0
58833.597797 25.435798 0.052894079
58833.59838 25.469062 0.050912513
58833.598947 25.45374 0.049929963
58833.599512 25.410077 0.048906902
58833.60009 25.37435 0.049934132
58833.600655 25.514945 0.047942816
58833.601221 25.471432 0.052942495
58833.601788 25.480525 0.056906029
58833.602358 25.465081 0.051923157
58833.602926 25.411828 0.058922595
58833.60349 25.43419 0.06579342
58833.604047 25.379873 0.046927092
58833.604615 25.500801 0.063879355
58833.605171 25.451245 0.071859355
58833.605736 25.536308 0.065878156
58833.606292 25.43702 0.062865287
58833.606846 25.628068 0.071851395
58833.607409 25.418683 0.055867782
58833.607972 25.465964 0.066831861
58833.608554 25.439984 0.064840058
58833.609122 25.489663 0.065866255
58833.609691 25.372217 0.056852505
58833.61027 25.3892 0.05988511
58833.610843 25.328919 0.0468824
0.0 0.0 0.0
58833.611993 25.33069 0.047854937
58833.612577 25.179579 0.037843427
58833.613137 25.465159 0.052815508
58833.613696 25.278435 0.043760564
58833.614278 25.246595 0.04384318
58833.614853 25.204338 0.040810471
0.0 0.0 0.0
0.0 0.0 0.0
58833.616534 25.354843 0.047809262
58833.617093 25.47014 0.063872029
58833.617655 25.491713 0.048908779
58833.618216 25.527182 0.063900849
58833.618781 25.404567 0.050944463
58833.619336 25.398893 0.05091679
58833.619908 25.430203 0.059904076
58833.620489 25.449049 0.054916159
58833.621073 25.434546 0.04791266
58833.621643 25.439521 0.055834327
58833.622212 25.419165 0.050909855
58833.622786 25.32237 0.058799819
58833.623339 25.376404 0.05288962
58833.623898 25.456848 0.059904264
58833.624467 25.388956 0.051923663
58833.625042 25.521078 0.058908589
58833.625625 25.419607 0.049942075
58833.626195 25.411583 0.046939138
58833.626758 25.463493 0.0559205
58833.627345 25.433432 0.047949663
58833.627901 25.528015 0.048964036
58833.628481 25.42522 0.044947594
58833.629058 25.450718 0.053959187
58833.629625 25.471273 0.044952877
58833.630194 25.453416 0.046954993
58833.630754 25.31789 0.041961045
58833.631339 25.273832 0.048918301
58833.631919 25.276453 0.053827471
58833.632476 25.230099 0.056826899
58833.633035 25.289951 0.045821652
0.0 0.0 0.0
58833.634176 25.485704 0.079924961
58833.63477 25.517684 0.073849491
58833.63533 25.427027 0.050958381
58833.635896 25.334746 0.052925646
58833.636454 25.363301 0.04694441
58833.637031 25.405272 0.053877277
58833.637603 25.479472 0.059905137
58833.638178 25.491045 0.059886317
58833.638751 25.463002 0.051949795
58833.639317 25.417257 0.052951722
58833.639885 25.358047 0.039966778
58833.640451 25.411615 0.042976495
58833.641017 25.370821 0.04096379
58833.641587 25.321684 0.042962278
58833.642165 25.416383 0.045960421
58833.642733 25.440377 0.050954554
58833.643298 25.459395 0.054949773
58833.643881 25.42579 0.045956627
58833.644463 25.423396 0.04696269
58833.645038 25.398928 0.042958851
58833.645621 25.418406 0.046934961
58833.646196 25.448227 0.054931878
58833.646775 25.336448 0.042968491
58833.647352 25.486293 0.050967711
58833.647947 25.357551 0.047948534
58833.648518 25.443432 0.046973902
58833.649091 25.450707 0.048935477
58833.649661 25.433795 0.043971759
58833.650234 25.39629 0.047972318
58833.650812 25.465284 0.048963144
58833.651385 25.393941 0.047930393
58833.651942 25.387746 0.050955228
58833.652501 25.355268 0.04796626
58833.653051 25.41006 0.044944589
58833.653627 25.383177 0.045971353
58833.654196 25.379531 0.049953008
58833.654761 25.411963 0.043959862
58833.655332 25.408715 0.050958103
58833.655903 25.389565 0.047964414
58833.656459 25.401286 0.04897541
58833.657018 25.364185 0.047970636
58833.657575 25.422008 0.047972782
58833.658134 25.434085 0.045966901
58833.658729 25.456339 0.048960331
58833.659291 25.423749 0.046972317
58833.659866 25.38061 0.046973188
58833.660428 25.400882 0.05196896
58833.660996 25.440106 0.050960374
58833.661568 25.365145 0.047961438
58833.662129 25.381876 0.050958105
58833.662686 25.537208 0.068937402
58833.663254 25.345724 0.040973154
58833.663845 25.450318 0.060943159
58833.664399 25.485847 0.05095479
58833.664959 25.436707 0.055970947
58833.66553 25.373962 0.046976193
58833.666087 25.335197 0.045981307
58833.666661 25.372486 0.042978078
58833.66724 25.429945 0.042981568
58833.667808 25.408685 0.050976964
58833.668374 25.394108 0.047982183
58833.66894 25.363622 0.049976646
58833.669515 25.372223 0.052974365
58833.670105 25.457569 0.060962152
58833.670664 25.407318 0.054953837
58833.671231 25.498595 0.063960184
58833.671792 25.412074 0.052959278
58833.672357 25.40438 0.060951298
58833.672921 25.363235 0.052951806
58833.6735 25.402619 0.049976416
58833.674063 25.408716 0.04997497
58833.674632 25.540002 0.060951981
58833.675223 25.450175 0.075896157
58833.67579 25.384375 0.063944377
58833.67635 25.422587 0.064931746
58833.676916 25.353265 0.06495431
58833.677484 25.333885 0.068950543
58833.678056 25.489143 0.07293982
58833.678616 25.655396 0.10883672
58833.679182 25.5091 0.089852046
0.0 0.0 0.0
0.0 0.0 0.0
58833.680894 25.514118 0.099847433
58833.681455 25.28164 0.081658778
58833.68202 25.5796 0.11274566
0.0 0.0 0.0
58833.683157 25.686169 0.10786177
58833.683728 25.470458 0.085854934
58833.68429 25.610252 0.10873612
58833.684864 25.395506 0.076912004
58833.685427 25.483353 0.084914886
0.0 0.0 0.0
58833.68663 25.383247 0.068945303
58833.687197 25.298061 0.058945274
58833.687766 25.382449 0.075915702
58833.688335 25.346375 0.060949317
58833.6889 25.456494 0.070958551
58833.689473 25.435437 0.071936691
58833.690035 25.507567 0.073927822
58833.690606 25.648374 0.091935473
58833.691182 25.459059 0.063924162
58833.691769 25.48905 0.070918149
58833.692334 25.407958 0.074869548
58833.692912 25.507253 0.081910507
58833.693482 25.431495 0.065929118
58833.694055 25.463006 0.070947232
58833.694629 25.547799 0.080930092
58833.695214 25.525061 0.081944704
58833.695788 25.549881 0.076937388
58833.696709 25.495468 0.085939334
58833.697282 25.544038 0.097855941
58833.697854 25.430097 0.075926643
58833.698426 25.519003 0.082939298
58833.698997 25.387886 0.084946914
58833.699574 25.4745 0.074947405
58833.700162 25.391436 0.062964582
58833.700738 25.333895 0.072939623
58833.701314 25.400881 0.072959373
58833.701879 25.445223 0.093941822
58833.702433 25.289995 0.063969874
58833.702997 25.320473 0.052974487
58833.703569 25.409513 0.058961066
58833.704138 25.27297 0.056971042
58833.704693 25.380182 0.066971481
58833.705269 25.368066 0.060955522
58833.705842 25.515052 0.077961242
58833.706416 25.503727 0.078946849
58833.706995 25.319348 0.055968933
58833.70756 25.378896 0.064964776
58833.708139 25.388615 0.059968816
58833.708701 25.393068 0.065966317
58833.709269 25.523446 0.069953702
58833.709837 25.450572 0.064960045
58833.710398 25.369909 0.065953446
58833.710961 25.538344 0.078942613
58833.711531 25.368068 0.064949774
58833.712096 25.549525 0.085950233
58833.712678 25.416351 0.063942243
58833.713245 25.461641 0.065952961
58833.713811 25.43742 0.062953213
58833.71438 25.430055 0.058965481
58833.714942 25.404872 0.054968066
58833.715515 25.359099 0.058951521
58833.716099 25.41502 0.058970727
58833.716662 25.302984 0.053971985
58833.717217 25.512772 0.06393347
58833.717786 25.409746 0.061952578
58833.718352 25.434537 0.063959728
58833.718933 25.381998 0.067953189
58833.719515 25.550917 0.076954224
58833.720081 25.627292 0.086921695
58833.720652 25.457462 0.069940315
58833.721229 25.370618 0.061957146
58833.721798 25.488531 0.073935665
58833.722365 25.3929 0.060963794
58833.722938 25.372232 0.055968215
58833.723517 25.409853 0.060964181
58833.724095 25.466759 0.054968112
58833.724659 25.483104 0.062949734
58833.725228 25.448098 0.055965478
58833.725794 25.465679 0.063947125
58833.726369 25.556347 0.088895251
58833.726949 25.662205 0.096852456
58833.727521 25.481825 0.074915086
58833.728085 25.482054 0.066931848
58833.728659 25.353605 0.060939524
58833.729226 25.405222 0.058946151
58833.729803 25.383759 0.060955555
58833.730359 25.362033 0.059945663
58833.730924 25.387282 0.054968059
58833.731502 25.377943 0.068951875
58833.732059 25.537314 0.0878895
58833.732632 25.467624 0.076904318
58833.733194 25.559216 0.078914295
58833.733759 25.517176 0.085812406
58833.734321 25.560664 0.09490591
58833.734879 25.472011 0.10387987
58833.735444 25.553233 0.098848367
58833.736003 25.370718 0.096851946
58833.736571 25.657127 0.14085927
0.0 0.0 0.0
58833.737691 25.450515 0.087919349
58833.738267 25.492026 0.096751847
58833.738823 25.490735 0.084865262
58833.739382 25.515107 0.10186679
58833.739948 25.310952 0.08384701
58833.740522 25.322088 0.083818863
0.0 0.0 0.0
58833.741647 25.482998 0.082893011
58833.742215 25.426481 0.078910897
58833.742788 25.530814 0.089847162
58833.743365 25.477259 0.086904394
58833.743953 25.561224 0.099875194
58833.744526 25.40313 0.082861185
58833.745093 25.511777 0.067931678
58833.745664 25.4454 0.078935412
58833.746226 25.522261 0.078931177
58833.746789 25.486422 0.066947842
58833.747358 25.392929 0.064956238
58833.747921 25.344852 0.060954584
58833.748478 25.378473 0.051950108
58833.749035 25.37871 0.06095878
58833.749599 25.335785 0.050961033
58833.750168 25.4833 0.075893122
58833.750733 25.553996 0.078906435
58833.751298 25.410766 0.076876754
58833.751854 25.39667 0.090780056
58833.752416 25.475337 0.086896768
58833.752988 25.409024 0.070907983
58833.753539 25.538665 0.077916618
58833.7541 25.468353 0.070948205
58833.754655 25.425207 0.061947564
58833.75523 25.443414 0.063960918
58833.755803 25.421837 0.07695202
58833.756377 25.485152 0.069957811
58833.756948 25.386861 0.059953281
58833.757519 25.430868 0.07295911
58833.758074 25.358715 0.060961529
58833.758639 25.52316 0.085932529
58833.759204 25.577331 0.11091063
58833.759765 25.440794 0.07495491
58833.760341 25.431435 0.078959446
58833.760921 25.351431 0.071955913
58833.761489 25.497757 0.098908538
58833.76205 25.424251 0.074956574
58833.762618 25.434879 0.074934059
58833.763196 25.495568 0.073969406
58833.763771 25.400991 0.06997042
58833.764345 25.427417 0.071964308
58833.764904 25.556421 0.083964551
58833.765469 25.374943 0.070967896
58833.766035 25.334581 0.067964944
58833.766604 25.394961 0.076961312
58833.767179 25.529137 0.083966813
58833.767754 25.3746 0.076972627
58833.768337 25.454484 0.067949753
58833.768906 25.439908 0.064964585
58833.769468 25.391123 0.081953531
58833.770037 25.417469 0.062962088
58833.770609 25.454203 0.080964082
58833.771176 25.497228 0.097919324
58833.77175 25.383102 0.084938132
58833.772312 25.461739 0.10092727
58833.772873 25.817345 0.15188006
58833.773436 25.679035 0.14785566
58833.774013 25.606954 0.1497784
58833.774581 25.582785 0.12285505
58833.775149 25.58462 0.12190585
58833.775718 25.498117 0.11489605
58833.776274 25.387862 0.089893011
58833.776849 25.448301 0.10093842
58833.777425 25.516118 0.11193892
58833.777996 25.817008 0.13890701
58833.778564 25.349262 0.082940297
58833.779126 25.585923 0.11392223
58833.779701 25.554958 0.10989773
58833.780275 25.495023 0.09490602
58833.780836 25.476166 0.10785217
58833.781394 25.521058 0.12189166
58833.781959 25.44912 0.097915354
58833.78252 25.445729 0.089926887
58833.783078 25.419772 0.096905075
58833.783656 25.427248 0.090933541
58833.784224 25.410372 0.094953028
58833.784791 25.428518 0.085942325
58833.785359 25.520752 0.081953744
58833.785923 25.338362 0.06495777
58833.786499 25.389597 0.072959095
58833.787075 25.45119 0.077945758
58833.787657 25.505777 0.084957742
58833.788243 25.322105 0.077950248
58833.788815 25.403073 0.074944196
58833.789431 25.442293 0.065964141
58833.789993 25.427852 0.070958011
58833.790558 25.432132 0.071976752
58833.791114 25.340424 0.065961642
58833.791692 25.512372 0.06897378
58833.792254 25.435017 0.066964053
58833.792819 25.396686 0.062968033
58833.793386 25.587341 0.071960002
58833.793945 25.499899 0.072965308
58833.794517 25.482327 0.068960493
58833.79508 25.430725 0.063960838
58833.795646 25.431478 0.056973535
58833.796225 25.448909 0.054971614
58833.79679 25.456789 0.05797484
58833.797352 25.400803 0.055976512
58833.797908 25.45609 0.061971637
58833.798484 25.435912 0.056973228
58833.799061 25.435599 0.056976678
58833.799624 25.530527 0.067954935
58833.800185 25.37349 0.056975707
58833.800756 25.357142 0.051967767
58833.801313 25.446915 0.063952276
58833.801876 25.336604 0.05496517
58833.802443 25.333059 0.05296449
58833.803031 25.4628 0.058975469
58833.803608 25.534697 0.065969019
58833.804175 25.342097 0.058975208
58833.804741 25.364758 0.05697885
58833.805316 25.462571 0.056977739
58833.805876 25.369424 0.058966058
58833.806445 25.441155 0.071977301
58833.807016 25.434446 0.064973822
58833.807582 25.43666 0.073960833
58833.80816 25.349697 0.068967379
58833.808724 25.37684 0.06197729
58833.809281 25.394332 0.057967723
58833.809857 25.393636 0.0629742
58833.810432 25.262111 0.05897588
58833.811002 25.431276 0.070972153
58833.81157 25.46578 0.060974503
58833.812141 25.421975 0.05897585
58833.81271 25.304688 0.055977554
58833.813283 25.413998 0.061971843
58833.81385 25.50719 0.063973352
58833.814425 25.407745 0.054975892
58833.81499 25.397343 0.05797852
58833.815567 25.462536 0.062971795
58833.816133 25.48439 0.058975902
58833.816698 25.478067 0.066970579
58833.817289 25.527474 0.066951864
58833.817864 25.520977 0.078966377
58833.818429 25.357801 0.063967399
58833.819011 25.510985 0.072961953
58833.819573 25.323031 0.068961194
58833.820146 25.39838 0.061958141
58833.82073 25.391441 0.057965727
58833.821295 25.435159 0.061959522
58833.821869 25.452676 0.084970197
58833.822431 25.437163 0.072968143
58833.822986 25.443509 0.075972193
58833.823546 25.40824 0.076964343
58833.824122 25.368066 0.070960274
58833.82469 25.277703 0.074948883
58833.82527 25.402159 0.080969949
58833.825842 25.318876 0.060968658
58833.826414 25.457842 0.084955901
58833.826987 25.269421 0.06096522
58833.827559 25.538188 0.07896003
58833.828123 25.378856 0.075967811
58833.828694 25.360768 0.058949885
58833.829263 25.391709 0.061961395
58833.829826 25.437525 0.068959767
58833.830398 25.353182 0.058941118
58833.830961 25.41462 0.066947577
58833.831526 25.375279 0.058967291
58833.832097 25.455089 0.062960113
58833.83267 25.551577 0.070951667
58833.833228 25.358573 0.062964567
58833.833798 25.468272 0.066961681
58833.834371 25.473602 0.078941485
58833.834936 25.478919 0.062961829
58833.83551 25.442011 0.065956526
58833.836083 25.428741 0.064967896
58833.836648 25.384311 0.067941763
58833.837231 25.50714 0.07496145
58833.837806 25.38304 0.074929724
58833.83839 25.514058 0.079946982
58833.838952 25.386781 0.078926696
58833.839512 25.326326 0.069959009
58833.840078 25.404288 0.085959377
58833.840638 25.363843 0.067952873
58833.841214 25.405116 0.069964292
58833.841784 25.447422 0.072969225
58833.842354 25.458064 0.0729666
0.0 0.0 0.0
58833.8435 25.417043 0.069959466
58833.844068 25.405812 0.072968663
58833.84464 25.455823 0.073967858
58833.845192 25.584332 0.084970635
58833.845764 25.42199 0.069977441
58833.846315 25.444522 0.071972585
58833.846882 25.334482 0.063975069
58833.847447 25.409705 0.076974291
58833.848017 25.323829 0.078960629
58833.848583 25.403835 0.079968775
58833.849139 25.348966 0.072965999
58833.849713 25.35158 0.070957254
58833.850286 25.407742 0.083970553
