HJD mag magerr
0.0 0.0 0.0
0.0 0.0 0.0
0.0 0.0 0.0
0.0 0.0 0.0
0.0 0.0 0.0
0.0 0.0 0.0
0.0 0.0 0.0
0.0 0.0 0.0
0.0 0.0 0.0
0.0 0.0 0.0
58833.532068 25.079108 0.05590661
0.0 0.0 0.0
58833.533201 25.210663 0.057931386
58833.533765 25.328383 0.06093638
0.0 0.0 0.0
0.0 0.0 0.0
0.0 0.0 0.0
58833.536022 25.208126 0.058923637
58833.536586 25.266358 0.051940638
58833.537148 25.279252 0.048935355
58833.537706 25.280356 0.054883742
58833.538275 25.14861 0.041927792
58833.538843 25.11818 0.039931953
58833.539403 25.144106 0.03793274
58833.539961 25.211315 0.04094375
58833.540691 25.249745 0.038962265
58833.54127 25.123259 0.037929881
58833.541834 25.151391 0.038945523
58833.542384 25.315006 0.048938371
58833.542946 25.190841 0.038935465
58833.543507 25.503959 0.047951319
58833.544071 25.158739 0.030971373
58833.544644 25.283962 0.033964212
0.0 0.0 0.0
58833.545767 25.206124 0.036952971
58833.54634 25.402443 0.040961608
58833.546924 25.265703 0.038944485
58833.547488 25.095297 0.035939291
58833.548053 25.222412 0.037944044
58833.548633 25.622975 0.051960904
58833.549203 25.263682 0.036958987
0.0 0.0 0.0
58833.550355 25.205411 0.039943078
58833.550911 25.40081 0.040934968
58833.551466 25.152793 0.033943078
58833.552025 25.12048 0.036917896
58833.552609 25.161588 0.042915936
58833.553172 25.621958 0.058941102
58833.553736 25.403925 0.039952085
58833.554298 25.455185 0.041964603
58833.554862 25.295157 0.035964066
58833.55542 25.277631 0.034976653
58833.556007 25.373579 0.039980102
58833.556565 25.381006 0.044977562
58833.557125 25.846076 0.066971866
58833.557676 25.257059 0.041979188
58833.558245 25.260408 0.038963416
58833.558811 25.235491 0.03994696
58833.559373 25.132237 0.038936509
58833.559928 25.359963 0.052861656
0.0 0.0 0.0
58833.561052 25.300311 0.040911902
58833.561629 25.310233 0.053903642
58833.562183 25.232503 0.041943294
58833.562742 25.271149 0.038947769
58833.563315 25.141017 0.03794984
58833.563889 25.030797 0.038840734
58833.564461 25.047277 0.044768726
58833.565019 25.159862 0.027963263
58833.565576 25.186639 0.024988617
58833.566153 25.151409 0.035929568
58833.566722 25.292002 0.037943386
0.0 0.0 0.0
58833.56785 25.291882 0.041906681
58833.568406 26.18975 0.082969486
58833.568961 25.21912 0.028975553
58833.569533 25.233144 0.028981369
58833.570095 25.257323 0.02997306
58833.57065 25.216482 0.028984145
58833.57121 25.168783 0.028974495
58833.571768 25.197466 0.026975911
58833.572322 25.190543 0.029969958
0.0 0.0 0.0
58833.573468 25.124253 0.03586412
58833.574037 25.211161 0.039898995
58833.574593 25.250075 0.039909243
58833.575159 25.110527 0.045729444
58833.575726 25.134156 0.03880926
58833.576286 25.463468 0.052841225
58833.576839 25.340331 0.040874034
58833.577403 25.242476 0.03495287
58833.577964 25.232116 0.034958212
58833.578544 25.781771 0.065933653
58833.579114 25.23674 0.035956797
58833.579688 25.15722 0.036919986
58833.580238 25.15679 0.037909275
58833.58081 25.25325 0.037922219
58833.581375 25.205214 0.039806982
58833.581944 25.240095 0.038910626
58833.582509 25.238521 0.033947331
58833.58308 26.425605 0.12590386
58833.583647 25.195991 0.041872903
0.0 0.0 0.0
58833.584762 25.394412 0.046883492
58833.585316 25.114013 0.037858004
58833.585886 25.201191 0.031924324
58833.586442 25.255513 0.036932728
58833.587001 25.21395 0.038920776
58833.587566 25.263813 0.050865041
58833.58814 25.14233 0.045892404
58833.588711 25.198299 0.030966696
58833.589285 25.216694 0.032941551
58833.589857 25.081737 0.035781527
0.0 0.0 0.0
58833.590994 25.567091 0.06579717
0.0 0.0 0.0
0.0 0.0 0.0
0.0 0.0 0.0
58833.593224 25.43208 0.071814419
0.0 0.0 0.0
0.0 0.0 0.0
0.0 0.0 0.0
58833.595528 25.271224 0.059782766
58833.596082 25.265575 0.052862698
58833.596665 25.345704 0.062860667
58833.597231 25.08838 0.043838893
58833.597797 25.194239 0.043911187
58833.59838 25.30078 0.037949046
58833.598947 25.222714 0.035938974
58833.599512 25.224178 0.038920321
58833.60009 25.655975 0.053937869
58833.600655 25.223684 0.042947261
58833.601221 25.211339 0.03692457
58833.601788 25.228407 0.041946513
58833.602358 25.190453 0.034933822
58833.602926 25.197916 0.045898273
58833.60349 25.164357 0.054815548
58833.604047 25.283782 0.043926359
58833.604615 25.288309 0.04788836
58833.605171 25.160501 0.051833932
58833.605736 25.337664 0.054888946
58833.606292 25.10707 0.047891013
58833.606846 25.114861 0.045867768
58833.607409 25.071398 0.041884917
58833.607972 25.152683 0.045910698
0.0 0.0 0.0
58833.609122 25.270471 0.048900484
58833.609691 25.161722 0.045842341
58833.61027 25.282504 0.043896097
58833.610843 25.149318 0.038893481
58833.611415 25.174823 0.041876008
58833.611993 25.113245 0.040858944
58833.612577 25.050765 0.037855371
58833.613137 25.24027 0.04885303
58833.613696 24.958876 0.035839083
58833.614278 25.185413 0.040876039
58833.614853 25.24918 0.047808531
58833.615407 25.254039 0.043846648
58833.615983 25.191102 0.044873349
58833.616534 25.143609 0.036905202
58833.617093 25.161776 0.047896096
58833.617655 25.234365 0.046926808
58833.618216 25.154158 0.044931628
58833.618781 25.180051 0.037941327
58833.619336 25.182107 0.041929678
58833.619908 25.128643 0.041918593
58833.620489 25.143676 0.039925566
58833.621073 25.206969 0.039935622
58833.621643 25.157754 0.043906486
58833.622212 25.187297 0.041917722
58833.622786 25.09756 0.044882328
58833.623339 25.172186 0.041927675
58833.623898 25.197107 0.044912545
0.0 0.0 0.0
58833.625042 25.123671 0.03692498
58833.625625 25.187512 0.040931929
58833.626195 25.43923 0.045941482
58833.626758 25.146993 0.038896961
58833.627345 25.235094 0.03595794
0.0 0.0 0.0
58833.628481 25.288126 0.037958611
58833.629058 25.266234 0.03995458
58833.629625 25.434466 0.043958159
0.0 0.0 0.0
58833.630754 25.650832 0.051962953
58833.631339 25.261284 0.043902891
58833.631919 25.38974 0.056805163
58833.632476 25.415231 0.061832891
58833.633035 25.185575 0.042884962
0.0 0.0 0.0
58833.634176 25.236541 0.061921904
58833.63477 25.266264 0.047905608
58833.63533 25.137054 0.036949117
58833.635896 25.204396 0.04292108
58833.636454 25.197415 0.03396355
58833.637031 25.25156 0.041892592
58833.637603 25.138952 0.041939777
58833.638178 25.162964 0.037904805
0.0 0.0 0.0
58833.639317 25.253339 0.035956752
58833.639885 25.372243 0.041959819
58833.640451 25.213156 0.032978524
58833.641017 25.212963 0.033975641
0.0 0.0 0.0
58833.642165 25.906389 0.070961127
58833.642733 25.625535 0.048962132
58833.643298 25.190726 0.041957433
0.0 0.0 0.0
0.0 0.0 0.0
58833.645038 25.197646 0.036965396
58833.645621 25.154913 0.038943771
0.0 0.0 0.0
58833.646775 25.194225 0.038962501
58833.647352 25.147081 0.035966712
58833.647947 25.233575 0.043938644
58833.648518 25.195991 0.037979281
58833.649091 25.19776 0.037968004
58833.649661 25.510211 0.048974933
58833.650234 25.208044 0.040975446
58833.650812 25.14917 0.034969887
58833.651385 25.210476 0.040962306
58833.651942 25.186682 0.040962923
58833.652501 25.230075 0.03697385
58833.653051 25.184797 0.037979214
58833.653627 25.253309 0.038974987
58833.654196 25.153232 0.0369599
0.0 0.0 0.0
0.0 0.0 0.0
58833.655903 25.288097 0.040977825
58833.656459 25.237215 0.038978264
58833.657018 25.250974 0.035981684
58833.657575 25.334597 0.039981675
58833.658134 25.179494 0.036974515
58833.658729 25.180839 0.039963725
58833.659291 25.180365 0.038968644
58833.659866 25.227443 0.038980344
58833.660428 25.169716 0.037964385
58833.660996 25.401136 0.044965716
58833.661568 25.211383 0.044964103
58833.662129 25.21132 0.040948342
58833.662686 25.163034 0.049941124
58833.663254 25.139282 0.036977568
58833.663845 25.199097 0.049920796
58833.664399 25.211428 0.040961478
58833.664959 25.160006 0.039977484
58833.66553 25.244909 0.039972735
58833.666087 25.221154 0.0429796
58833.666661 25.211857 0.040980667
58833.66724 25.264531 0.03598483
58833.667808 25.207138 0.041981933
58833.668374 25.158282 0.037979306
58833.66894 25.512607 0.055973022
0.0 0.0 0.0
58833.670105 25.699817 0.070961693
58833.670664 25.160058 0.044961083
58833.671231 25.374626 0.055964413
0.0 0.0 0.0
58833.672357 25.194731 0.045961643
58833.672921 25.208806 0.046958966
58833.6735 25.19279 0.052974053
0.0 0.0 0.0
58833.674632 25.239181 0.048959363
58833.675223 25.251853 0.048908804
58833.67579 25.162046 0.046950139
58833.67635 25.159708 0.049941289
58833.676916 25.176602 0.053959956
58833.677484 25.202078 0.057953831
0.0 0.0 0.0
58833.678616 24.997313 0.056853512
58833.679182 25.308866 0.070870893
0.0 0.0 0.0
0.0 0.0 0.0
58833.680894 24.975127 0.055806395
0.0 0.0 0.0
0.0 0.0 0.0
58833.682591 25.294783 0.077778735
58833.683157 25.399614 0.078878007
58833.683728 25.261361 0.063866679
0.0 0.0 0.0
58833.684864 25.12857 0.05592259
58833.685427 25.11843 0.05391551
58833.686006 25.270672 0.063888687
58833.68663 25.282072 0.06194829
58833.687197 25.039917 0.049963874
58833.687766 25.782865 0.096949913
58833.688335 25.15883 0.052960477
58833.6889 25.880052 0.11094679
0.0 0.0 0.0
58833.690035 25.16434 0.049942802
58833.690606 25.178335 0.050919361
58833.691182 25.110973 0.045952635
58833.691769 25.069629 0.045933632
58833.692334 25.126904 0.055890663
58833.692912 25.138743 0.054918431
0.0 0.0 0.0
58833.694055 25.185574 0.047936912
58833.694629 25.137396 0.053958491
0.0 0.0 0.0
58833.695788 25.179517 0.058945301
58833.696709 25.199645 0.058945345
58833.697282 25.222398 0.071907012
0.0 0.0 0.0
58833.698426 25.214278 0.056945889
58833.698997 25.10282 0.060931868
58833.699574 25.211425 0.050964113
58833.700162 25.245895 0.053968312
58833.700738 25.206507 0.058955919
0.0 0.0 0.0
58833.701879 25.217265 0.077959941
58833.702433 25.26389 0.065973156
58833.702997 25.24444 0.048976414
58833.703569 25.170664 0.053963803
58833.704138 25.191686 0.049979477
58833.704693 25.238688 0.057974132
58833.705269 25.281417 0.051964719
58833.705842 25.174254 0.054952885
58833.706416 25.226428 0.056941756
58833.706995 25.398402 0.056972857
58833.70756 25.256938 0.05695822
58833.708139 25.290491 0.0529611
58833.708701 25.218495 0.05096848
58833.709269 25.225633 0.054968772
58833.709837 25.274789 0.055966029
58833.710398 25.23138 0.052969886
58833.710961 25.209016 0.06193529
58833.711531 25.075672 0.051955513
0.0 0.0 0.0
58833.712678 25.234018 0.055949187
58833.713245 25.172455 0.050958225
58833.713811 25.115722 0.044960888
58833.71438 25.227767 0.047967541
58833.714942 25.171823 0.045962287
58833.715515 25.186451 0.04996012
58833.716099 25.211938 0.047973016
0.0 0.0 0.0
58833.717217 25.143437 0.041972182
58833.717786 25.17414 0.046959742
58833.718352 25.250428 0.053952312
58833.718933 25.267253 0.056957791
58833.719515 25.217934 0.053955291
58833.720081 25.126775 0.049944813
0.0 0.0 0.0
58833.721229 25.225106 0.05194721
58833.721798 25.230663 0.058946196
58833.722365 25.221522 0.04695543
58833.722938 25.115862 0.042972365
58833.723517 25.271107 0.055956143
58833.724095 25.439346 0.048963045
58833.724659 25.202969 0.046958804
58833.725228 25.207046 0.04796042
58833.725794 25.264592 0.057958957
58833.726369 25.182539 0.051940236
58833.726949 25.223816 0.05692264
58833.727521 25.181465 0.052888676
58833.728085 25.133294 0.052909109
58833.728659 25.227422 0.054943906
58833.729226 25.261184 0.052946201
58833.729803 25.222707 0.049960791
58833.730359 25.682827 0.071948572
58833.730924 25.218376 0.041962663
58833.731502 25.114765 0.044959092
58833.732059 25.122195 0.054894646
58833.732632 25.199078 0.054938371
58833.733194 25.125294 0.050915746
58833.733759 25.180312 0.061872186
58833.734321 25.10038 0.056909838
0.0 0.0 0.0
58833.735444 25.205002 0.06584194
58833.736003 25.047905 0.064860666
0.0 0.0 0.0
58833.737136 24.927331 0.055858647
58833.737691 25.305215 0.071898823
0.0 0.0 0.0
58833.738823 25.404478 0.072875945
58833.739382 25.107661 0.058895008
0.0 0.0 0.0
58833.740522 25.664676 0.10383805
0.0 0.0 0.0
58833.741647 25.288985 0.068898209
58833.742215 25.179462 0.055921
58833.742788 25.327168 0.070836821
58833.743365 25.231601 0.06889464
0.0 0.0 0.0
58833.744526 25.273866 0.063908201
0.0 0.0 0.0
58833.745664 25.303042 0.06392185
58833.746226 25.260645 0.059933638
58833.746789 25.30857 0.051933738
58833.747358 25.138197 0.049951557
58833.747921 25.198401 0.048946152
58833.748478 25.245116 0.047953238
58833.749035 25.253673 0.047952022
58833.749599 25.263103 0.049948983
58833.750168 25.185929 0.058899456
58833.750733 25.090113 0.055908762
58833.751298 25.207276 0.059861502
0.0 0.0 0.0
58833.752416 25.15566 0.056912655
58833.752988 25.276721 0.061917762
58833.753539 25.117555 0.052927657
58833.7541 25.255362 0.050936291
58833.754655 25.286921 0.050951268
58833.75523 25.191602 0.046966734
58833.755803 25.346855 0.061940458
0.0 0.0 0.0
58833.756948 25.243087 0.049966894
58833.757519 25.342533 0.066969548
58833.758074 25.17298 0.055965722
58833.758639 25.18577 0.05992305
58833.759204 25.298133 0.077909038
58833.759765 25.40219 0.075957235
58833.760341 25.721615 0.096957435
58833.760921 25.172986 0.058959327
0.0 0.0 0.0
58833.76205 25.159483 0.058960854
0.0 0.0 0.0
58833.763196 25.251057 0.059956512
0.0 0.0 0.0
58833.764345 25.229603 0.054966764
58833.764904 25.424893 0.070971797
58833.765469 25.178312 0.050979847
0.0 0.0 0.0
58833.766604 25.503671 0.074950911
58833.767179 25.23338 0.058973692
58833.767754 25.295632 0.062972728
58833.768337 25.215404 0.054965679
58833.768906 25.188918 0.056968604
0.0 0.0 0.0
58833.770037 25.241422 0.059962755
58833.770609 25.240825 0.063955893
58833.771176 25.104925 0.060901636
58833.77175 25.209076 0.06992375
58833.772312 25.141939 0.074901119
58833.772873 25.166537 0.079879691
58833.773436 24.888303 0.077847927
58833.774013 25.570867 0.129863
58833.774581 25.214715 0.082907163
58833.775149 25.039998 0.068904417
0.0 0.0 0.0
58833.776274 25.235038 0.08793288
58833.776849 25.131057 0.071946779
0.0 0.0 0.0
0.0 0.0 0.0
58833.778564 25.134326 0.06494232
58833.779126 25.109707 0.062928521
58833.779701 25.222778 0.075925854
58833.780275 25.36685 0.077937698
0.0 0.0 0.0
0.0 0.0 0.0
58833.781959 25.153458 0.061933251
58833.78252 25.269264 0.077944925
58833.783078 25.122785 0.064898772
58833.783656 25.171156 0.06391602
58833.784224 25.314012 0.080945693
58833.784791 25.194306 0.070950507
58833.785359 25.184004 0.066954556
58833.785923 25.213628 0.057964649
58833.786499 25.252831 0.070948663
58833.787075 25.127068 0.061955095
58833.787657 25.326198 0.072954997
58833.788243 25.192721 0.068951142
58833.788815 25.188933 0.055962692
58833.789431 25.285514 0.058968799
58833.789993 25.256417 0.066959636
58833.790558 25.221982 0.056973561
58833.791114 25.294164 0.059952294
58833.791692 25.176897 0.050970128
58833.792254 25.269581 0.05595202
58833.792819 25.186833 0.054964286
58833.793386 25.305455 0.052954171
58833.793945 25.472093 0.065960294
58833.794517 25.168386 0.047965522
58833.79508 25.173886 0.046965362
58833.795646 25.171754 0.041969481
58833.796225 25.174031 0.041964977
58833.79679 25.269476 0.049977359
58833.797352 25.159531 0.03898273
58833.797908 25.164146 0.044976593
0.0 0.0 0.0
58833.799061 25.241372 0.046974
58833.799624 25.151874 0.045971316
58833.800185 25.240612 0.049975427
58833.800756 25.155068 0.046961067
58833.801313 25.160553 0.042968704
58833.801876 25.167271 0.045970206
58833.802443 25.156146 0.048955078
58833.803031 25.169664 0.04397907
58833.803608 25.166334 0.046971428
58833.804175 25.206387 0.045979102
58833.804741 25.140795 0.042978469
58833.805316 25.228149 0.046977308
58833.805876 25.177965 0.053970227
0.0 0.0 0.0
58833.807016 25.237953 0.049976449
58833.807582 25.103892 0.051961798
58833.80816 25.214959 0.056975462
58833.808724 25.12794 0.045977732
58833.809281 25.257144 0.049972422
58833.809857 25.276317 0.04997721
58833.810432 25.207755 0.051970234
58833.811002 25.200498 0.054974809
0.0 0.0 0.0
58833.812141 25.209664 0.051978932
58833.81271 25.194707 0.044981221
58833.813283 25.343615 0.044982868
58833.81385 25.273507 0.046981993
58833.814425 25.214265 0.047981198
58833.81499 25.144429 0.042982194
58833.815567 25.148158 0.047978507
58833.816133 25.165119 0.048977259
58833.816698 25.102732 0.059956617
58833.817289 25.13223 0.04896956
58833.817864 25.317363 0.058963366
58833.818429 25.246026 0.053965429
58833.819011 25.292136 0.054965535
58833.819573 25.261566 0.059973699
58833.820146 25.212471 0.054960674
58833.82073 25.149103 0.044969529
58833.821295 25.291151 0.059968441
58833.821869 25.167015 0.057968138
58833.822431 25.25611 0.05997474
0.0 0.0 0.0
58833.823546 25.194628 0.070959526
58833.824122 25.274359 0.064957701
58833.82469 25.138948 0.063973107
58833.82527 25.223687 0.069974938
0.0 0.0 0.0
58833.826414 25.077518 0.059957028
58833.826987 25.216379 0.061959162
58833.827559 25.15579 0.050965446
58833.828123 25.205659 0.062971076
58833.828694 25.140104 0.054956366
0.0 0.0 0.0
58833.829826 25.21532 0.050954544
58833.830398 25.148839 0.049964892
58833.830961 25.235293 0.050966462
58833.831526 25.210866 0.051956407
58833.832097 25.290163 0.050971972
58833.83267 25.16202 0.043966998
58833.833228 25.175546 0.051966547
58833.833798 25.199882 0.047973354
58833.834371 25.424165 0.06495268
58833.834936 25.304483 0.048972889
58833.83551 25.079528 0.042970879
58833.836083 25.205627 0.044969077
58833.836648 25.224627 0.048970637
58833.837231 25.248963 0.055969858
58833.837806 25.157311 0.059935038
58833.83839 25.157443 0.054950989
58833.838952 25.170589 0.058934295
58833.839512 25.154446 0.052963384
58833.840078 25.182227 0.066953504
58833.840638 25.163864 0.054967437
58833.841214 25.173631 0.05496572
58833.841784 25.254092 0.051973982
58833.842354 25.245781 0.062969777
58833.842932 25.025663 0.047967604
0.0 0.0 0.0
0.0 0.0 0.0
58833.84464 25.151457 0.050970319
58833.845192 25.189928 0.054975482
58833.845764 25.284165 0.058977247
58833.846315 25.183884 0.052977811
58833.846882 25.193146 0.050980844
0.0 0.0 0.0
0.0 0.0 0.0
58833.848583 25.04453 0.062970268
58833.849139 25.207923 0.071973009
0.0 0.0 0.0
58833.850286 25.216412 0.067976521
