HJD mag magerr
58833.526351 25.359489 0.17676868
0.0 0.0 0.0
0.0 0.0 0.0
58833.528073 25.279472 0.1486973
58833.52864 25.59527 0.13282263
58833.529223 25.849739 0.22843411
0.0 0.0 0.0
58833.530369 25.779505 0.14670182
58833.530936 25.657492 0.11882772
58833.531508 25.59232 0.090874237
58833.532068 25.668001 0.086897567
58833.532639 25.64311 0.093814712
58833.533201 25.836561 0.10190698
58833.533765 25.541687 0.072927472
58833.534319 25.808526 0.11374801
58833.534878 25.625777 0.095738548
0.0 0.0 0.0
58833.536022 25.7267 0.078922961
58833.536586 25.612785 0.063932417
58833.537148 25.739221 0.063938343
58833.537706 25.715967 0.073866476
58833.538275 25.652119 0.057918276
58833.538843 25.693763 0.055938827
58833.539403 25.727663 0.058913718
58833.539961 25.705071 0.052885908
58833.540691 25.647915 0.056944962
58833.54127 25.620729 0.050939296
58833.541834 25.636952 0.048952205
58833.542384 25.685636 0.054953309
58833.542946 25.637018 0.050924725
58833.543507 25.685296 0.045960504
58833.544071 25.596947 0.041965135
58833.544644 25.600373 0.045940665
58833.545206 25.746018 0.049937201
58833.545767 25.740406 0.044961494
58833.54634 25.678886 0.042966893
58833.546924 25.667714 0.046937516
58833.547488 25.725653 0.050911879
58833.548053 25.716816 0.049925444
58833.548633 25.611527 0.040959757
58833.549203 25.650299 0.0449552
58833.549779 25.695263 0.045962147
58833.550355 25.632957 0.048955851
58833.550911 25.633122 0.043948975
58833.551466 25.69565 0.047929347
58833.552025 25.702451 0.05192056
58833.552609 25.627989 0.059910969
58833.553172 25.650259 0.053928576
58833.553736 25.698393 0.048927334
58833.554298 25.715329 0.048966144
58833.554862 25.658813 0.045967899
58833.55542 25.687912 0.05096796
58833.556007 25.62337 0.045980098
58833.556565 25.72988 0.058976343
58833.557125 25.703251 0.050967875
58833.557676 25.675954 0.051974264
58833.558245 25.617038 0.047955183
58833.558811 25.57455 0.046956411
58833.559373 25.635803 0.05190527
58833.559928 25.724602 0.06382798
58833.560497 25.727512 0.077709864
58833.561052 25.669115 0.056902389
58833.561629 25.574838 0.053851085
58833.562183 25.798727 0.060913147
58833.562742 25.659142 0.04793702
58833.563315 25.680334 0.054949766
58833.563889 25.67591 0.06084821
58833.564461 25.718725 0.067732071
58833.565019 25.739976 0.044936136
58833.565576 25.631341 0.03198344
58833.566153 25.62561 0.054900338
58833.566722 25.710842 0.047915859
58833.56729 25.688545 0.049942446
58833.56785 25.610596 0.042914893
58833.568406 25.670642 0.038966477
58833.568961 25.637348 0.033970932
58833.569533 25.589225 0.033969142
58833.570095 25.674159 0.037975657
58833.57065 25.636266 0.036984809
58833.57121 25.636179 0.033969791
58833.571768 25.659344 0.038960119
58833.572322 25.624561 0.035973972
58833.572898 25.593522 0.037953842
58833.573468 25.666771 0.05089662
58833.574037 25.661433 0.053898895
58833.574593 25.694669 0.045919273
0.0 0.0 0.0
58833.575726 25.808274 0.059840062
58833.576286 25.759143 0.056875634
58833.576839 25.621311 0.04488203
58833.577403 25.592995 0.045928295
58833.577964 25.644519 0.042932113
58833.578544 25.661247 0.044944772
58833.579114 25.663853 0.045902447
58833.579688 25.669445 0.048909516
58833.580238 25.724017 0.054882252
58833.58081 25.664798 0.050868774
58833.581375 25.607753 0.048838212
58833.581944 25.688786 0.044924326
58833.582509 25.584307 0.037949518
58833.58308 25.679239 0.052901999
58833.583647 25.741919 0.058824418
58833.584215 25.911345 0.073784268
58833.584762 25.782395 0.056861374
58833.585316 25.681984 0.058828507
58833.585886 25.709105 0.042934127
58833.586442 25.681204 0.048897126
58833.587001 25.684054 0.047836552
58833.587566 25.669505 0.072818642
58833.58814 25.645972 0.065801829
58833.588711 25.619203 0.033981393
58833.589285 25.717488 0.045918514
58833.589857 25.908792 0.06669446
58833.590423 25.722907 0.067667435
58833.590994 25.659846 0.071802548
58833.591559 25.71754 0.096725204
58833.592112 25.87647 0.10468799
58833.592665 25.668567 0.086704506
0.0 0.0 0.0
58833.593796 25.730478 0.11377569
58833.594369 25.756078 0.12343911
58833.59492 25.687824 0.10466579
58833.595528 25.724706 0.084733329
58833.596082 25.65126 0.064852408
58833.596665 25.715425 0.07185652
58833.597231 25.638439 0.059838332
58833.597797 25.651798 0.053893919
58833.59838 25.649062 0.049912664
58833.598947 25.69974 0.047930223
58833.599512 25.647077 0.056905736
58833.60009 25.75735 0.052933707
58833.600655 25.681945 0.055942071
58833.601221 25.620432 0.048942997
58833.601788 25.717525 0.056906029
58833.602358 25.569081 0.047923701
58833.602926 25.688828 0.058922595
58833.60349 25.59019 0.070792522
58833.604047 25.620873 0.051926426
58833.604615 25.624801 0.060879736
58833.605171 25.784245 0.076858703
58833.605736 25.588308 0.06387839
58833.606292 25.72802 0.068864531
58833.606846 25.718068 0.065852147
58833.607409 25.688683 0.067866044
58833.607972 25.698964 0.069831426
58833.608554 25.660984 0.07283897
58833.609122 25.645663 0.064866382
58833.609691 25.623217 0.061851625
58833.61027 25.5982 0.052886182
58833.610843 25.667919 0.051881317
58833.611415 25.751683 0.055780381
58833.611993 25.62169 0.049854389
58833.612577 25.638579 0.052837784
58833.613137 25.642159 0.058813513
58833.613696 25.754435 0.063752804
58833.614278 25.779595 0.058839067
58833.614853 25.724338 0.062802994
58833.615407 25.773421 0.06276138
58833.615983 25.670278 0.054858292
58833.616534 25.760843 0.057806201
58833.617093 25.71914 0.069871335
58833.617655 25.595713 0.051908303
58833.618216 25.611182 0.051902345
58833.618781 25.576567 0.05694382
58833.619336 25.584893 0.051916652
58833.619908 25.664203 0.067903308
58833.620489 25.644049 0.049916819
58833.621073 25.660546 0.053911765
58833.621643 25.612521 0.060833617
58833.622212 25.634165 0.051909706
58833.622786 25.67637 0.071798069
58833.623339 25.640404 0.057888849
58833.623898 25.597848 0.056904615
58833.624467 25.712956 0.055923212
58833.625042 25.674078 0.054909064
58833.625625 25.608607 0.044942824
58833.626195 25.700583 0.050938684
58833.626758 25.664493 0.05492061
58833.627345 25.668432 0.047949663
58833.627901 25.632015 0.043964524
58833.628481 25.61622 0.048947162
58833.629058 25.710718 0.045959934
58833.629625 25.639273 0.050952322
58833.630194 25.685416 0.045955087
58833.630754 25.68089 0.046960447
58833.631339 25.635832 0.05691697
58833.631919 25.729453 0.073823845
58833.632476 25.686099 0.069824545
58833.633035 25.730951 0.06681627
58833.633609 25.559744 0.057895257
58833.634176 25.659704 0.082924792
58833.63477 25.759684 0.069849807
58833.63533 25.646027 0.054958048
58833.635896 25.613746 0.051925763
58833.636454 25.738301 0.050943996
58833.637031 25.635272 0.054877154
58833.637603 25.702472 0.060905064
58833.638178 25.613045 0.056886604
58833.638751 25.646002 0.048950054
58833.639317 25.626257 0.049951959
58833.639885 25.684047 0.048965846
58833.640451 25.658615 0.04397642
58833.641017 25.711821 0.049963052
58833.641587 25.663684 0.051961378
58833.642165 25.617383 0.049960019
58833.642733 25.655377 0.049954632
58833.643298 25.674395 0.058949513
58833.643881 25.62479 0.049956288
58833.644463 25.616396 0.048962545
58833.645038 25.701928 0.050958166
58833.645621 25.675406 0.053934416
58833.646196 25.665227 0.051932088
58833.646775 25.616448 0.04996788
58833.647352 25.665293 0.054967453
58833.647947 25.737551 0.063947382
58833.648518 25.639432 0.048973771
58833.649091 25.707707 0.051935247
58833.649661 25.648795 0.051971178
58833.650234 25.58829 0.043972626
58833.650812 25.619284 0.048963144
58833.651385 25.676941 0.060929477
58833.651942 25.621746 0.057954775
58833.652501 25.632268 0.052965881
58833.653051 25.65906 0.049944207
58833.653627 25.648177 0.051970936
58833.654196 25.687531 0.05795245
58833.654761 25.693963 0.053959102
58833.655332 25.660715 0.052957968
58833.655903 25.641565 0.056963905
58833.656459 25.586286 0.050975298
58833.657018 25.642185 0.049970527
58833.657575 25.647008 0.051972532
58833.658134 25.672085 0.049966565
58833.658729 25.639339 0.054959946
58833.659291 25.628749 0.047972245
58833.659866 25.70761 0.056972618
58833.660428 25.601882 0.050969026
58833.660996 25.717106 0.056960023
58833.661568 25.706145 0.055960785
58833.662129 25.602876 0.050958105
58833.662686 25.648208 0.070937301
58833.663254 25.584724 0.049972443
58833.663845 25.666318 0.071942587
58833.664399 25.613847 0.058954276
58833.664959 25.570707 0.056970897
58833.66553 25.648962 0.048976073
58833.666087 25.623197 0.054980838
58833.666661 25.655486 0.056977346
58833.66724 25.661945 0.04698135
58833.667808 25.652685 0.064976429
58833.668374 25.631108 0.054981854
58833.66894 25.627622 0.051976544
58833.669515 25.543223 0.050974471
58833.670105 25.536569 0.061962099
58833.670664 25.603318 0.060953492
58833.671231 25.654595 0.073959747
58833.671792 25.635074 0.064958502
58833.672357 25.63038 0.062951195
58833.672921 25.687235 0.071950815
58833.6735 25.647619 0.072975416
58833.674063 25.636716 0.056974625
58833.674632 25.566002 0.06295188
58833.675223 25.643175 0.071896359
58833.67579 25.687375 0.070944036
58833.67635 25.608587 0.070931392
58833.676916 25.826265 0.080953431
58833.677484 25.599885 0.083949894
58833.678056 25.573143 0.070939939
58833.678616 25.563396 0.085838197
58833.679182 25.7071 0.088852094
58833.679761 25.463268 0.080846668
58833.680323 25.7248 0.12155053
58833.680894 25.701118 0.10284727
58833.681455 25.56564 0.10565625
58833.68202 25.7946 0.12574508
58833.682591 25.808717 0.12368495
58833.683157 25.489169 0.081863274
58833.683728 25.701458 0.100854
58833.68429 25.532252 0.09773682
58833.684864 25.660506 0.082911688
58833.685427 25.703353 0.093914529
58833.686006 25.645008 0.086870807
58833.68663 25.704247 0.082944786
58833.687197 25.657061 0.080944268
58833.687766 25.634449 0.088915085
58833.688335 25.555375 0.073948551
58833.6889 25.648494 0.07395843
58833.689473 25.746437 0.087936078
58833.690035 25.604567 0.06992804
58833.690606 25.715374 0.088935588
58833.691182 25.587059 0.068923818
58833.691769 25.62305 0.076917799
58833.692334 25.574958 0.083868828
58833.692912 25.747253 0.097909841
58833.693482 25.682495 0.07992838
58833.694055 25.570006 0.072947128
58833.694629 25.662799 0.078930175
58833.695214 25.710061 0.088944506
0.0 0.0 0.0
58833.696709 25.708468 0.08293946
58833.697282 25.770038 0.1048557
58833.697854 25.576097 0.076926595
58833.698426 25.578003 0.076939514
58833.698997 25.650886 0.094946593
58833.699574 25.7145 0.089946962
58833.700162 25.695436 0.075964083
58833.700738 25.681895 0.082939241
58833.701314 25.599881 0.080959096
58833.701879 25.639223 0.11194146
58833.702433 25.625995 0.095969077
58833.702997 25.617473 0.074973727
58833.703569 25.695513 0.074960501
58833.704138 25.78097 0.072970451
58833.704693 25.704182 0.088970948
58833.705269 25.634066 0.069955145
58833.705842 25.599052 0.07896121
58833.706416 25.641727 0.081946726
58833.706995 25.610348 0.074968186
58833.70756 25.560896 0.070964538
58833.708139 25.666615 0.064968603
58833.708701 25.628068 0.072966065
58833.709269 25.675446 0.070953665
58833.709837 25.698572 0.079959452
58833.710398 25.624909 0.067953364
58833.710961 25.661344 0.08194248
58833.711531 25.613068 0.081948951
58833.712096 25.691525 0.087950168
58833.712678 25.686351 0.072941801
58833.713245 25.657641 0.072952608
58833.713811 25.75942 0.083952485
58833.71438 25.555055 0.063965237
58833.714942 25.545872 0.060967754
58833.715515 25.695099 0.070950959
58833.716099 25.62902 0.064970483
58833.716662 25.607984 0.065971474
58833.717217 25.784772 0.075933028
58833.717786 25.558746 0.065952391
58833.718352 25.823537 0.081959017
58833.718933 25.751998 0.085952458
58833.719515 25.665917 0.074954304
58833.720081 25.630292 0.074922241
58833.720652 25.634462 0.077939975
58833.721229 25.544618 0.060957206
58833.721798 25.766531 0.085935056
58833.722365 25.7019 0.069963393
58833.722938 25.679232 0.062967874
58833.723517 25.579853 0.061964131
58833.724095 25.589759 0.057967947
58833.724659 25.690104 0.06894937
58833.725228 25.694098 0.061965155
58833.725794 25.683679 0.072946595
58833.726369 25.758347 0.088895251
58833.726949 25.574205 0.076853477
58833.727521 25.557825 0.069915402
58833.728085 25.661054 0.074931421
58833.728659 25.542605 0.074938784
58833.729226 25.567222 0.06194597
58833.729803 25.647759 0.06895511
58833.730359 25.723033 0.075944899
58833.730924 25.585282 0.058967843
58833.731502 25.744943 0.071951726
58833.732059 25.567314 0.08089016
58833.732632 25.666624 0.079904139
58833.733194 25.624216 0.079914243
58833.733759 25.750176 0.090812094
58833.734321 25.822664 0.10290563
58833.734879 25.749011 0.10187995
58833.735444 25.631233 0.093848668
58833.736003 25.643718 0.10985129
58833.736571 25.579127 0.10286058
58833.737136 25.673012 0.10084436
58833.737691 25.607515 0.089919249
58833.738267 25.799026 0.12175051
58833.738823 25.559735 0.075865982
58833.739382 25.578107 0.091867314
58833.739948 25.821952 0.1168451
58833.740522 25.700088 0.10281736
58833.741085 25.587569 0.10468963
58833.741647 25.672998 0.080893133
58833.742215 25.539481 0.074911129
58833.742788 25.583814 0.084847539
58833.743365 25.711259 0.10790336
58833.743953 25.770224 0.10387502
58833.744526 25.75513 0.093860681
58833.745093 25.752777 0.082930971
58833.745664 25.5494 0.074935631
58833.746226 25.467261 0.066931783
58833.746789 25.707422 0.070947615
58833.747358 25.675929 0.07795566
58833.747921 25.751852 0.082953559
58833.748478 25.653473 0.064949302
58833.749035 25.58071 0.06495856
58833.749599 25.714785 0.070959857
58833.750168 25.5973 0.068893682
58833.750733 25.763996 0.082906218
58833.751298 25.701766 0.081876378
58833.751854 25.62167 0.094779792
58833.752416 25.719337 0.092896482
58833.752988 25.713024 0.078907472
58833.753539 25.591665 0.071916963
58833.7541 25.722353 0.074948007
58833.754655 25.564207 0.059947679
58833.75523 25.740414 0.075960419
58833.755803 25.637837 0.072952193
58833.756377 25.629152 0.077957496
58833.756948 25.672861 0.077952564
58833.757519 25.717868 0.084958714
58833.758074 25.662715 0.077960812
58833.758639 25.58816 0.081932717
58833.759204 25.690331 0.11191061
58833.759765 25.548794 0.080954687
58833.760341 25.637435 0.082959323
58833.760921 25.561431 0.081955536
58833.761489 25.608757 0.10390833
58833.76205 25.549251 0.082956295
58833.762618 25.621879 0.095933333
58833.763196 25.611568 0.071969477
58833.763771 25.601991 0.0779702
58833.764345 25.590417 0.074964207
58833.764904 25.520421 0.069964972
58833.765469 25.618943 0.075967745
58833.766035 25.628581 0.078964577
58833.766604 25.614961 0.084961077
58833.767179 25.588137 0.07696699
58833.767754 25.5206 0.075972656
58833.768337 25.805484 0.091949012
58833.768906 25.674908 0.085963747
58833.769468 25.584123 0.084953432
58833.770037 25.710469 0.092961097
58833.770609 25.579203 0.090963843
58833.771176 25.710228 0.10891893
58833.77175 25.642102 0.10193754
58833.772312 25.473739 0.098927336
58833.772873 25.616345 0.10788119
58833.773436 25.755035 0.14285578
58833.774013 25.602954 0.13077892
58833.774581 25.569785 0.11085536
58833.775149 25.71662 0.12290582
58833.775718 25.830117 0.12689575
58833.776274 25.685862 0.11589204
58833.776849 25.671301 0.11093816
58833.777425 25.613118 0.10993897
58833.777996 25.843008 0.13590706
58833.778564 25.450262 0.091939952
58833.779126 25.578923 0.10592248
58833.779701 25.633958 0.099898064
58833.780275 25.767023 0.11590537
58833.780836 25.794166 0.12585146
58833.781394 25.638058 0.13689121
58833.781959 25.47112 0.079916301
58833.78252 25.658729 0.11392626
58833.783078 25.519772 0.099904967
58833.783656 25.678248 0.10593304
58833.784224 25.569372 0.097952922
58833.784791 25.727518 0.11194157
58833.785359 25.582752 0.082953703
58833.785923 25.701362 0.084956988
58833.786499 25.659597 0.090958413
58833.787075 25.80219 0.10794481
58833.787657 25.737777 0.11995688
58833.788243 25.577105 0.087949889
58833.788815 25.568073 0.089943726
58833.789431 25.805293 0.097963246
58833.789993 25.741852 0.087957437
58833.790558 25.557132 0.076976598
58833.791114 25.648424 0.08796073
58833.791692 25.659372 0.080973428
58833.792254 25.686017 0.073963792
58833.792819 25.689686 0.074967514
58833.793386 25.561341 0.0579607
58833.793945 25.610899 0.069965436
58833.794517 25.712327 0.072960332
58833.79508 25.749725 0.066960695
58833.795646 25.630478 0.06697308
58833.796225 25.561909 0.052971722
58833.79679 25.649789 0.070974322
58833.797352 25.669803 0.063976165
58833.797908 25.69009 0.067971425
58833.798484 25.576912 0.057973184
58833.799061 25.638599 0.055976727
58833.799624 25.548527 0.053955635
58833.800185 25.65749 0.063975399
58833.800756 25.753142 0.069966899
58833.801313 25.614915 0.065952186
58833.801876 25.735604 0.071964368
58833.802443 25.613059 0.068963646
58833.803031 25.7228 0.083974675
58833.803608 25.642697 0.06996888
58833.804175 25.583097 0.071974716
58833.804741 25.645758 0.062978575
58833.805316 25.685571 0.063977458
58833.805876 25.662424 0.076965352
58833.806445 25.684155 0.066977476
58833.807016 25.636446 0.066973745
58833.807582 25.70766 0.077960697
58833.80816 25.697697 0.079966972
58833.808724 25.73084 0.06897705
58833.809281 25.678332 0.065967362
58833.809857 25.656636 0.066974042
58833.810432 25.617111 0.073975343
58833.811002 25.599276 0.069972188
58833.81157 25.58278 0.082973796
58833.812141 25.640975 0.075975259
58833.81271 25.614688 0.068977057
58833.813283 25.615998 0.069971508
58833.81385 25.59319 0.063973352
58833.814425 25.533745 0.060975604
58833.81499 25.626343 0.061978363
58833.815567 25.604536 0.069971508
58833.816133 25.74039 0.073975366
58833.816698 25.534067 0.06997046
58833.817289 25.571474 0.063951998
58833.817864 25.585977 0.082966251
58833.818429 25.564801 0.068967162
58833.819011 25.694985 0.083961611
58833.819573 25.458031 0.067961236
58833.820146 25.64238 0.07195765
58833.82073 25.669441 0.07496502
58833.821295 25.629159 0.072959008
58833.821869 25.547676 0.080970302
58833.822431 25.514163 0.078967937
0.0 0.0 0.0
58833.823546 25.71024 0.10196365
58833.824122 25.714066 0.097959505
58833.82469 25.550703 0.095948321
58833.82527 25.652159 0.092969606
58833.825842 25.712876 0.11396716
58833.826414 25.671842 0.10695526
58833.826987 25.615421 0.089964052
58833.827559 25.644188 0.084959853
58833.828123 25.788856 0.089967407
58833.828694 25.665768 0.070949304
58833.829263 25.773709 0.0899604
58833.829826 25.673525 0.071959642
58833.830398 25.799182 0.090939729
58833.830961 25.78062 0.076947179
58833.831526 25.772279 0.077966583
58833.832097 25.688089 0.069959782
58833.83267 25.580577 0.064951915
58833.833228 25.812573 0.088963725
58833.833798 25.724272 0.080961176
58833.834371 25.698602 0.085941186
58833.834936 25.663919 0.064961731
58833.83551 25.523011 0.064956579
58833.836083 25.719741 0.076967408
58833.836648 25.736311 0.083941131
58833.837231 25.67114 0.078961319
58833.837806 25.70404 0.087929032
58833.83839 25.565058 0.063948015
58833.838952 25.557781 0.080926581
58833.839512 25.649326 0.087958264
58833.840078 25.672288 0.094959108
58833.840638 25.702843 0.083952362
58833.841214 25.734116 0.089963589
58833.841784 25.684422 0.076969089
58833.842354 25.557064 0.073966562
58833.842932 25.721393 0.089962014
58833.8435 25.463043 0.072959345
58833.844068 25.519812 0.074968592
58833.84464 25.702823 0.076967753
58833.845192 25.739332 0.087970564
58833.845764 25.59499 0.075977253
58833.846315 25.543522 0.077972403
58833.846882 25.815482 0.091974324
58833.847447 25.647705 0.085974038
58833.848017 25.563829 0.081960539
58833.848583 25.658835 0.10496822
58833.849139 25.532966 0.10196519
58833.849713 25.73158 0.10195634
58833.850286 25.578742 0.089970412
