HJD mag magerr
58833.526351 25.566489 0.23776718
0.0 0.0 0.0
58833.527497 25.79523 0.23286075
58833.528073 25.758472 0.23169476
58833.52864 25.41627 0.12282302
58833.529223 25.453739 0.16843632
58833.529794 25.421112 0.16945858
58833.530369 25.407505 0.1107042
58833.530936 25.652492 0.11882772
58833.531508 25.62932 0.095873969
58833.532068 25.469001 0.076898148
58833.532639 25.49611 0.07781577
58833.533201 25.504561 0.073908269
58833.533765 25.588687 0.077927149
58833.534319 25.451526 0.079751549
58833.534878 25.662777 0.089739238
58833.535457 25.542765 0.076813781
58833.536022 25.4937 0.060924439
58833.536586 25.524785 0.058932894
58833.537148 25.576221 0.060938594
58833.537706 25.514967 0.064867471
58833.538275 25.533119 0.054918601
58833.538843 25.533763 0.0489397
58833.539403 25.583663 0.051914553
58833.539961 25.532071 0.049886299
58833.540691 25.528915 0.047945741
58833.54127 25.543729 0.048939574
58833.541834 25.684952 0.052951785
58833.542384 25.539636 0.047954158
58833.542946 25.550018 0.047925134
58833.543507 25.562296 0.046960396
58833.544071 25.569947 0.047964509
58833.544644 25.525373 0.040941401
58833.545206 25.533018 0.045937835
58833.545767 25.570406 0.04396161
58833.54634 25.538886 0.040967124
58833.546924 25.474714 0.042938253
58833.547488 25.524653 0.043913119
58833.548053 25.539816 0.04492641
58833.548633 25.660527 0.047958886
58833.549203 25.592299 0.041955532
58833.549779 25.591263 0.04396237
58833.550355 25.550957 0.052955463
58833.550911 25.578122 0.042949101
58833.551466 25.54865 0.044929793
58833.552025 25.547451 0.050920691
58833.552609 25.472989 0.052912044
58833.553172 25.500259 0.049929172
58833.553736 25.534393 0.04492793
58833.554298 25.582329 0.045966463
58833.554862 25.527813 0.039968667
58833.55542 25.616912 0.049968032
58833.556007 25.67337 0.049979852
58833.556565 25.64788 0.05397659
58833.557125 25.551251 0.043968455
58833.557676 25.581954 0.050974331
58833.558245 25.546038 0.050954866
58833.558811 25.64355 0.051955895
58833.559373 25.515803 0.047905942
58833.559928 25.603602 0.05682936
58833.560497 25.471512 0.060714105
58833.561052 25.523115 0.047903782
58833.561629 25.455838 0.047853489
58833.562183 25.551727 0.046914964
58833.562742 25.538142 0.046937183
58833.563315 25.558334 0.049950277
58833.563889 25.56791 0.057848911
58833.564461 25.747725 0.067732071
58833.565019 25.547976 0.039937667
58833.565576 25.600341 0.033983225
58833.566153 25.64261 0.051901296
58833.566722 25.614842 0.040917652
58833.56729 25.652545 0.04694287
58833.56785 25.619596 0.050912235
58833.568406 25.487642 0.037966653
58833.568961 25.595348 0.037970323
58833.569533 25.615225 0.033969142
58833.570095 25.552159 0.030976634
58833.57065 25.587266 0.036984809
58833.57121 25.577179 0.036969411
58833.571768 25.605344 0.038960119
58833.572322 25.599561 0.038973607
58833.572898 25.566522 0.04495265
58833.573468 25.631771 0.052896285
58833.574037 25.501433 0.044901047
58833.574593 25.495669 0.041920282
58833.575159 25.625179 0.071531802
58833.575726 25.546274 0.05084268
0.0 0.0 0.0
58833.576839 25.512311 0.04388231
58833.577403 25.558995 0.043928623
58833.577964 25.568519 0.038932894
58833.578544 25.515247 0.038945929
58833.579114 25.578853 0.041903102
58833.579688 25.609445 0.047909689
58833.580238 25.564017 0.045884103
58833.58081 25.594798 0.047869494
58833.581375 25.406753 0.046838853
58833.581944 25.468786 0.038925917
58833.582509 25.544307 0.039949091
58833.58308 25.613239 0.049902485
58833.583647 25.495919 0.051826145
58833.584215 25.441345 0.051792351
58833.584762 25.559395 0.047865554
58833.585316 25.576984 0.051831622
58833.585886 25.482105 0.038935104
58833.586442 25.478204 0.04189874
58833.587001 25.596054 0.047836552
58833.587566 25.503505 0.061820961
58833.58814 25.537972 0.05880331
58833.588711 25.545203 0.031981941
58833.589285 25.529488 0.039922854
58833.589857 25.640792 0.055699381
58833.590423 25.474907 0.056671451
58833.590994 25.393846 0.05880576
58833.591559 25.73254 0.099724597
0.0 0.0 0.0
58833.592665 25.560567 0.084704817
58833.593224 25.656883 0.089641328
58833.593796 25.554478 0.097777934
58833.594369 25.656078 0.11344194
58833.59492 25.521824 0.086669057
58833.595528 25.687706 0.082733798
58833.596082 25.45226 0.062852792
58833.596665 25.556425 0.066857294
58833.597231 25.443439 0.054839373
58833.597797 25.614798 0.055893617
58833.59838 25.569062 0.045913347
58833.598947 25.53974 0.040931372
58833.599512 25.457077 0.04190836
58833.60009 25.59135 0.045934797
58833.600655 25.625945 0.049942604
58833.601221 25.568432 0.046943285
58833.601788 25.618525 0.058905795
58833.602358 25.527081 0.046923853
58833.602926 25.439828 0.051923567
58833.60349 25.56919 0.070792522
58833.604047 25.580873 0.051926426
58833.604615 25.497801 0.053880813
58833.605171 25.588245 0.067859952
58833.605736 25.555308 0.058879054
58833.606292 25.60502 0.068864531
58833.606846 25.553068 0.0608529
58833.607409 25.504683 0.059867115
58833.607972 25.615964 0.069831426
58833.608554 25.418984 0.063840216
58833.609122 25.524663 0.059867086
58833.609691 25.504217 0.057852315
58833.61027 25.5812 0.054885844
58833.610843 25.544919 0.051881317
58833.611415 25.510683 0.050781557
58833.611993 25.52769 0.046855231
58833.612577 25.540579 0.045839877
58833.613137 25.616159 0.059813223
58833.613696 25.541435 0.051756633
58833.614278 25.561595 0.051840645
58833.614853 25.580338 0.059803648
58833.615407 25.495421 0.052763509
58833.615983 25.498278 0.049859419
58833.616534 25.571843 0.050808197
58833.617093 25.54714 0.060872433
0.0 0.0 0.0
58833.618216 25.555182 0.052902191
58833.618781 25.540567 0.050944463
58833.619336 25.524893 0.048917084
58833.619908 25.574203 0.056904428
58833.620489 25.542049 0.050916675
58833.621073 25.510546 0.04791266
58833.621643 25.545521 0.056834173
58833.622212 25.661165 0.054909296
58833.622786 25.50137 0.06179934
58833.623339 25.578404 0.054889292
58833.623898 25.547848 0.05390501
58833.624467 25.537956 0.052923543
58833.625042 25.633078 0.052909332
58833.625625 25.551607 0.047942353
58833.626195 25.612583 0.049938789
58833.626758 25.575493 0.050921098
58833.627345 25.589432 0.043950097
58833.627901 25.612015 0.049963952
58833.628481 25.54022 0.042947846
58833.629058 25.604718 0.046959824
58833.629625 25.540273 0.047952579
58833.630194 25.562416 0.047954903
58833.630754 25.64989 0.048960247
58833.631339 25.565832 0.048918301
58833.631919 25.523453 0.057826519
58833.632476 25.487099 0.059826253
58833.633035 25.597951 0.061817179
58833.633609 25.482744 0.05689539
58833.634176 25.559704 0.075925209
58833.63477 25.505684 0.052851774
58833.63533 25.629027 0.053958126
58833.635896 25.501746 0.049926013
58833.636454 25.547301 0.047944299
58833.637031 25.590272 0.054877154
58833.637603 25.572472 0.054905551
58833.638178 25.717045 0.058886409
58833.638751 25.597002 0.049949963
58833.639317 25.514257 0.046952232
58833.639885 25.591047 0.04796593
58833.640451 25.573615 0.047976155
58833.641017 25.598821 0.042963594
58833.641587 25.566684 0.040962541
58833.642165 25.554383 0.049960019
58833.642733 25.644377 0.050954554
58833.643298 25.622395 0.057949575
58833.643881 25.57679 0.046956536
58833.644463 25.584396 0.049962478
58833.645038 25.592928 0.049958237
58833.645621 25.612406 0.047934871
58833.646196 25.561227 0.049932245
58833.646775 25.546448 0.04996788
58833.647352 25.560293 0.045968107
58833.647947 25.657551 0.055947864
58833.648518 25.648432 0.051973595
58833.649091 25.580707 0.048935477
58833.649661 25.629795 0.05097124
58833.650234 25.58329 0.045972464
58833.650812 25.609284 0.051962954
58833.651385 25.553941 0.047930393
58833.651942 25.583746 0.056954832
58833.652501 25.703268 0.053965814
58833.653051 25.58806 0.052944018
58833.653627 25.584177 0.045971353
58833.654196 25.575531 0.05195285
58833.654761 25.618963 0.049959364
58833.655332 25.634715 0.051958034
58833.655903 25.549565 0.044964637
58833.656459 25.607286 0.056975013
58833.657018 25.637185 0.049970527
58833.657575 25.600008 0.052972476
58833.658134 25.630085 0.060965893
58833.658729 25.527339 0.046960484
58833.659291 25.525749 0.047972245
58833.659866 25.56261 0.052972817
58833.660428 25.592882 0.054968779
58833.660996 25.529106 0.050960374
58833.661568 25.530145 0.056960718
58833.662129 25.629876 0.064957359
58833.662686 25.522208 0.066937509
58833.663254 25.498724 0.052972266
58833.663845 25.574318 0.070942631
58833.664399 25.602847 0.060954172
58833.664959 25.707707 0.061970675
58833.66553 25.671962 0.051975913
58833.666087 25.677197 0.049981075
58833.666661 25.572486 0.050977604
58833.66724 25.544945 0.048981256
58833.667808 25.567685 0.057976661
58833.668374 25.681108 0.05798174
58833.66894 25.649622 0.057976285
58833.669515 25.643223 0.056974177
58833.670105 25.660569 0.074961547
58833.670664 25.551318 0.057953655
58833.671231 25.658595 0.069959905
58833.671792 25.661074 0.066958403
58833.672357 25.66638 0.066951009
58833.672921 25.570235 0.0629512
58833.6735 25.654619 0.067975572
58833.674063 25.603716 0.057974584
58833.674632 25.560002 0.061951929
58833.675223 25.530175 0.06689665
58833.67579 25.514375 0.066944221
58833.67635 25.691587 0.074931191
58833.676916 25.415265 0.059954689
58833.677484 25.534885 0.07195039
58833.678056 25.724143 0.083939277
58833.678616 25.623396 0.086838115
58833.679182 25.7231 0.097851705
58833.679761 25.614268 0.092845739
58833.680323 25.5648 0.1135512
58833.680894 25.557118 0.097847548
58833.681455 25.69764 0.11965527
58833.68202 25.5156 0.092746898
58833.682591 25.590717 0.096686763
58833.683157 25.512169 0.089862711
58833.683728 25.631458 0.092854456
58833.68429 25.756252 0.11973556
58833.684864 25.643506 0.08791146
58833.685427 25.439353 0.074915395
58833.686006 25.627008 0.084870897
58833.68663 25.699247 0.089944593
58833.687197 25.557061 0.078944334
58833.687766 25.660449 0.084915253
58833.688335 25.420375 0.070948701
58833.6889 25.533494 0.070958551
58833.689473 25.567437 0.073936598
58833.690035 25.564567 0.071927928
58833.690606 25.454374 0.069936565
58833.691182 25.545059 0.061924318
58833.691769 25.58005 0.068918281
58833.692334 25.623958 0.081868973
58833.692912 25.592253 0.083910409
58833.693482 25.641495 0.071928763
58833.694055 25.617006 0.070947232
58833.694629 25.581799 0.081930052
58833.695214 25.556061 0.079944768
58833.695788 25.543881 0.07293756
58833.696709 25.634468 0.084939375
58833.697282 25.715038 0.10385573
58833.697854 25.583097 0.081926373
58833.698426 25.515003 0.075939553
58833.698997 25.451886 0.082946988
58833.699574 25.5535 0.073947441
58833.700162 25.574436 0.072964181
0.0 0.0 0.0
58833.701314 25.673881 0.087958899
58833.701879 25.487223 0.10094167
58833.702433 25.518995 0.073969544
58833.702997 25.458473 0.057974258
58833.703569 25.517513 0.065960781
58833.704138 25.61397 0.076970345
58833.704693 25.604182 0.074971248
58833.705269 25.553066 0.066955258
58833.705842 25.569052 0.077961242
58833.706416 25.492727 0.079946807
58833.706995 25.626348 0.076968131
58833.70756 25.599896 0.07696434
58833.708139 25.677615 0.0739683
58833.708701 25.584068 0.074966002
58833.709269 25.600446 0.067953778
58833.709837 25.522572 0.065959996
58833.710398 25.551909 0.068953325
58833.710961 25.690344 0.085942319
58833.711531 25.523068 0.075949196
58833.712096 25.621525 0.079950446
58833.712678 25.560351 0.069941935
58833.713245 25.583641 0.072952608
0.0 0.0 0.0
58833.71438 25.558055 0.062965282
58833.714942 25.610872 0.064967582
58833.715515 25.589099 0.062951307
58833.716099 25.65602 0.064970483
58833.716662 25.616984 0.065971474
58833.717217 25.587772 0.061933563
58833.717786 25.612746 0.07095219
58833.718352 25.601537 0.073959286
58833.718933 25.561998 0.0789527
58833.719515 25.583917 0.068954573
58833.720081 25.550292 0.073922296
58833.720652 25.593462 0.073940135
58833.721229 25.634618 0.068956777
58833.721798 25.621531 0.082935191
58833.722365 25.5829 0.063963647
58833.722938 25.626232 0.059968009
58833.723517 25.608853 0.062964082
58833.724095 25.653759 0.055968055
58833.724659 25.549104 0.066949483
58833.725228 25.514098 0.056965419
58833.725794 25.464679 0.05794758
58833.726369 25.520347 0.072896233
58833.726949 25.561205 0.071853832
58833.727521 25.517825 0.070915335
58833.728085 25.563054 0.066931848
58833.728659 25.551605 0.075938742
58833.729226 25.489222 0.06194597
58833.729803 25.590759 0.067955159
58833.730359 25.606033 0.064945379
58833.730924 25.627282 0.058967843
58833.731502 25.560943 0.071951726
58833.732059 25.466314 0.066891929
58833.732632 25.616624 0.066905044
58833.733194 25.617216 0.076914403
58833.733759 25.557176 0.077812998
58833.734321 25.645664 0.085906295
58833.734879 25.473011 0.085880762
58833.735444 25.624233 0.092848733
58833.736003 25.678718 0.11485107
58833.736571 25.807127 0.12485972
58833.737136 25.479012 0.093844789
58833.737691 25.588515 0.085919453
58833.738267 25.567026 0.10175152
58833.738823 25.475735 0.075865982
58833.739382 25.602107 0.088867496
58833.739948 25.644952 0.1038457
58833.740522 25.437088 0.081819065
58833.741085 25.620569 0.10768942
58833.741647 25.623998 0.084892896
58833.742215 25.656481 0.085910549
58833.742788 25.558814 0.082847704
58833.743365 25.651259 0.098903745
58833.743953 25.629224 0.089875706
58833.744526 25.48913 0.078861407
58833.745093 25.684777 0.076931217
58833.745664 25.5144 0.068936012
58833.746226 25.527261 0.070931556
58833.746789 25.560422 0.062948101
58833.747358 25.521929 0.067956083
58833.747921 25.640852 0.069954079
58833.748478 25.567473 0.056949749
58833.749035 25.63671 0.073958159
58833.749599 25.521785 0.063960176
58833.750168 25.5813 0.07389327
58833.750733 25.564996 0.068907103
58833.751298 25.498766 0.069877381
58833.751854 25.53167 0.090780056
58833.752416 25.522337 0.074897491
58833.752988 25.575024 0.080907361
58833.753539 25.547665 0.070917027
58833.7541 25.567353 0.070948205
58833.754655 25.581207 0.06694731
58833.75523 25.634414 0.06796073
58833.755803 25.585837 0.07695202
58833.756377 25.670152 0.077957496
58833.756948 25.559861 0.066952951
58833.757519 25.476868 0.074959034
58833.758074 25.542715 0.071961023
58833.758639 25.55116 0.082932668
58833.759204 25.598331 0.097911018
58833.759765 25.530794 0.076954832
58833.760341 25.551435 0.087959186
58833.760921 25.505431 0.075955749
58833.761489 25.478757 0.094908725
58833.76205 25.703251 0.10095584
58833.762618 25.679879 0.089933503
58833.763196 25.491568 0.064969766
58833.763771 25.607991 0.070970389
58833.764345 25.557417 0.072964273
0.0 0.0 0.0
58833.765469 25.638943 0.083967543
58833.766035 25.714581 0.094964206
58833.766604 25.520961 0.082961131
58833.767179 25.591137 0.075967019
58833.767754 25.6216 0.085972399
58833.768337 25.617484 0.078949352
58833.768906 25.491908 0.07796401
58833.769468 25.612123 0.089953283
58833.770037 25.553469 0.080961398
58833.770609 25.554203 0.086963931
58833.771176 25.529228 0.087919776
58833.77175 25.414102 0.084938132
58833.772312 25.545739 0.095927446
58833.772873 25.603345 0.11088108
58833.773436 25.460035 0.097857427
58833.774013 25.816954 0.15577826
58833.774581 25.821785 0.14385464
58833.775149 25.54062 0.10890617
58833.775718 25.828117 0.13989548
58833.776274 25.632862 0.11489206
58833.776849 25.744301 0.11493807
58833.777425 25.437118 0.10193917
58833.777996 25.421008 0.095908075
58833.778564 25.652262 0.10893946
58833.779126 25.778923 0.12692191
58833.779701 25.564958 0.094898261
58833.780275 25.654023 0.092906098
58833.780836 25.630166 0.10885212
58833.781394 25.503058 0.1078922
58833.781959 25.52012 0.089915725
58833.78252 25.522729 0.099926588
58833.783078 25.573772 0.1019049
58833.783656 25.603248 0.099933224
58833.784224 25.558372 0.094953028
58833.784791 25.639518 0.097941926
58833.785359 25.561752 0.085953585
58833.785923 25.577362 0.079957144
58833.786499 25.570597 0.076958914
58833.787075 25.53919 0.084945473
58833.787657 25.525777 0.097957346
58833.788243 25.563105 0.094949685
58833.788815 25.364073 0.072944275
58833.789431 25.589293 0.077963712
58833.789993 25.592852 0.082957579
58833.790558 25.666132 0.085976367
0.0 0.0 0.0
58833.791692 25.566372 0.06597389
58833.792254 25.548017 0.070963897
58833.792819 25.552686 0.070967666
58833.793386 25.647341 0.071960002
58833.793945 25.564899 0.068965481
58833.794517 25.559327 0.060960884
58833.79508 25.587725 0.06796065
58833.795646 25.498478 0.059973381
58833.796225 25.706909 0.057971468
58833.79679 25.494789 0.059974745
58833.797352 25.591803 0.063976165
58833.797908 25.71909 0.061971637
58833.798484 25.650912 0.065972885
58833.799061 25.640599 0.065976311
58833.799624 25.610527 0.070954824
58833.800185 25.65549 0.07497504
58833.800756 25.755142 0.077966653
58833.801313 25.577915 0.063952276
58833.801876 25.596604 0.064964642
58833.802443 25.522059 0.067963686
58833.803031 25.5398 0.066975145
58833.803608 25.679697 0.068968913
58833.804175 25.572097 0.073974656
58833.804741 25.608758 0.065978458
58833.805316 25.544571 0.063977458
58833.805876 25.637424 0.083965166
58833.806445 25.679155 0.068977403
58833.807016 25.684446 0.085973203
58833.807582 25.63266 0.079960634
58833.80816 25.618697 0.08196691
58833.808724 25.73484 0.079976764
58833.809281 25.609332 0.064967402
58833.809857 25.662636 0.079973646
58833.810432 25.747111 0.09697486
58833.811002 25.535276 0.070972153
58833.81157 25.68378 0.083973773
58833.812141 25.588975 0.068975464
58833.81271 25.612688 0.065977153
58833.813283 25.610998 0.068971545
58833.81385 25.57419 0.056973624
58833.814425 25.592745 0.065975407
58833.81499 25.639343 0.071978052
58833.815567 25.512536 0.069971508
58833.816133 25.55239 0.071975423
58833.816698 25.588067 0.080970102
58833.817289 25.624474 0.073951597
58833.817864 25.596977 0.081966281
58833.818429 25.608801 0.066967252
58833.819011 25.421985 0.06396233
58833.819573 25.717031 0.088960556
58833.820146 25.57238 0.069957736
58833.82073 25.707441 0.075964989
58833.821295 25.539159 0.076958861
58833.821869 25.677676 0.087970125
58833.822431 25.597163 0.087967684
58833.822986 25.610509 0.084971955
58833.823546 25.53624 0.084964076
58833.824122 25.744066 0.099959466
58833.82469 25.576703 0.091948407
58833.82527 25.591159 0.096969511
58833.825842 25.630876 0.098967411
58833.826414 25.450842 0.077956185
58833.826987 25.600421 0.083964223
58833.827559 25.683188 0.097959549
0.0 0.0 0.0
58833.828694 25.556768 0.071949266
58833.829263 25.576709 0.068961064
58833.829826 25.650525 0.076959458
58833.830398 25.502182 0.070940434
58833.830961 25.50462 0.063947724
58833.831526 25.545279 0.066966939
58833.832097 25.581089 0.0719597
58833.83267 25.549577 0.063951962
58833.833228 25.669573 0.068964311
58833.833798 25.609272 0.061961922
58833.834371 25.589602 0.076941581
58833.834936 25.688919 0.067961596
58833.83551 25.720011 0.076956042
58833.836083 25.636741 0.068967713
58833.836648 25.680311 0.0849411
58833.837231 25.69514 0.071961558
58833.837806 25.47104 0.074929724
58833.83839 25.578058 0.076947141
58833.838952 25.480781 0.079926638
58833.839512 25.493326 0.078958591
58833.840078 25.534288 0.092959163
58833.840638 25.577843 0.076952557
58833.841214 25.604116 0.086963672
58833.841784 25.506422 0.068969378
58833.842354 25.537064 0.077966418
58833.842932 25.505393 0.077962406
58833.8435 25.646043 0.085958923
58833.844068 25.650812 0.076968524
58833.84464 25.577823 0.076967753
58833.845192 25.682332 0.087970564
58833.845764 25.51299 0.064977627
58833.846315 25.535522 0.078972375
58833.846882 25.476482 0.077974625
58833.847447 25.572705 0.088973965
58833.848017 25.709829 0.10296006
58833.848583 25.683835 0.10096829
58833.849139 25.545966 0.088965483
58833.849713 25.66758 0.10295632
58833.850286 25.809742 0.11796995
