HJD mag magerr
58833.526351 24.979489 0.1407702
58833.526938 24.903207 0.11966281
58833.527497 25.00723 0.1128636
58833.528073 25.213472 0.15669693
58833.52864 25.18627 0.091824784
58833.529223 25.176739 0.13843818
58833.529794 24.976112 0.11446423
58833.530369 25.281505 0.094705879
58833.530936 25.183492 0.085829762
58833.531508 25.19532 0.067876032
58833.532068 25.067001 0.055900138
58833.532639 25.02211 0.053818735
58833.533201 25.067561 0.050910554
58833.533765 25.162687 0.053929313
58833.534319 25.144526 0.065754189
58833.534878 25.176777 0.058745339
58833.535457 25.085765 0.049819193
58833.536022 25.1127 0.045926685
58833.536586 25.111785 0.042935285
58833.537148 25.111221 0.039941594
58833.537706 25.149967 0.050869827
58833.538275 25.159119 0.042920437
58833.538843 25.098763 0.037941845
58833.539403 25.117663 0.04091656
58833.539961 25.091071 0.034889555
58833.540691 25.116915 0.03494775
58833.54127 25.166729 0.038941468
58833.541834 25.148952 0.035954344
58833.542384 25.108636 0.035956506
58833.542946 25.108018 0.036927332
58833.543507 25.119296 0.032962629
58833.544071 25.119947 0.028967611
58833.544644 25.147373 0.032943166
58833.545206 25.134018 0.037939578
58833.545767 25.148406 0.032963461
58833.54634 25.182886 0.031968599
58833.546924 25.118714 0.032941051
58833.547488 25.124653 0.035915269
58833.548053 25.098816 0.031930661
58833.548633 25.134527 0.031961566
58833.549203 25.139299 0.032956987
58833.549779 25.184263 0.03396396
58833.550355 25.119957 0.033958293
58833.550911 25.119122 0.031951157
58833.551466 25.16065 0.035931686
58833.552025 25.088451 0.035923737
58833.552609 25.261989 0.039915212
58833.553172 25.167259 0.037931856
58833.553736 25.118393 0.033930482
58833.554298 25.195329 0.035967972
58833.554862 25.145813 0.032969977
58833.55542 25.126912 0.039968976
58833.556007 25.14737 0.030981696
58833.556565 25.10888 0.036978007
58833.557125 25.058251 0.032969974
58833.557676 25.148954 0.039975318
58833.558245 25.153038 0.037956667
58833.558811 25.12155 0.034958373
58833.559373 25.127803 0.039907774
58833.559928 25.101602 0.040834649
58833.560497 25.161512 0.049718635
58833.561052 25.150115 0.034907373
58833.561629 25.179838 0.044854961
58833.562183 25.150727 0.034917967
58833.562742 25.117142 0.032940737
58833.563315 25.124334 0.03295343
58833.563889 25.11991 0.039855721
58833.564461 25.105725 0.041742869
58833.565019 25.097976 0.030941851
58833.565576 25.126341 0.024984553
58833.566153 25.21261 0.037907934
58833.566722 25.165842 0.033920342
58833.56729 25.125545 0.034945448
58833.56785 25.240596 0.036917733
58833.568406 25.204642 0.029968567
58833.568961 25.176348 0.02897199
58833.569533 25.141225 0.027970251
58833.570095 25.143159 0.025977751
58833.57065 25.146266 0.027985912
58833.57121 25.164179 0.028970654
58833.571768 25.095344 0.027962297
58833.572322 25.127561 0.025975983
58833.572898 25.122522 0.029956056
58833.573468 25.086771 0.033901475
58833.574037 25.117433 0.034905005
58833.574593 25.117669 0.030924719
58833.575159 25.034179 0.045552721
58833.575726 25.129274 0.03585053
58833.576286 25.078143 0.034888506
58833.576839 25.132311 0.033886243
58833.577403 25.116995 0.031931687
58833.577964 25.160519 0.035933622
58833.578544 25.219247 0.033947272
58833.579114 25.106853 0.032905341
58833.579688 25.117445 0.03591269
58833.580238 25.094017 0.036887065
58833.58081 25.122798 0.033874968
58833.581375 25.135753 0.034844625
58833.581944 25.159786 0.033927762
58833.582509 25.162307 0.030951553
58833.58308 25.158239 0.033906898
58833.583647 25.091919 0.036832557
58833.584215 25.271345 0.047794708
58833.584762 25.135395 0.033876875
58833.585316 25.212984 0.038840711
58833.585886 25.190105 0.030937997
58833.586442 25.119204 0.03490116
58833.587001 25.118054 0.033841392
58833.587566 25.159505 0.046826128
58833.58814 25.152972 0.042808857
58833.588711 25.098203 0.022985491
58833.589285 25.163488 0.03093215
58833.589857 25.088792 0.036716095
58833.590423 25.153907 0.046677016
58833.590994 25.286846 0.050808657
58833.591559 25.19554 0.062736406
58833.592112 25.17947 0.054698823
58833.592665 25.123567 0.05671178
58833.593224 25.097883 0.053652291
58833.593796 25.141478 0.072783534
58833.594369 25.274078 0.083454632
58833.59492 25.179824 0.066674951
58833.595528 25.103706 0.048748307
58833.596082 25.13226 0.049856144
58833.596665 25.125425 0.046862277
58833.597231 25.149439 0.04284305
58833.597797 25.032798 0.038897376
58833.59838 25.139062 0.035915879
58833.598947 25.12974 0.030934176
58833.599512 25.100077 0.033910951
58833.60009 25.14735 0.038936348
58833.600655 25.049945 0.035944705
58833.601221 25.129432 0.035945552
58833.601788 25.147525 0.038909462
58833.602358 25.147081 0.035926229
58833.602926 25.085828 0.039926165
58833.60349 25.20719 0.053796353
58833.604047 25.209873 0.039928364
58833.604615 25.113801 0.039884338
58833.605171 25.134245 0.042866606
58833.605736 25.136308 0.044881844
58833.606292 25.12802 0.0438693
58833.606846 25.051068 0.039858556
58833.607409 25.126683 0.04487034
58833.607972 25.057964 0.042837941
58833.608554 25.141984 0.049843191
58833.609122 25.127663 0.042870945
58833.609691 25.156217 0.043855904
58833.61027 25.0802 0.035890936
58833.610843 25.174919 0.037885231
58833.611415 25.147683 0.037786451
58833.611993 25.11269 0.038858247
58833.612577 25.112579 0.036844004
58833.613137 25.125159 0.037823769
58833.613696 25.126435 0.042761179
58833.614278 25.187595 0.039844909
58833.614853 25.113338 0.040810471
58833.615407 25.171421 0.043766437
58833.615983 25.118278 0.037863609
58833.616534 25.081843 0.033817353
58833.617093 25.07914 0.045875387
58833.617655 25.108713 0.03891101
58833.618216 25.132182 0.038905231
58833.618781 25.071567 0.037946682
58833.619336 25.150893 0.038919109
58833.619908 25.131203 0.041907088
58833.620489 25.130049 0.032920962
58833.621073 25.145546 0.03691523
58833.621643 25.092521 0.040837748
58833.622212 25.119165 0.036912986
58833.622786 25.16737 0.045802765
58833.623339 25.160404 0.043891532
58833.623898 25.104848 0.040907531
58833.624467 25.059956 0.035926715
58833.625042 25.138078 0.037912444
58833.625625 25.139607 0.036944524
58833.626195 25.133583 0.033941541
58833.626758 25.116493 0.036923832
58833.627345 25.120432 0.033951743
58833.627901 25.098015 0.033966023
58833.628481 25.14722 0.037948619
58833.629058 25.092718 0.031962345
58833.629625 25.084273 0.032954758
58833.630194 25.085416 0.033956765
58833.630754 25.16889 0.034962227
58833.631339 25.184832 0.03892087
58833.631919 25.126453 0.045829963
58833.632476 25.229099 0.049828756
58833.633035 25.057951 0.039824447
58833.633609 25.174744 0.042898037
58833.634176 25.210704 0.058926678
58833.63477 25.101684 0.040854382
58833.63533 25.110027 0.036960226
58833.635896 25.102746 0.037928191
58833.636454 25.146301 0.034946362
58833.637031 25.099272 0.037880351
58833.637603 25.174472 0.040907378
58833.638178 25.110045 0.040889015
58833.638751 25.157002 0.039951111
58833.639317 25.118257 0.038953209
58833.639885 25.106047 0.032967932
58833.640451 25.128615 0.030977868
58833.641017 25.142821 0.035964399
58833.641587 25.113684 0.034963547
58833.642165 25.149383 0.033962317
58833.642733 25.123377 0.03495647
58833.643298 25.144395 0.038951463
58833.643881 25.10579 0.035957884
58833.644463 25.120396 0.035963846
58833.645038 25.146928 0.038959323
58833.645621 25.117406 0.035936366
58833.646196 25.089227 0.037933625
58833.646775 25.099448 0.03796909
58833.647352 25.140293 0.037968997
58833.647947 25.068551 0.036950038
58833.648518 25.133432 0.034975074
58833.649091 25.167707 0.037936711
58833.649661 25.050795 0.029973705
58833.650234 25.16529 0.036973356
58833.650812 25.097284 0.035964424
58833.651385 25.113941 0.038931477
58833.651942 25.127746 0.037956614
58833.652501 25.101268 0.036967527
58833.653051 25.15606 0.040944979
58833.653627 25.102177 0.033972723
58833.654196 25.093531 0.03895423
58833.654761 25.149963 0.034961009
58833.655332 25.119715 0.034959868
58833.655903 25.098565 0.038965209
58833.656459 25.082286 0.03297691
58833.657018 25.097185 0.034971718
58833.657575 25.124008 0.038973567
58833.658134 25.094085 0.033968485
58833.658729 25.159339 0.039961169
58833.659291 25.090749 0.03497356
58833.659866 25.08461 0.039973788
58833.660428 25.149882 0.037970259
58833.660996 25.087106 0.037961599
58833.661568 25.154145 0.034963268
58833.662129 25.090876 0.039959135
58833.662686 25.052208 0.048938935
58833.663254 25.142724 0.040973154
58833.663845 25.023318 0.040945146
58833.664399 25.160847 0.046955123
58833.664959 25.096707 0.040972034
58833.66553 25.092962 0.034977262
58833.666087 25.115197 0.039981753
58833.666661 25.129486 0.033978935
58833.66724 25.127945 0.036982002
58833.667808 25.169685 0.039977694
58833.668374 25.145108 0.041982564
58833.66894 25.112622 0.035977739
58833.669515 25.157223 0.043974932
58833.670105 25.077569 0.045963271
58833.670664 25.137318 0.045954554
58833.671231 25.163595 0.044961628
58833.671792 25.123074 0.041960442
58833.672357 25.08738 0.042952743
58833.672921 25.128235 0.045952415
58833.6735 25.104619 0.041977056
58833.674063 25.134716 0.040975616
58833.674632 25.137002 0.040953658
58833.675223 25.121175 0.053897703
58833.67579 25.060375 0.042946198
58833.67635 25.151587 0.046933442
58833.676916 25.143265 0.049955702
58833.677484 25.129885 0.048952114
58833.678056 25.097143 0.051941579
58833.678616 25.087396 0.057841805
58833.679182 25.1601 0.062853932
58833.679761 25.025268 0.060849134
58833.680323 25.1528 0.077556159
58833.680894 25.152118 0.066850306
58833.681455 25.06564 0.06466186
58833.68202 25.0656 0.065749925
58833.682591 25.122717 0.070689978
58833.683157 25.065169 0.058865855
58833.683728 25.091458 0.059857816
58833.68429 25.107252 0.068739859
58833.684864 25.165506 0.057913495
58833.685427 25.139353 0.059916517
58833.686006 25.173008 0.061872413
58833.68663 25.108247 0.051946364
58833.687197 25.100061 0.055945481
58833.687766 25.137449 0.057917075
58833.688335 25.099375 0.049950318
58833.6889 25.111494 0.054959443
58833.689473 25.098437 0.053937877
58833.690035 25.164567 0.052929387
58833.690606 25.213374 0.051938234
58833.691182 25.067059 0.047925829
58833.691769 25.11605 0.047920441
58833.692334 25.078958 0.056871767
58833.692912 25.093253 0.048913484
58833.693482 25.124495 0.051930314
58833.694055 25.204006 0.048949016
58833.694629 25.089799 0.050932131
58833.695214 25.099061 0.050946344
58833.695788 25.140881 0.051938963
58833.696709 25.100468 0.054941371
58833.697282 25.120038 0.060858312
58833.697854 25.069097 0.051928445
58833.698426 25.132003 0.054940769
58833.698997 25.122886 0.059948234
58833.699574 25.0985 0.051948657
58833.700162 25.161436 0.05796484
58833.700738 25.138895 0.062940143
58833.701314 25.125881 0.0539604
58833.701879 25.113223 0.07594237
58833.702433 25.116995 0.060969996
58833.702997 25.076473 0.044974976
58833.703569 25.157513 0.055961213
58833.704138 25.05397 0.048971502
58833.704693 25.162182 0.055971923
58833.705269 25.020066 0.046956445
58833.705842 25.170052 0.052962461
58833.706416 25.109727 0.05894802
58833.706995 25.162348 0.048969375
58833.70756 25.167896 0.053965366
58833.708139 25.088615 0.04696961
58833.708701 25.150068 0.048967273
58833.709269 25.182446 0.052954564
58833.709837 25.157572 0.046961328
58833.710398 25.032909 0.046954641
58833.710961 25.091344 0.058943878
58833.711531 25.125068 0.051950814
58833.712096 25.121525 0.04995239
58833.712678 25.109351 0.046943622
58833.713245 25.100641 0.052953897
58833.713811 25.14042 0.044954479
58833.71438 25.117055 0.043966599
58833.714942 25.030872 0.04296899
58833.715515 25.123099 0.047952324
58833.716099 25.10502 0.045971507
58833.716662 25.190984 0.043972658
58833.717217 25.082772 0.046934563
58833.717786 25.145746 0.043953921
58833.718352 25.138537 0.048960774
58833.718933 25.148998 0.052954227
58833.719515 25.131917 0.053955542
58833.720081 25.156292 0.051924102
58833.720652 25.154462 0.05294143
58833.721229 25.112618 0.045958473
58833.721798 25.064531 0.051937605
58833.722365 25.1469 0.045964865
58833.722938 25.094232 0.039969521
58833.723517 25.132853 0.04596524
58833.724095 25.050759 0.039969368
58833.724659 25.097104 0.048950978
58833.725228 25.114098 0.039966898
58833.725794 25.087679 0.044949047
58833.726369 25.110347 0.051898583
58833.726949 25.143205 0.054855604
58833.727521 25.202825 0.05191712
58833.728085 25.188054 0.051933059
58833.728659 25.053605 0.045940908
58833.729226 25.126222 0.044947378
58833.729803 25.136759 0.046956753
58833.730359 25.080033 0.046946733
58833.730924 25.088282 0.043968884
58833.731502 25.098943 0.048953403
58833.732059 25.057314 0.053894475
58833.732632 25.171624 0.053906451
58833.733194 25.171216 0.05691596
58833.733759 25.170176 0.058815148
58833.734321 25.149664 0.058908248
58833.734879 25.199011 0.064882503
58833.735444 25.153233 0.064851444
58833.736003 25.011718 0.062855128
58833.736571 25.069127 0.06686334
58833.737136 25.191012 0.070846836
58833.737691 25.161515 0.063921079
58833.738267 25.076026 0.066754936
58833.738823 25.199735 0.06186757
58833.739382 25.110107 0.062869888
58833.739948 25.141952 0.067848682
58833.740522 25.124088 0.065821176
58833.741085 25.114569 0.072693107
58833.741647 25.124998 0.060894837
58833.742215 25.111481 0.054912866
58833.742788 25.055814 0.052851897
58833.743365 25.261259 0.068905831
58833.743953 25.026224 0.058878546
58833.744526 25.18713 0.057863156
58833.745093 25.098777 0.049933175
58833.745664 25.0924 0.054937262
58833.746226 25.095261 0.054932692
58833.746789 25.091422 0.045949778
58833.747358 25.189929 0.047957534
58833.747921 25.201852 0.04995548
58833.748478 25.128473 0.045950662
58833.749035 25.09371 0.040960638
58833.749599 25.154785 0.045961511
58833.750168 25.0973 0.050895936
58833.750733 25.216996 0.057908139
58833.751298 25.161766 0.055879172
58833.751854 25.13167 0.064782677
58833.752416 24.985337 0.047900664
58833.752988 25.122024 0.051909926
58833.753539 25.096665 0.044919861
58833.7541 25.162353 0.050949725
58833.754655 25.101207 0.053948084
58833.75523 25.171414 0.047962027
58833.755803 25.203837 0.056953151
58833.756377 25.135152 0.054958677
58833.756948 25.092861 0.047954108
58833.757519 25.039868 0.056959929
58833.758074 25.122715 0.048962375
58833.758639 25.13216 0.056934566
58833.759204 25.211331 0.067912534
58833.759765 25.059794 0.050956399
58833.760341 25.076435 0.054960603
58833.760921 25.132431 0.058956615
58833.761489 25.177757 0.077909752
58833.76205 25.079251 0.056957523
58833.762618 25.175879 0.062934719
58833.763196 25.217568 0.05697019
58833.763771 25.130991 0.051971195
58833.764345 25.045417 0.04796563
58833.764904 25.102421 0.052965821
58833.765469 25.054943 0.045969217
58833.766035 25.127581 0.049965937
58833.766604 25.100961 0.056962223
58833.767179 25.128137 0.051968066
58833.767754 24.9886 0.048973931
58833.768337 25.175484 0.052950608
58833.768906 25.185908 0.055965156
58833.769468 25.111123 0.060954523
58833.770037 25.054469 0.052962701
58833.770609 25.044203 0.055965099
58833.771176 25.061228 0.058922052
58833.77175 25.252102 0.072938728
58833.772312 25.060739 0.059929718
58833.772873 25.109345 0.071883244
58833.773436 24.995035 0.075859016
58833.774013 25.111954 0.087780993
58833.774581 25.013785 0.07485696
58833.775149 25.22362 0.082907161
58833.775718 25.052117 0.068898295
58833.776274 25.065862 0.074893913
58833.776849 25.044301 0.06893981
58833.777425 25.252118 0.085939706
58833.777996 25.056008 0.065909732
58833.778564 25.177262 0.077940526
58833.779126 25.147923 0.077923745
58833.779701 25.098958 0.066899967
0.0 0.0 0.0
58833.780836 25.092166 0.072854628
58833.781394 25.072058 0.075894236
58833.781959 25.10112 0.056918483
58833.78252 25.192729 0.0749275
58833.783078 25.075772 0.070906427
58833.783656 25.115248 0.074934309
58833.784224 25.031372 0.059955109
58833.784791 25.134518 0.066943278
58833.785359 25.128752 0.058955119
58833.785923 25.146362 0.057958186
58833.786499 25.146597 0.065959469
58833.787075 25.08519 0.056947082
58833.787657 25.090777 0.064958686
58833.788243 25.093105 0.058951305
58833.788815 25.025073 0.050945615
58833.789431 25.153293 0.053964785
58833.789993 25.128852 0.054958915
58833.790558 25.237132 0.055977446
58833.791114 25.160424 0.06296182
58833.791692 25.140372 0.050974652
58833.792254 25.088017 0.049965032
58833.792819 25.151686 0.048968996
58833.793386 25.145341 0.047961485
58833.793945 25.181899 0.048966816
58833.794517 25.139327 0.047961839
58833.79508 25.122725 0.049961766
58833.795646 25.158478 0.045974293
58833.796225 25.134909 0.042972436
58833.79679 25.097789 0.046975529
58833.797352 25.074803 0.042977388
58833.797908 25.17509 0.047972367
58833.798484 25.167912 0.041974181
58833.799061 25.167599 0.040977784
58833.799624 25.140527 0.049955918
58833.800185 25.07349 0.041976758
58833.800756 25.174142 0.05596752
58833.801313 25.099915 0.042953837
58833.801876 25.097604 0.042966179
58833.802443 25.143059 0.050964637
58833.803031 25.1408 0.049975971
58833.803608 25.120697 0.047969971
58833.804175 25.105097 0.044976096
58833.804741 25.220758 0.049979262
58833.805316 25.157571 0.044978452
58833.805876 25.154424 0.048966706
58833.806445 25.116155 0.048978426
58833.807016 25.050446 0.046974845
58833.807582 25.12666 0.054961788
58833.80816 25.092697 0.047968734
58833.808724 25.03084 0.042978384
58833.809281 25.094332 0.046968448
58833.809857 25.072636 0.047975051
58833.810432 25.151111 0.053976132
58833.811002 25.232276 0.058972661
58833.81157 25.05378 0.046975339
58833.812141 25.225975 0.049976345
58833.81271 25.085688 0.049977881
58833.813283 25.158998 0.049972567
58833.81385 25.18019 0.044974318
58833.814425 25.180745 0.043976649
58833.81499 25.130343 0.043979326
58833.815567 25.146536 0.048972645
58833.816133 25.04039 0.046976606
58833.816698 25.062067 0.049971558
58833.817289 25.098474 0.049952874
58833.817864 25.137977 0.052967701
58833.818429 25.079801 0.049968342
58833.819011 25.078985 0.050963141
58833.819573 25.173031 0.051962171
58833.820146 25.16738 0.048959121
58833.82073 25.135441 0.04796641
58833.821295 25.187159 0.053960044
58833.821869 25.176676 0.065970818
58833.822431 25.068163 0.06396853
58833.822986 25.225509 0.06597254
58833.823546 25.02424 0.054965518
58833.824122 25.104066 0.06396059
58833.82469 25.085703 0.059949557
58833.82527 25.149159 0.066970515
58833.825842 25.154876 0.060968658
58833.826414 25.050842 0.058957324
58833.826987 25.158421 0.06196516
58833.827559 25.110188 0.057960971
58833.828123 25.134856 0.059968523
58833.828694 25.176768 0.053950214
58833.829263 25.135709 0.052961967
58833.829826 25.078525 0.051960781
58833.830398 25.224182 0.056941263
58833.830961 25.17262 0.05094859
58833.831526 25.067279 0.04396835
58833.832097 25.077089 0.049961007
58833.83267 25.135577 0.045953204
58833.833228 25.160573 0.049965361
58833.833798 25.171272 0.046963
58833.834371 25.128602 0.058942775
58833.834936 25.093919 0.043963277
58833.83551 25.066011 0.043958334
58833.836083 25.110741 0.044969361
58833.836648 25.109311 0.048943141
58833.837231 25.17014 0.050962722
58833.837806 25.11304 0.056931265
58833.83839 25.108058 0.047949817
58833.838952 25.141781 0.058928315
58833.839512 25.132326 0.056959867
58833.840078 25.125288 0.060960575
58833.840638 25.129843 0.053953605
58833.841214 25.070116 0.053965267
58833.841784 25.197422 0.052970246
58833.842354 25.112064 0.054967558
58833.842932 25.152393 0.057963453
58833.8435 25.103043 0.05196053
58833.844068 25.121812 0.053969631
58833.84464 25.206823 0.052968961
58833.845192 25.111332 0.055971751
58833.845764 25.06899 0.049978424
58833.846315 25.068522 0.052973463
58833.846882 25.083482 0.053975542
58833.847447 25.159705 0.063974791
58833.848017 25.048829 0.06096138
58833.848583 25.165835 0.061969482
58833.849139 25.283966 0.083965622
58833.849713 25.19858 0.064957541
58833.850286 25.150742 0.057971532
