HJD mag magerr
58833.526351 25.055579 0.14782729
58833.526938 24.703672 0.10361112
58833.527497 24.943366 0.11081514
58833.528073 24.934065 0.10565913
58833.52864 24.730489 0.062822385
0.0 0.0 0.0
58833.529794 24.361053 0.063369254
0.0 0.0 0.0
58833.530936 24.834726 0.06182709
58833.531508 24.890385 0.052890387
58833.532068 24.952783 0.052899333
58833.532639 24.877107 0.048895557
58833.533201 24.838004 0.04590995
58833.533765 25.138932 0.051910806
58833.534319 24.873681 0.054776384
58833.534878 24.725493 0.040814587
58833.535457 24.758341 0.041825912
58833.536022 25.218687 0.05390109
58833.536586 25.013326 0.042920928
58833.537148 25.007954 0.041949225
58833.537706 24.958741 0.043874922
58833.538275 25.121477 0.045927323
58833.538843 24.935391 0.037929746
58833.539403 24.913962 0.037919554
58833.539961 24.870642 0.032939518
58833.540691 24.925892 0.029953003
58833.54127 25.039827 0.038926534
58833.541834 24.861881 0.031942471
58833.542384 24.845203 0.029941924
58833.542946 24.903022 0.036926511
58833.543507 24.84665 0.025965962
58833.544071 24.878209 0.027955604
58833.544644 24.887383 0.027922883
58833.545206 24.802984 0.028878174
58833.545767 24.849529 0.029951487
58833.54634 24.902574 0.027962102
58833.546924 25.039352 0.03194923
58833.547488 24.881745 0.030915141
58833.548053 24.732147 0.024940911
58833.548633 24.900465 0.028953173
58833.549203 24.930345 0.027961
58833.549779 24.823188 0.02995679
58833.550355 24.911883 0.030947212
58833.550911 24.944293 0.02795851
58833.551466 24.848236 0.024943572
58833.552025 24.896787 0.030933372
58833.552609 24.855581 0.031940087
58833.553172 24.930459 0.032934408
58833.553736 24.876689 0.02993415
58833.554298 24.860563 0.027962672
58833.554862 24.895875 0.026964625
58833.55542 24.897647 0.031942817
58833.556007 24.882211 0.029975321
58833.556565 24.915512 0.030980444
58833.557125 24.839067 0.028964427
58833.557676 24.867527 0.035963013
58833.558245 24.920656 0.029952733
58833.558811 24.818855 0.028947736
58833.559373 24.753197 0.028939842
58833.559928 24.817417 0.029901619
0.0 0.0 0.0
58833.561052 24.896737 0.033935313
58833.561629 25.081304 0.045865715
58833.562183 24.851393 0.0319251
58833.562742 24.795163 0.027945376
58833.563315 25.050212 0.035950094
0.0 0.0 0.0
58833.564461 25.036791 0.041767884
58833.565019 24.770993 0.025888464
58833.565576 24.911688 0.022989495
0.0 0.0 0.0
58833.566722 24.903056 0.025953285
58833.56729 24.832473 0.028946282
58833.56785 25.055405 0.032921396
58833.568406 24.864299 0.026963637
58833.568961 24.860194 0.023972571
58833.569533 24.897646 0.021985501
58833.570095 24.887774 0.024974966
58833.57065 24.923981 0.025979425
58833.57121 24.879703 0.023974555
58833.571768 24.888769 0.022968562
58833.572322 24.903759 0.023971907
58833.572898 24.894586 0.025954322
58833.573468 24.850952 0.028904814
0.0 0.0 0.0
58833.574593 24.873511 0.031902809
0.0 0.0 0.0
0.0 0.0 0.0
0.0 0.0 0.0
58833.576839 24.804008 0.030888712
58833.577403 24.865562 0.027930141
58833.577964 24.858522 0.027940078
58833.578544 24.941463 0.028940977
58833.579114 24.820127 0.027869521
58833.579688 24.940237 0.03591869
58833.580238 24.900803 0.03490242
58833.58081 24.8584 0.030880547
58833.581375 25.054763 0.034884183
58833.581944 25.279895 0.049905667
58833.582509 24.875985 0.025940487
58833.58308 25.117169 0.045902286
0.0 0.0 0.0
0.0 0.0 0.0
0.0 0.0 0.0
0.0 0.0 0.0
0.0 0.0 0.0
58833.586442 24.935466 0.030905625
58833.587001 24.83938 0.027933839
58833.587566 24.771849 0.038782162
58833.58814 25.025627 0.046837387
58833.588711 24.839335 0.023972126
0.0 0.0 0.0
0.0 0.0 0.0
58833.590423 24.750198 0.032842396
0.0 0.0 0.0
58833.591559 24.353919 0.03076245
0.0 0.0 0.0
0.0 0.0 0.0
58833.593224 24.643634 0.040631225
0.0 0.0 0.0
0.0 0.0 0.0
0.0 0.0 0.0
58833.595528 24.709519 0.035784155
58833.596082 24.762668 0.039840649
58833.596665 24.95927 0.042865778
58833.597231 25.071517 0.043841724
58833.597797 24.837366 0.032897079
58833.59838 24.846566 0.027930694
58833.598947 24.980174 0.029953101
58833.599512 24.884186 0.03491847
58833.60009 24.871451 0.029933865
58833.600655 24.910997 0.034949299
58833.601221 25.024732 0.032932944
58833.601788 24.855804 0.031936439
58833.602358 24.868144 0.030935413
58833.602926 24.810698 0.034935053
58833.60349 24.838195 0.040818215
58833.604047 24.844066 0.028936419
58833.604615 25.220938 0.046892049
58833.605171 24.939529 0.040882732
58833.605736 24.854767 0.034899002
58833.606292 24.923438 0.039893498
58833.606846 24.729152 0.031868537
58833.607409 24.843152 0.038824873
58833.607972 25.009275 0.043864496
58833.608554 24.845297 0.038888348
58833.609122 24.741922 0.034884747
58833.609691 24.906174 0.040847227
58833.61027 24.819568 0.032887046
58833.610843 24.906641 0.033851026
58833.611415 24.949296 0.034865384
58833.611993 24.789694 0.031859673
0.0 0.0 0.0
0.0 0.0 0.0
0.0 0.0 0.0
0.0 0.0 0.0
58833.614853 24.813251 0.031824833
58833.615407 24.792886 0.029887733
58833.615983 24.844848 0.033876978
58833.616534 24.858819 0.034895022
58833.617093 24.776194 0.035885254
58833.617655 24.868878 0.033925251
58833.618216 24.911449 0.033911764
58833.618781 24.829264 0.036934064
58833.619336 24.873995 0.033930841
58833.619908 24.89206 0.035912655
58833.620489 24.949802 0.033921173
58833.621073 24.801187 0.027945618
0.0 0.0 0.0
58833.622212 25.143991 0.041908238
58833.622786 24.844239 0.036877644
58833.623339 24.926262 0.038849595
58833.623898 24.824017 0.034846998
58833.624467 24.887907 0.038928713
58833.625042 24.930613 0.031916868
58833.625625 24.888754 0.03293402
58833.626195 24.929791 0.029951594
58833.626758 24.928027 0.032947987
58833.627345 24.883068 0.027947193
58833.627901 24.920504 0.02995755
58833.628481 24.867438 0.029932149
58833.629058 24.851449 0.031950371
58833.629625 24.953613 0.030930482
58833.630194 24.902906 0.027957973
58833.630754 24.987958 0.03296089
58833.631339 24.994342 0.037881515
0.0 0.0 0.0
58833.632476 24.97747 0.044814299
0.0 0.0 0.0
58833.633609 24.827935 0.035825809
58833.634176 24.853793 0.046931032
58833.63477 25.236838 0.048901887
58833.63533 24.92633 0.03790642
58833.635896 24.856913 0.03292128
58833.636454 24.884987 0.028962095
58833.637031 25.067354 0.039927709
58833.637603 24.829548 0.035907636
58833.638178 24.92865 0.035904918
58833.638751 24.864179 0.03093312
58833.639317 24.897558 0.03495306
58833.639885 24.92846 0.031938063
58833.640451 24.925925 0.029956944
58833.641017 24.92234 0.028974703
58833.641587 24.869242 0.029968414
58833.642165 24.886247 0.030963352
58833.642733 24.910882 0.032960322
58833.643298 24.925876 0.034930164
58833.643881 24.914762 0.033945431
58833.644463 24.852011 0.029966485
58833.645038 24.884342 0.030961956
58833.645621 24.879062 0.027938955
58833.646196 24.90986 0.033939949
58833.646775 24.870917 0.031938793
58833.647352 24.880427 0.032943
58833.647947 24.982171 0.037956947
58833.648518 24.863045 0.034968487
58833.649091 24.932404 0.032948468
58833.649661 24.914806 0.030943853
58833.650234 24.895398 0.02896802
58833.650812 24.869618 0.031950869
58833.651385 24.889763 0.035939467
58833.651942 24.903825 0.036938344
58833.652501 24.867898 0.030962417
58833.653051 24.8782 0.029967557
58833.653627 24.848723 0.028964247
58833.654196 24.828702 0.033937415
58833.654761 24.891974 0.030966868
58833.655332 24.873566 0.032963471
58833.655903 24.873564 0.030969619
58833.656459 24.931118 0.033970331
58833.657018 24.912499 0.032974027
58833.657575 24.926315 0.034952005
58833.658134 24.866814 0.032944143
58833.658729 24.916307 0.032941647
58833.659291 24.910894 0.031968988
58833.659866 24.844167 0.031970966
58833.660428 24.890144 0.032939469
58833.660996 24.889435 0.030967237
58833.661568 24.917486 0.035958462
58833.662129 24.916684 0.033946718
58833.662686 24.847263 0.037903267
58833.663254 24.847546 0.03094964
58833.663845 25.046781 0.04295309
58833.664399 24.878424 0.035958817
58833.664959 24.93274 0.039973664
58833.66553 24.861305 0.03297268
58833.666087 24.863501 0.031972705
58833.666661 24.908802 0.028976358
58833.66724 24.908063 0.026969948
58833.667808 24.87077 0.031974414
58833.668374 24.865917 0.031974904
58833.66894 24.8855 0.032973559
58833.669515 24.899583 0.034968729
58833.670105 24.879815 0.035961294
58833.670664 24.942607 0.039958822
58833.671231 24.93724 0.036948043
58833.671792 24.931074 0.039944503
58833.672357 24.973815 0.039956222
58833.672921 24.888484 0.04095385
58833.6735 24.940174 0.034964884
58833.674063 24.887476 0.036955231
58833.674632 24.869372 0.042928586
58833.675223 25.020837 0.047896846
58833.67579 24.839447 0.041947426
58833.67635 24.949978 0.044928275
58833.676916 24.899343 0.041928047
58833.677484 24.896001 0.044940876
58833.678056 24.984082 0.050929814
0.0 0.0 0.0
58833.679182 24.921472 0.051833777
58833.679761 25.03774 0.055794681
0.0 0.0 0.0
58833.680894 24.795608 0.051764969
58833.681455 24.88617 0.057777567
58833.68202 24.900498 0.053845477
0.0 0.0 0.0
58833.683157 24.914554 0.053859901
58833.683728 25.150425 0.055791941
58833.68429 24.824216 0.055790791
58833.684864 25.162821 0.060907619
58833.685427 24.911771 0.051867339
58833.686006 25.198515 0.064890828
58833.68663 24.8219 0.041939763
58833.687197 24.831211 0.044949949
58833.687766 24.820005 0.046949706
58833.688335 24.871384 0.044927231
58833.6889 24.868606 0.041946079
58833.689473 24.93017 0.050905568
58833.690035 24.92812 0.047907143
58833.690606 25.033072 0.051910763
58833.691182 25.062008 0.0469434
58833.691769 24.930526 0.046893941
58833.692334 24.906754 0.046817393
58833.692912 24.869723 0.045861127
58833.693482 24.949051 0.044925639
58833.694055 25.018427 0.050898716
58833.694629 24.886453 0.04494623
58833.695214 24.82762 0.04294096
58833.695788 24.891516 0.041938632
58833.696709 24.896676 0.047869944
58833.697282 24.865371 0.057845418
58833.697854 24.869779 0.048877731
58833.698426 24.969161 0.048947401
58833.698997 24.994492 0.06190761
58833.699574 24.871358 0.046941846
58833.700162 24.857011 0.043954144
58833.700738 24.895013 0.049907181
58833.701314 24.878434 0.046952745
58833.701879 24.899888 0.065944345
58833.702433 24.926525 0.052943184
58833.702997 24.884761 0.038971468
58833.703569 24.862311 0.03896539
58833.704138 24.839994 0.042972156
58833.704693 24.884829 0.040964926
58833.705269 24.819554 0.040944496
58833.705842 24.969707 0.050949287
58833.706416 24.880771 0.045928841
58833.706995 24.848537 0.042963686
58833.70756 24.937553 0.045964819
58833.708139 24.883281 0.039961271
58833.708701 24.871253 0.042933359
58833.709269 24.965262 0.045952793
58833.709837 24.857132 0.039963086
58833.710398 24.881189 0.045953421
58833.710961 24.930583 0.047949372
58833.711531 24.933549 0.04693117
58833.712096 24.829797 0.04294752
58833.712678 24.817537 0.043913919
58833.713245 24.902183 0.041908238
58833.713811 24.901931 0.045929528
58833.71438 24.818728 0.038926705
58833.714942 24.836759 0.037933414
58833.715515 24.87301 0.034958454
58833.716099 24.97777 0.042965624
58833.716662 24.882719 0.041970815
58833.717217 24.916535 0.039940948
58833.717786 24.874176 0.040967525
58833.718352 24.944353 0.044960357
58833.718933 24.895696 0.046946171
58833.719515 24.908032 0.046933486
58833.720081 24.985309 0.055872606
58833.720652 24.88606 0.041956271
58833.721229 24.881078 0.038942763
58833.721798 24.941218 0.048922634
58833.722365 24.865882 0.036934699
58833.722938 24.911736 0.036957122
58833.723517 25.031312 0.042948046
58833.724095 24.947355 0.034944568
58833.724659 24.902157 0.041945987
58833.725228 24.862261 0.036930429
58833.725794 24.93435 0.04292915
58833.726369 24.89254 0.046897308
58833.726949 25.063949 0.051910829
58833.727521 24.987323 0.046884711
58833.728085 24.961068 0.045902271
58833.728659 24.862253 0.039937488
58833.729226 24.909156 0.04394558
58833.729803 24.935932 0.042910809
58833.730359 25.00861 0.042949997
58833.730924 24.869051 0.035960013
58833.731502 24.902903 0.043941856
58833.732059 25.416137 0.073872547
58833.732632 25.298074 0.062910228
58833.733194 25.020334 0.05190768
58833.733759 24.846351 0.047819395
58833.734321 24.873555 0.051847728
0.0 0.0 0.0
0.0 0.0 0.0
58833.736003 24.781297 0.05586067
0.0 0.0 0.0
58833.737136 25.113872 0.06677947
58833.737691 25.27592 0.071882817
58833.738267 24.897638 0.056751722
0.0 0.0 0.0
0.0 0.0 0.0
0.0 0.0 0.0
0.0 0.0 0.0
58833.741085 24.71506 0.050742023
58833.741647 25.174159 0.062866368
58833.742215 25.049037 0.063842419
58833.742788 25.1365 0.060798692
58833.743365 25.179797 0.064875015
58833.743953 24.809881 0.049879975
58833.744526 25.258663 0.060891062
58833.745093 24.977646 0.04789356
58833.745664 25.113823 0.057907945
58833.746226 25.017051 0.050918535
58833.746789 24.922611 0.041933404
58833.747358 24.884453 0.041915811
58833.747921 24.892473 0.043901349
58833.748478 24.874037 0.039947407
58833.749035 24.942361 0.038956058
58833.749599 24.94644 0.040950489
58833.750168 24.950827 0.044852726
58833.750733 25.143472 0.054839448
58833.751298 24.782484 0.04281935
0.0 0.0 0.0
58833.752416 24.871044 0.048862522
58833.752988 24.965543 0.052871025
58833.753539 25.091184 0.050912487
58833.7541 24.992004 0.046891152
58833.754655 24.967009 0.04391997
58833.75523 24.926626 0.039963576
58833.755803 24.923412 0.044938577
58833.756377 24.913649 0.052903247
58833.756948 25.010318 0.04496534
58833.757519 24.895236 0.047966958
58833.758074 24.937908 0.045965126
58833.758639 24.883674 0.05491348
58833.759204 24.93883 0.050914432
58833.759765 24.883159 0.046952092
58833.760341 24.868335 0.047952328
58833.760921 24.854147 0.048954488
58833.761489 24.991785 0.067901613
58833.76205 24.895966 0.046943043
58833.762618 24.850982 0.047937466
58833.763196 24.888504 0.042927485
58833.763771 24.961141 0.049935109
58833.764345 24.946002 0.044965346
58833.764904 24.933136 0.048957726
58833.765469 24.870372 0.046938945
58833.766035 24.87538 0.046956919
58833.766604 24.867428 0.047947951
58833.767179 24.922094 0.041964897
58833.767754 24.867771 0.049964539
58833.768337 24.902407 0.047954309
58833.768906 24.882544 0.043961037
58833.769468 24.920124 0.050951761
58833.770037 24.884141 0.049910599
58833.770609 24.91805 0.053940955
58833.771176 24.878315 0.055883772
58833.77175 24.882845 0.051887134
58833.772312 24.935593 0.063874615
58833.772873 24.897485 0.066840066
58833.773436 25.360507 0.11185654
58833.774013 25.112628 0.086766901
58833.774581 24.915008 0.060839184
58833.775149 24.878826 0.064829542
58833.775718 24.869498 0.064884659
58833.776274 24.855866 0.059881683
58833.776849 24.993962 0.07191685
58833.777425 24.888626 0.064908741
58833.777996 24.944352 0.063887624
58833.778564 24.997145 0.061912003
58833.779126 25.18082 0.071881137
58833.779701 25.016008 0.065796455
58833.780275 24.945103 0.057893202
0.0 0.0 0.0
58833.781394 25.024975 0.068860213
58833.781959 24.956889 0.056914997
58833.78252 24.863356 0.056781954
58833.783078 24.925935 0.062878717
58833.783656 24.864233 0.05689753
58833.784224 25.219138 0.071914412
58833.784791 24.96976 0.058936679
58833.785359 24.94273 0.053914344
58833.785923 24.935173 0.048909132
58833.786499 25.05016 0.058934226
58833.787075 24.973539 0.050937025
58833.787657 24.965813 0.055938699
58833.788243 24.974486 0.058934036
58833.788815 24.947974 0.048958484
58833.789431 24.93875 0.046961663
58833.789993 24.849939 0.04395402
58833.790558 24.915843 0.047960618
58833.791114 24.868698 0.049952349
58833.791692 24.889561 0.047968808
58833.792254 24.912557 0.03796517
58833.792819 24.90394 0.040950332
58833.793386 24.94682 0.041962039
58833.793945 24.929309 0.045937197
58833.794517 24.868712 0.040963405
58833.79508 24.931776 0.04094827
58833.795646 24.941118 0.042964651
58833.796225 24.915592 0.032974685
58833.79679 24.878118 0.041976795
58833.797352 24.907751 0.044949729
58833.797908 24.944995 0.036974856
58833.798484 24.87055 0.036974097
58833.799061 24.902854 0.035970003
58833.799624 24.867061 0.039957791
58833.800185 24.916456 0.041935623
58833.800756 24.911255 0.039968895
58833.801313 24.92562 0.038970418
58833.801876 24.879212 0.036964361
58833.802443 24.869116 0.036962686
58833.803031 24.964087 0.043968473
58833.803608 24.890057 0.037964983
58833.804175 24.925641 0.045977543
58833.804741 24.876188 0.035976973
58833.805316 24.935689 0.04397325
58833.805876 24.95575 0.04596764
58833.806445 24.962466 0.040979155
58833.807016 24.88627 0.044967525
58833.807582 24.94724 0.04796493
58833.80816 24.934749 0.048946192
58833.808724 24.957854 0.049968401
58833.809281 24.969588 0.043967097
58833.809857 24.849182 0.04196667
58833.810432 24.90385 0.046964502
58833.811002 24.953919 0.048968064
58833.81157 24.990467 0.040976138
58833.812141 24.959088 0.04497849
58833.81271 24.833735 0.033979248
58833.813283 24.893408 0.04197041
58833.81385 24.826676 0.028980924
58833.814425 24.91396 0.037979359
58833.81499 24.967718 0.04297919
58833.815567 24.942567 0.041980148
58833.816133 24.870808 0.040952035
58833.816698 24.892161 0.043965496
58833.817289 24.930692 0.040957461
58833.817864 24.841435 0.045952902
58833.818429 24.892905 0.041944647
58833.819011 24.925519 0.047958458
58833.819573 25.000092 0.052942044
58833.820146 24.8514 0.039963882
58833.82073 24.849774 0.038966948
58833.821295 24.905952 0.039962832
58833.821869 24.994908 0.054953333
58833.822431 24.995426 0.051959137
58833.822986 24.944454 0.054971294
58833.823546 24.868612 0.057951044
58833.824122 24.867029 0.050960747
58833.82469 24.958045 0.052950953
58833.82527 24.977337 0.057960987
58833.825842 24.875096 0.053964915
58833.826414 24.956313 0.054939515
58833.826987 25.017058 0.052960461
58833.827559 24.890674 0.044958529
58833.828123 24.968159 0.044968719
58833.828694 24.930611 0.04794858
58833.829263 24.895389 0.046911803
58833.829826 24.980698 0.043969477
58833.830398 24.840589 0.043951281
58833.830961 24.941766 0.038947797
58833.831526 24.938015 0.039968412
58833.832097 24.900331 0.040970395
58833.83267 24.891144 0.03895485
58833.833228 24.848624 0.041968823
58833.833798 25.063896 0.049917703
58833.834371 24.97221 0.048943743
58833.834936 24.956459 0.042960993
58833.83551 24.88634 0.039958841
58833.836083 24.941922 0.044955582
58833.836648 24.943337 0.045957266
58833.837231 24.952542 0.043942703
58833.837806 24.87423 0.045923951
58833.83839 25.007738 0.053924005
58833.838952 25.248402 0.073904562
58833.839512 24.874885 0.048956705
58833.840078 24.835156 0.05092772
58833.840638 24.883627 0.047960066
58833.841214 24.937514 0.046964716
58833.841784 24.868501 0.043960235
58833.842354 24.919209 0.048958299
58833.842932 24.922149 0.04995998
58833.8435 24.938671 0.045961228
58833.844068 24.916358 0.045969661
58833.84464 24.946234 0.046960147
58833.845192 24.941758 0.050967135
58833.845764 24.934457 0.048973331
58833.846315 24.880109 0.045968421
58833.846882 24.946857 0.049971789
58833.847447 24.984765 0.057968966
58833.848017 24.959379 0.058969555
58833.848583 24.893072 0.058967418
58833.849139 24.926292 0.060957478
58833.849713 24.865114 0.053964848
58833.850286 24.980757 0.055970066
