HJD mag magerr
58833.526351 25.154489 0.17276882
58833.526938 25.267207 0.15766036
58833.527497 25.08623 0.1148635
58833.528073 25.219472 0.14969725
58833.52864 25.23427 0.096824417
58833.529223 25.301739 0.14443774
0.0 0.0 0.0
58833.530369 25.194505 0.087706823
58833.530936 25.206492 0.081830132
58833.531508 25.18732 0.061876748
58833.532068 25.143001 0.063899207
58833.532639 25.14411 0.061817454
58833.533201 25.098561 0.050910554
58833.533765 25.195687 0.058928701
58833.534319 25.036526 0.060755464
58833.534878 25.188777 0.064743649
58833.535457 25.148765 0.054817731
58833.536022 25.1287 0.046926484
58833.536586 25.156785 0.046934513
58833.537148 25.129221 0.041941158
58833.537706 25.150967 0.046870803
58833.538275 25.181119 0.043920238
58833.538843 25.102763 0.034942712
58833.539403 25.207663 0.041916325
58833.539961 25.182071 0.038888379
58833.540691 25.168915 0.038946958
58833.54127 25.115729 0.034942592
58833.541834 25.118952 0.036954116
58833.542384 25.135636 0.039955544
58833.542946 25.184018 0.037927067
58833.543507 25.122296 0.032962629
58833.544071 25.154947 0.032966595
58833.544644 25.120373 0.030943791
58833.545206 25.211018 0.039939065
58833.545767 25.145406 0.030963972
58833.54634 25.163886 0.030968829
58833.546924 25.222714 0.035940016
58833.547488 25.153653 0.035915269
58833.548053 25.261816 0.035928961
58833.548633 25.130527 0.031961566
58833.549203 25.208299 0.030957459
58833.549779 25.173263 0.029964967
58833.550355 25.168957 0.040956893
58833.550911 25.176122 0.030951437
58833.551466 25.10365 0.032932608
58833.552025 25.160451 0.03792316
58833.552609 25.100989 0.038915559
58833.553172 25.115259 0.036932173
58833.553736 25.136393 0.033930482
58833.554298 25.144329 0.029969456
58833.554862 25.105813 0.028971069
58833.55542 25.155912 0.030970472
58833.556007 25.14337 0.031981535
58833.556565 25.08888 0.033978429
58833.557125 25.173251 0.037969154
58833.557676 25.193954 0.038975439
58833.558245 25.125038 0.036956868
58833.558811 25.19855 0.034958373
58833.559373 25.207803 0.039907774
58833.559928 25.142602 0.041834176
58833.560497 25.265512 0.053716743
58833.561052 25.236115 0.039905657
58833.561629 25.081838 0.037859435
58833.562183 25.186727 0.0409162
58833.562742 25.170142 0.033940365
58833.563315 25.132334 0.033953139
58833.563889 25.19791 0.042854126
58833.564461 25.266725 0.045740271
58833.565019 25.234976 0.033940177
58833.565576 25.146341 0.025984346
58833.566153 25.17961 0.037907934
58833.566722 25.086842 0.027924009
58833.56729 25.166545 0.030946856
58833.56785 25.060596 0.030921833
58833.568406 25.076642 0.026969643
58833.568961 25.148348 0.02897199
58833.569533 25.142225 0.027970251
58833.570095 25.101159 0.025977751
58833.57065 25.166266 0.0249865
58833.57121 25.184179 0.02697112
58833.571768 25.188344 0.027962297
58833.572322 25.125561 0.026975695
58833.572898 25.161522 0.02895644
58833.573468 25.264771 0.038899512
58833.574037 25.233433 0.03590449
58833.574593 25.254669 0.033923163
58833.575159 25.351179 0.057540469
58833.575726 25.227274 0.037849059
58833.576286 25.349143 0.045880425
58833.576839 25.196311 0.036884788
58833.577403 25.134995 0.030932081
58833.577964 25.119519 0.029935646
58833.578544 25.107247 0.031947954
58833.579114 25.191853 0.031905693
58833.579688 25.134445 0.034913056
58833.580238 25.145017 0.035887508
58833.58081 25.170798 0.0378729
58833.581375 25.191753 0.03884222
58833.581944 25.120786 0.032928213
58833.582509 25.178307 0.028952362
58833.58308 25.127239 0.033906898
58833.583647 25.232919 0.043828918
58833.584215 25.312345 0.048794079
58833.584762 25.241395 0.036873665
58833.585316 25.286984 0.043836517
58833.585886 25.186105 0.029938494
58833.586442 25.266204 0.037899989
58833.587001 25.259054 0.037839548
58833.587566 25.198505 0.047825669
58833.58814 25.322972 0.049805923
58833.588711 25.174203 0.024984498
58833.589285 25.234488 0.03093215
58833.589857 25.273792 0.041709988
58833.590423 25.159907 0.045677729
58833.590994 25.155846 0.045811056
58833.591559 25.33154 0.067734013
58833.592112 25.20047 0.05569839
58833.592665 25.232567 0.059710682
58833.593224 25.308883 0.069645872
58833.593796 25.324478 0.080781346
58833.594369 25.201078 0.077458406
58833.59492 25.196824 0.066674951
58833.595528 25.267706 0.05574374
58833.596082 25.19426 0.047856843
58833.596665 25.202425 0.047861916
58833.597231 25.209439 0.045841919
58833.597797 25.159798 0.040896739
58833.59838 25.213062 0.035915879
58833.598947 25.10574 0.030934176
58833.599512 25.178077 0.038909179
58833.60009 25.18635 0.035937235
58833.600655 25.234945 0.03694449
58833.601221 25.209432 0.033946155
58833.601788 25.216525 0.038909462
58833.602358 25.190081 0.037925672
58833.602926 25.161828 0.039926165
58833.60349 25.13419 0.049797694
58833.604047 25.189873 0.035929366
58833.604615 25.161801 0.04088399
58833.605171 25.134245 0.04486576
58833.605736 25.203308 0.047881086
58833.606292 25.13702 0.046868413
58833.606846 25.226068 0.044856642
58833.607409 25.168683 0.043870648
58833.607972 25.228964 0.046836421
58833.608554 25.164984 0.049843191
58833.609122 25.198663 0.04587002
58833.609691 25.142217 0.045855233
58833.61027 25.1592 0.036890507
58833.610843 25.183919 0.037885231
58833.611415 25.194683 0.038785929
58833.611993 25.15669 0.03985779
58833.612577 25.185579 0.036844004
58833.613137 25.250159 0.043819683
58833.613696 25.216435 0.042761179
58833.614278 25.202595 0.039844909
58833.614853 25.252338 0.043808928
58833.615407 25.205421 0.041767297
58833.615983 25.134278 0.040862285
58833.616534 25.272843 0.036814984
58833.617093 25.19814 0.050874179
58833.617655 25.199713 0.036911635
58833.618216 25.183182 0.041904375
58833.618781 25.135567 0.035947194
58833.619336 25.210893 0.040918609
58833.619908 25.187203 0.039907626
58833.620489 25.133049 0.036919565
58833.621073 25.210546 0.039914359
58833.621643 25.233521 0.044836564
58833.622212 25.188165 0.037912668
58833.622786 25.15237 0.044803077
58833.623339 25.240404 0.044891274
58833.623898 25.131848 0.040907531
58833.624467 25.145956 0.035926715
58833.625042 25.127078 0.034913467
58833.625625 25.197607 0.034945096
58833.626195 25.187583 0.033941541
58833.626758 25.174493 0.036923832
58833.627345 25.212432 0.035951323
58833.627901 25.182015 0.033966023
58833.628481 25.13022 0.033949443
58833.629058 25.165718 0.034961632
58833.629625 25.149273 0.034954333
58833.630194 25.135416 0.033956765
58833.630754 25.19489 0.037961657
58833.631339 25.118832 0.037921216
58833.631919 25.238453 0.047829249
58833.632476 25.122099 0.043830906
58833.633035 25.267951 0.047820902
58833.633609 25.174744 0.042898037
58833.634176 25.133704 0.059926566
58833.63477 25.178684 0.044853325
58833.63533 25.159027 0.035960424
58833.635896 25.132746 0.041927299
58833.636454 25.150301 0.033946603
58833.637031 25.132272 0.037880351
58833.637603 25.179472 0.041907198
58833.638178 25.209045 0.040889015
58833.638751 25.152002 0.036951605
58833.639317 25.112257 0.032954336
58833.639885 25.112047 0.034967546
58833.640451 25.111615 0.030977868
58833.641017 25.163821 0.031965061
58833.641587 25.148684 0.033963756
58833.642165 25.170383 0.038961359
58833.642733 25.155377 0.035956288
58833.643298 25.165395 0.041951029
58833.643881 25.14379 0.035957884
58833.644463 25.173396 0.035963846
58833.645038 25.139928 0.035959761
58833.645621 25.140406 0.034936551
58833.646196 25.160227 0.03593397
58833.646775 25.079448 0.034969549
58833.647352 25.177293 0.035969294
58833.647947 25.156551 0.038949688
58833.648518 25.137432 0.032975371
58833.649091 25.132707 0.033937419
58833.649661 25.120795 0.034972794
58833.650234 25.13829 0.036973356
58833.650812 25.140284 0.038964036
58833.651385 25.184941 0.040931185
58833.651942 25.216746 0.041956078
58833.652501 25.111268 0.040966974
58833.653051 25.17306 0.042944773
58833.653627 25.164177 0.036972281
58833.654196 25.306531 0.041953821
58833.654761 25.131963 0.035960846
58833.655332 25.098715 0.034959868
58833.655903 25.176565 0.037965326
58833.656459 25.134286 0.035976507
58833.657018 25.172185 0.033971844
58833.657575 25.151008 0.040973358
58833.658134 25.220085 0.039967553
58833.658729 25.140339 0.039961169
58833.659291 25.196749 0.040972832
58833.659866 25.13361 0.034974393
58833.660428 25.154882 0.039970008
58833.660996 25.151106 0.037961599
58833.661568 25.107145 0.035963071
58833.662129 25.135876 0.039959135
58833.662686 25.202208 0.047939051
58833.663254 25.109724 0.035973734
58833.663845 25.192318 0.042944848
58833.664399 25.071847 0.040955771
58833.664959 25.091707 0.043971748
58833.66553 25.170962 0.042976472
58833.666087 25.146197 0.039981753
58833.666661 25.127486 0.0359787
58833.66724 25.219945 0.036982002
58833.667808 25.119685 0.038977784
58833.668374 25.156108 0.033983317
58833.66894 25.157622 0.038977427
58833.669515 25.172223 0.037975487
58833.670105 25.125569 0.041963727
58833.670664 25.155318 0.037955539
58833.671231 25.164595 0.045961518
58833.671792 25.203074 0.044960059
58833.672357 25.19238 0.047952215
58833.672921 25.116235 0.044952521
58833.6735 25.164619 0.044976786
58833.674063 25.131716 0.045975221
58833.674632 25.178002 0.041953528
58833.675223 25.166175 0.049898159
58833.67579 25.129375 0.048945492
58833.67635 25.191587 0.045933582
58833.676916 25.149265 0.052955354
58833.677484 25.118885 0.053951598
58833.678056 25.133143 0.050941704
58833.678616 25.160396 0.059841421
58833.679182 25.1841 0.062853932
58833.679761 25.201268 0.067848087
58833.680323 25.2308 0.086554496
58833.680894 25.267118 0.07384946
58833.681455 25.16964 0.077659368
58833.68202 25.1826 0.070749169
58833.682591 25.293717 0.080688471
58833.683157 25.182169 0.069864385
58833.683728 25.308458 0.074855884
58833.68429 25.205252 0.073739145
58833.684864 25.183506 0.06091319
58833.685427 25.107353 0.053917166
58833.686006 25.141008 0.057872819
58833.68663 25.153247 0.057945909
58833.687197 25.140061 0.04894608
58833.687766 25.084449 0.054917404
58833.688335 25.154375 0.054949807
58833.6889 25.185494 0.054959443
58833.689473 25.155437 0.055937702
58833.690035 25.092567 0.049929735
58833.690606 25.135374 0.052938108
58833.691182 25.191059 0.052925184
58833.691769 25.19905 0.053919627
58833.692334 25.195958 0.062870869
58833.692912 25.222253 0.053912764
58833.693482 25.169495 0.044931243
58833.694055 25.110006 0.048949016
58833.694629 25.193799 0.05393181
58833.695214 25.213061 0.055945939
58833.695788 25.154881 0.053938776
58833.696709 25.162468 0.057941068
58833.697282 25.044038 0.060858312
58833.697854 25.256097 0.060927582
58833.698426 25.103003 0.050941132
58833.698997 25.157886 0.072947425
58833.699574 25.0895 0.052948577
58833.700162 25.246436 0.053965086
58833.700738 25.080895 0.058940406
58833.701314 25.178881 0.056960187
58833.701879 25.079223 0.067942717
58833.702433 25.128995 0.061969954
58833.702997 25.187473 0.052974487
58833.703569 25.128513 0.05196144
58833.704138 25.10497 0.052971252
58833.704693 25.184182 0.053972025
58833.705269 25.213066 0.054955852
58833.705842 25.128052 0.0499627
58833.706416 25.145727 0.061947791
58833.706995 25.134348 0.045969612
58833.70756 25.091896 0.049965653
58833.708139 25.123615 0.043969871
58833.708701 25.169068 0.049967196
58833.709269 25.161446 0.051954635
58833.709837 25.129572 0.044961543
58833.710398 25.130909 0.053954089
58833.710961 25.135344 0.057943967
58833.711531 25.047068 0.047951263
58833.712096 25.162525 0.055951815
58833.712678 25.168351 0.051943108
58833.713245 25.150641 0.047954411
58833.713811 25.14542 0.046954282
58833.71438 25.236055 0.050965985
58833.714942 25.182872 0.048968463
58833.715515 25.181099 0.048952234
58833.716099 25.12802 0.048971285
58833.716662 25.200984 0.053971985
58833.717217 25.169772 0.048934388
58833.717786 25.152746 0.046953613
58833.718352 25.113537 0.044961189
58833.718933 25.181998 0.05195432
58833.719515 25.210917 0.054955459
58833.720081 25.108292 0.052923982
58833.720652 25.100462 0.047941934
58833.721229 25.178618 0.047958251
58833.721798 25.159531 0.053937355
58833.722365 25.1679 0.046964769
58833.722938 25.184232 0.04296919
58833.723517 25.168853 0.046965146
58833.724095 25.134759 0.038969492
58833.724659 25.187104 0.051950648
58833.725228 25.194098 0.044966329
58833.725794 25.076679 0.046948761
58833.726369 25.205347 0.057897714
58833.726949 25.199205 0.054855604
58833.727521 25.151825 0.05191712
58833.728085 25.089054 0.046933664
58833.728659 25.251605 0.057939736
58833.729226 25.118222 0.047947045
58833.729803 25.195759 0.053956067
58833.730359 25.098033 0.044946963
58833.730924 25.157282 0.037969574
58833.731502 25.168943 0.052952993
58833.732059 25.222314 0.060892957
58833.732632 25.210624 0.054906315
58833.733194 25.125216 0.048916998
58833.733759 25.205176 0.059814996
58833.734321 25.123664 0.05990814
58833.734879 25.183011 0.063882618
58833.735444 25.183233 0.06085206
58833.736003 25.126718 0.068854313
58833.736571 25.137127 0.078862111
58833.737136 25.105012 0.065847492
58833.737691 25.143515 0.059921517
58833.738267 25.251026 0.074753842
58833.738823 25.180735 0.060867715
58833.739382 25.184107 0.063869755
58833.739948 25.324952 0.076847648
58833.740522 25.189088 0.064821347
58833.741085 25.116569 0.071693272
58833.741647 25.195998 0.059894956
58833.742215 25.148481 0.056912629
58833.742788 25.208814 0.0648497
58833.743365 25.245259 0.066906044
58833.743953 25.139224 0.059878403
58833.744526 25.18213 0.054863534
58833.745093 25.185777 0.052932844
58833.745664 25.2264 0.054937262
58833.746226 25.095261 0.047933468
58833.746789 25.179422 0.050949153
58833.747358 25.119929 0.04895743
58833.747921 25.160852 0.048955584
58833.748478 25.154473 0.043950886
58833.749035 25.20871 0.04596
58833.749599 25.176785 0.047961306
58833.750168 25.2393 0.056895004
58833.750733 25.166996 0.050909068
58833.751298 25.163766 0.052879697
58833.751854 25.11167 0.065782532
58833.752416 25.304337 0.059898855
58833.752988 25.215024 0.053909647
58833.753539 25.176665 0.05091891
58833.7541 25.217353 0.051949618
58833.754655 25.231207 0.04894851
58833.75523 25.202414 0.050961759
58833.755803 25.137837 0.055953231
58833.756377 25.223152 0.061958215
58833.756948 25.113861 0.050953859
58833.757519 25.203868 0.054960069
58833.758074 25.253715 0.055961832
58833.758639 25.15216 0.057934458
58833.759204 25.146331 0.06691261
58833.759765 25.110794 0.056955896
58833.760341 25.166435 0.0579604
58833.760921 25.094431 0.05295707
58833.761489 25.196757 0.073910068
58833.76205 25.175251 0.056957523
58833.762618 25.150879 0.059934931
58833.763196 25.120568 0.053970385
58833.763771 25.233991 0.058970831
58833.764345 25.249417 0.056964989
58833.764904 25.169421 0.059965406
58833.765469 25.172943 0.054968586
58833.766035 25.075581 0.054965588
58833.766604 25.046961 0.055962287
58833.767179 25.169137 0.058967663
58833.767754 25.0956 0.052973652
58833.768337 25.143484 0.051950685
58833.768906 25.174908 0.053965311
58833.769468 25.113123 0.05795473
58833.770037 25.162469 0.056962427
58833.770609 25.211203 0.06596459
58833.771176 25.092228 0.060921818
58833.77175 25.227102 0.069938912
58833.772312 25.163739 0.074928483
58833.772873 25.161345 0.07588291
58833.773436 25.276035 0.095857539
58833.774013 25.097954 0.085781145
58833.774581 25.144785 0.076856828
58833.775149 25.14862 0.072907748
58833.775718 25.124117 0.076897693
58833.776274 25.176862 0.077893702
58833.776849 25.061301 0.066939945
58833.777425 25.108118 0.079939966
58833.777996 25.215008 0.080908736
58833.778564 25.080262 0.066941162
58833.779126 25.079923 0.067924476
58833.779701 25.168958 0.068899794
58833.780275 25.165023 0.064907764
58833.780836 25.254166 0.081853775
58833.781394 25.276058 0.088893218
58833.781959 25.14512 0.068917146
58833.78252 25.172729 0.071927656
58833.783078 25.213772 0.072906285
58833.783656 25.140248 0.06793477
58833.784224 25.261372 0.075953907
58833.784791 25.082518 0.066943278
58833.785359 25.049752 0.053955589
58833.785923 25.155362 0.05895812
58833.786499 25.267597 0.069959246
58833.787075 25.19819 0.06994616
58833.787657 25.315777 0.065958624
58833.788243 25.165105 0.058951305
58833.788815 25.181073 0.057945063
58833.789431 25.154293 0.052964853
58833.789993 25.137852 0.056958771
58833.790558 25.163132 0.056977391
58833.791114 25.191424 0.063961758
58833.791692 25.117372 0.052974523
58833.792254 25.178017 0.049965032
58833.792819 25.144686 0.048968996
58833.793386 25.182341 0.049961299
58833.793945 25.199899 0.049966721
58833.794517 25.205327 0.05296141
58833.79508 25.200725 0.046962048
58833.795646 25.183478 0.049973975
58833.796225 25.135909 0.039972732
58833.79679 25.157789 0.049975307
58833.797352 25.191803 0.0439773
58833.797908 25.14909 0.043972674
58833.798484 25.185912 0.041974181
58833.799061 25.173599 0.039977887
58833.799624 25.114527 0.048955998
58833.800185 25.20349 0.051975983
58833.800756 25.111142 0.04496832
58833.801313 25.219915 0.044953614
58833.801876 25.128604 0.043966071
58833.802443 25.172059 0.048964799
58833.803031 25.1728 0.04897604
58833.803608 25.099697 0.0419705
58833.804175 25.114097 0.049975715
58833.804741 25.158758 0.049979262
58833.805316 25.213571 0.048978171
58833.805876 25.137424 0.053966348
58833.806445 25.154155 0.049978354
58833.807016 25.231446 0.053974358
58833.807582 25.25366 0.056961654
58833.80816 25.229697 0.060967775
58833.808724 25.22684 0.048977936
58833.809281 25.197332 0.049968214
58833.809857 25.116636 0.044975298
58833.810432 25.114111 0.052976188
58833.811002 25.155276 0.059972611
58833.81157 25.13678 0.048975187
58833.812141 25.189975 0.048976412
58833.81271 25.078688 0.038978777
58833.813283 25.266998 0.052972352
58833.81385 25.15619 0.045974244
58833.814425 25.118745 0.041976836
58833.81499 25.144343 0.046979108
58833.815567 25.141536 0.049972567
58833.816133 25.19239 0.047976533
58833.816698 25.076067 0.049971558
58833.817289 25.207474 0.053952571
58833.817864 25.123977 0.053967624
58833.818429 25.134801 0.047968527
58833.819011 25.227985 0.055962779
58833.819573 25.214031 0.054961949
58833.820146 25.21138 0.053958681
58833.82073 25.266441 0.055965842
58833.821295 25.191159 0.056959829
58833.821869 25.046676 0.054971393
58833.822431 25.122163 0.057968861
58833.822986 25.207509 0.061972712
58833.823546 25.23224 0.060965106
58833.824122 25.121066 0.06396059
58833.82469 25.068703 0.061949446
58833.82527 25.188159 0.057971034
58833.825842 25.195876 0.060968658
58833.826414 25.112842 0.061957093
58833.826987 25.089421 0.049966057
58833.827559 25.192188 0.05996085
58833.828123 25.232856 0.058968581
58833.828694 25.266768 0.054950143
58833.829263 25.100709 0.04996221
58833.829826 25.181525 0.050960864
58833.830398 25.121182 0.051941685
58833.830961 25.18362 0.052948425
58833.831526 25.211279 0.048967915
58833.832097 25.225089 0.051960837
58833.83267 25.188577 0.046953106
58833.833228 25.158573 0.049965361
58833.833798 25.113272 0.043963317
58833.834371 25.258602 0.057942866
58833.834936 25.173919 0.049962685
58833.83551 25.159011 0.050957567
58833.836083 25.155741 0.047969054
58833.836648 25.194311 0.05394267
58833.837231 25.20414 0.054962423
58833.837806 25.16404 0.056931265
58833.83839 25.217058 0.051949251
58833.838952 25.124781 0.057928429
58833.839512 25.036326 0.049960534
58833.840078 25.177288 0.061960507
58833.840638 25.151843 0.049953902
58833.841214 25.099116 0.051965436
58833.841784 25.155422 0.05197032
58833.842354 25.171064 0.050967873
58833.842932 25.136393 0.053963765
58833.8435 25.190043 0.055960227
58833.844068 25.209812 0.051969778
58833.84464 25.120823 0.056968682
58833.845192 25.127332 0.054971813
58833.845764 25.13499 0.05597805
58833.846315 25.159522 0.054973339
58833.846882 25.213482 0.058975284
58833.847447 25.116705 0.057975103
58833.848017 25.095829 0.064961174
58833.848583 25.130835 0.060969535
58833.849139 25.339966 0.074965922
58833.849713 25.01558 0.061957708
58833.850286 25.037742 0.055971649
