HJD mag magerr
0.0 0.0 0.0
0.0 0.0 0.0
58833.527497 25.452753 0.16489491
0.0 0.0 0.0
58833.52864 25.675761 0.14582787
0.0 0.0 0.0
0.0 0.0 0.0
58833.530369 25.794489 0.13879866
58833.530936 25.70636 0.12381862
58833.531508 25.626771 0.095880583
58833.532068 25.814347 0.098921522
58833.532639 25.6218 0.085840412
58833.533201 25.848315 0.095913579
58833.533765 25.71768 0.086914203
58833.534319 25.710462 0.098803511
58833.534878 25.750519 0.099829817
58833.535457 25.73253 0.094777541
58833.536022 25.673391 0.068928752
58833.536586 25.669479 0.0679229
58833.537148 25.845616 0.068925223
58833.537706 25.792762 0.074895536
58833.538275 25.791012 0.068892833
58833.538843 25.798853 0.057933939
58833.539403 25.582953 0.056926321
58833.539961 25.684026 0.051936543
58833.540691 25.636164 0.050929131
58833.54127 25.803594 0.061934275
58833.541834 25.735562 0.054948585
58833.542384 25.664036 0.052936266
58833.542946 25.659803 0.05993908
58833.543507 25.767172 0.053934211
58833.544071 25.721745 0.048936738
58833.544644 25.695721 0.044960617
58833.545206 25.703785 0.051917542
58833.545767 25.668188 0.049953306
58833.54634 25.704016 0.047965048
58833.546924 25.587673 0.044946053
58833.547488 25.654007 0.050922767
58833.548053 25.746614 0.052925927
58833.548633 25.774216 0.046951062
58833.549203 25.697317 0.045960903
58833.549779 25.735442 0.047958444
58833.550355 25.741272 0.055939845
58833.550911 25.728355 0.044959258
58833.551466 25.583789 0.043944209
58833.552025 25.716692 0.053933171
58833.552609 25.68315 0.054946622
58833.553172 25.747421 0.053946337
58833.553736 25.643507 0.05093867
58833.554298 25.744776 0.048959121
58833.554862 25.744143 0.048958179
58833.55542 25.695868 0.050963356
58833.556007 25.716925 0.050951674
58833.556565 25.696214 0.056974885
58833.557125 25.72783 0.056970021
58833.557676 25.684267 0.05697576
58833.558245 25.726633 0.054964065
58833.558811 25.682464 0.049948433
58833.559373 25.713552 0.053934823
58833.559928 25.72082 0.06088464
58833.560497 25.690561 0.07462301
58833.561052 25.734406 0.052908636
58833.561629 25.84868 0.058921277
58833.562183 25.626432 0.055920191
58833.562742 25.751097 0.053936181
58833.563315 25.617975 0.050948909
58833.563889 25.542343 0.054854082
58833.564461 25.498242 0.062550622
58833.565019 25.657736 0.043923723
58833.565576 25.687639 0.035988315
58833.566153 25.720834 0.058900382
58833.566722 25.731291 0.041965033
58833.56729 25.683189 0.050939849
58833.56785 25.670098 0.046948635
58833.568406 25.644214 0.044966643
58833.568961 25.632003 0.037960543
58833.569533 25.668922 0.040970508
58833.570095 25.658058 0.035974633
58833.57065 25.69103 0.035979287
58833.57121 25.661777 0.035971898
58833.571768 25.718792 0.041949705
58833.572322 25.765104 0.041977827
58833.572898 25.656079 0.043957697
58833.573468 25.662753 0.043928899
58833.574037 25.672548 0.050907651
58833.574593 25.735159 0.055909944
58833.575159 25.688039 0.074591492
58833.575726 25.715719 0.055836613
58833.576286 25.70546 0.054838976
58833.576839 25.658477 0.050883036
58833.577403 25.583198 0.039923715
58833.577964 25.73646 0.047956088
58833.578544 25.696523 0.045944607
58833.579114 25.759895 0.043942355
58833.579688 25.733728 0.05291247
58833.580238 25.701708 0.058903342
58833.58081 25.65698 0.053860166
58833.581375 25.733298 0.050908017
58833.581944 25.671969 0.045924812
58833.582509 25.732214 0.042938817
58833.58308 25.743148 0.054920804
58833.583647 25.690335 0.0548826
58833.584215 25.600951 0.057788759
58833.584762 25.71522 0.058857183
58833.585316 25.629773 0.058815784
58833.585886 25.572209 0.040924716
58833.586442 25.719284 0.049928605
58833.587001 25.556717 0.048915175
58833.587566 25.799842 0.076841904
58833.58814 25.853891 0.075851313
58833.588711 25.688199 0.044955764
58833.589285 25.622568 0.044928025
58833.589857 25.56355 0.057753998
58833.590423 25.671673 0.058846864
58833.590994 25.564554 0.067769023
58833.591559 25.726768 0.10068495
58833.592112 25.681871 0.075722083
58833.592665 25.614008 0.083721063
58833.593224 25.669331 0.091755201
58833.593796 25.648587 0.098830029
58833.594369 25.715343 0.10470151
58833.59492 25.479006 0.085649824
58833.595528 25.613442 0.078784659
58833.596082 25.533607 0.061837638
58833.596665 25.882809 0.075856758
58833.597231 25.710876 0.062880976
58833.597797 25.722332 0.06090416
58833.59838 25.750058 0.052944239
58833.598947 25.667557 0.046948526
58833.599512 25.714983 0.053918024
58833.60009 25.700102 0.056934702
58833.600655 25.719052 0.057950313
58833.601221 25.685365 0.049941145
58833.601788 25.670224 0.057916439
58833.602358 25.713362 0.058951304
58833.602926 25.706501 0.057936799
58833.60349 25.643244 0.070811715
58833.604047 25.779792 0.054941216
58833.604615 25.728055 0.063895412
58833.605171 25.701304 0.067881452
58833.605736 25.677105 0.069897676
58833.606292 25.745347 0.065919004
58833.606846 25.606419 0.065851188
58833.607409 25.558586 0.056886787
58833.607972 25.870859 0.080866907
58833.608554 25.826688 0.078880079
58833.609122 25.694855 0.069888626
58833.609691 25.733214 0.07085656
58833.61027 25.709543 0.060890783
58833.610843 25.728212 0.059901778
58833.611415 25.678001 0.051860828
58833.611993 25.573213 0.051833266
58833.612577 25.736869 0.057848633
58833.613137 25.685832 0.067791984
58833.613696 25.534273 0.051771184
58833.614278 25.562978 0.049836485
58833.614853 25.592123 0.055813587
58833.615407 25.690399 0.053840428
58833.615983 25.657961 0.055870785
58833.616534 25.677476 0.05985227
58833.617093 25.727448 0.072880905
58833.617655 25.644089 0.053923643
58833.618216 25.72563 0.063915451
58833.618781 25.754999 0.056910702
58833.619336 25.702329 0.05490584
58833.619908 25.700351 0.063914479
58833.620489 25.679072 0.048931297
58833.621073 25.752694 0.055939286
58833.621643 25.8183 0.06785665
58833.622212 25.663494 0.052913484
58833.622786 25.912448 0.077889174
58833.623339 25.660466 0.057900088
58833.623898 25.752377 0.062932779
58833.624467 25.732175 0.058937879
58833.625042 25.818561 0.063922343
58833.625625 25.772978 0.053934531
58833.626195 25.665946 0.055937461
58833.626758 25.710209 0.056937769
58833.627345 25.688838 0.050949476
58833.627901 25.814381 0.05096152
58833.628481 25.80002 0.056956122
58833.629058 25.712795 0.048928783
58833.629625 25.755955 0.051963308
58833.630194 25.799535 0.048962607
58833.630754 25.786878 0.048958673
58833.631339 25.563979 0.050907975
58833.631919 25.676972 0.069881759
58833.632476 25.681493 0.065883926
58833.633035 25.736541 0.066853058
58833.633609 25.598824 0.063781923
58833.634176 25.673615 0.076928681
58833.63477 25.756747 0.066896255
58833.63533 25.708307 0.053931732
58833.635896 25.678492 0.056895159
58833.636454 25.705275 0.048959976
58833.637031 25.66375 0.055934807
58833.637603 25.801202 0.065919789
58833.638178 25.700727 0.056907048
58833.638751 25.721802 0.053939867
58833.639317 25.741 0.057937067
58833.639885 25.704527 0.055943894
58833.640451 25.697121 0.052958979
58833.641017 25.693391 0.045954112
58833.641587 25.638042 0.050966172
58833.642165 25.711479 0.052957975
58833.642733 25.653155 0.045941158
58833.643298 25.805531 0.068958578
58833.643881 25.685827 0.048966176
58833.644463 25.72557 0.04996533
58833.645038 25.668679 0.053948975
58833.645621 25.673536 0.055944795
58833.646196 25.736441 0.057946113
58833.646775 25.59545 0.051966479
58833.647352 25.686351 0.048949152
58833.647947 25.6671 0.055943893
58833.648518 25.762019 0.063973222
58833.649091 25.7051 0.050968445
58833.649661 25.701808 0.054966282
58833.650234 25.745115 0.05396955
58833.650812 25.827754 0.06095347
58833.651385 25.615411 0.052946578
58833.651942 25.806243 0.060940921
58833.652501 25.737744 0.052963148
58833.653051 25.771336 0.060975794
58833.653627 25.743141 0.054975563
58833.654196 25.770807 0.060943886
58833.654761 25.728945 0.052968593
58833.655332 25.678178 0.052947785
58833.655903 25.711496 0.049972808
58833.656459 25.762568 0.062972015
58833.657018 25.747985 0.060973729
58833.657575 25.689493 0.054959025
58833.658134 25.679647 0.053965727
58833.658729 25.682299 0.05594643
58833.659291 25.679117 0.050970449
58833.659866 25.729331 0.058970586
58833.660428 25.737677 0.059945171
58833.660996 25.645533 0.054951919
58833.661568 25.704217 0.063946585
58833.662129 25.702069 0.055948923
58833.662686 25.743451 0.073917504
58833.663254 25.717642 0.064951563
58833.663845 25.794197 0.075950285
58833.664399 25.699046 0.057944301
58833.664959 25.854655 0.065967195
58833.66553 25.776566 0.057973515
58833.666087 25.692384 0.065972008
58833.666661 25.710067 0.057976076
58833.66724 25.736417 0.056978177
58833.667808 25.691694 0.059973969
58833.668374 25.745036 0.061980657
58833.66894 25.736019 0.067973525
58833.669515 25.694995 0.0669693
58833.670105 25.730148 0.068965832
58833.670664 25.685858 0.059962746
58833.671231 25.575406 0.063956979
0.0 0.0 0.0
58833.672357 25.862952 0.06995687
58833.672921 25.793629 0.067972441
58833.6735 25.71945 0.067952445
58833.674063 25.715692 0.058970068
58833.674632 25.77343 0.075934135
58833.675223 25.762908 0.083898829
58833.67579 25.624851 0.078924602
58833.67635 25.781284 0.07593095
58833.676916 25.708019 0.081950811
58833.677484 25.868952 0.091948494
58833.678056 25.702768 0.081888742
58833.678616 25.609761 0.091856282
58833.679182 25.79499 0.099865453
58833.679761 25.692925 0.10080987
58833.680323 25.689241 0.12170077
58833.680894 25.636701 0.10378045
58833.681455 25.587224 0.10077755
58833.68202 25.778019 0.11384505
58833.682591 25.705684 0.10871083
58833.683157 25.757397 0.09688292
58833.683728 25.67041 0.095822308
58833.68429 25.755556 0.11477696
58833.684864 25.638389 0.083918736
58833.685427 25.629319 0.087914117
58833.686006 25.661557 0.080890657
58833.68663 25.667709 0.08691935
58833.687197 25.555821 0.075949455
58833.687766 25.891563 0.099954914
58833.688335 25.742828 0.090921969
58833.6889 25.825278 0.098918283
58833.689473 25.717073 0.08094263
58833.690035 25.77236 0.082913805
58833.690606 25.706677 0.084922503
58833.691182 25.538381 0.074935829
58833.691769 25.663209 0.081892287
58833.692334 25.671625 0.087882211
0.0 0.0 0.0
58833.693482 25.574903 0.066933439
58833.694055 25.713169 0.079898035
58833.694629 25.67228 0.078948267
58833.695214 25.843788 0.091921945
58833.695788 25.694108 0.078947853
58833.696709 25.73814 0.10194412
58833.697282 25.631353 0.10789579
58833.697854 25.627174 0.076897833
58833.698426 25.747315 0.094938858
58833.698997 25.62928 0.094920541
58833.699574 25.649951 0.070948566
58833.700162 25.744796 0.07993775
58833.700738 25.732225 0.093922527
58833.701314 25.713101 0.083951198
58833.701879 25.720338 0.10695849
58833.702433 25.641859 0.095960383
58833.702997 25.7221 0.073966915
58833.703569 25.666917 0.075964869
58833.704138 25.659273 0.074975999
58833.704693 25.687168 0.08296637
58833.705269 25.61401 0.072960503
58833.705842 25.791019 0.09693064
58833.706416 25.668623 0.096950691
58833.706995 25.81856 0.087973226
58833.70756 25.760693 0.087958131
58833.708139 25.604973 0.061964997
58833.708701 25.609317 0.076938822
58833.709269 25.74454 0.076956551
58833.709837 25.734075 0.077928512
58833.710398 25.656858 0.073934944
58833.710961 25.700854 0.080936331
58833.711531 25.703288 0.087939577
58833.712096 25.770657 0.083954106
58833.712678 25.706778 0.073951544
58833.713245 25.711026 0.076946885
58833.713811 25.743073 0.078939148
58833.71438 25.715419 0.072950212
58833.714942 25.688359 0.064957672
58833.715515 25.679218 0.071958388
58833.716099 25.784317 0.078967988
58833.716662 25.650135 0.074964619
58833.717217 25.628527 0.061962481
58833.717786 25.792206 0.083939103
58833.718352 25.639362 0.078950431
58833.718933 25.681395 0.079954824
58833.719515 25.702052 0.074942933
58833.720081 25.804379 0.090890926
58833.720652 25.724415 0.076959232
58833.721229 25.689157 0.069951055
58833.721798 25.646055 0.07594995
58833.722365 25.650577 0.067958863
58833.722938 25.625235 0.057959204
58833.723517 25.735971 0.073935722
58833.724095 25.682132 0.059965774
58833.724659 25.737048 0.073955551
58833.725228 25.632668 0.0719564
58833.725794 25.690198 0.069907615
58833.726369 25.755371 0.089894742
58833.726949 25.798156 0.089915063
58833.727521 25.767929 0.073893412
58833.728085 25.77344 0.078906057
58833.728659 25.732782 0.076944445
58833.729226 25.653212 0.073924065
58833.729803 25.594422 0.069920104
58833.730359 25.695657 0.067953237
58833.730924 25.649069 0.064959813
58833.731502 25.796751 0.082942721
58833.732059 25.714255 0.084892971
58833.732632 25.686996 0.081910938
58833.733194 25.772769 0.089909517
58833.733759 25.567868 0.081896519
58833.734321 25.771115 0.092870804
58833.734879 25.772998 0.10190051
58833.735444 25.623904 0.095852348
58833.736003 25.897491 0.11087305
58833.736571 25.607347 0.11184442
58833.737136 25.711525 0.10481603
58833.737691 25.581973 0.081902572
58833.738267 25.819242 0.11576911
58833.738823 25.704632 0.091885186
58833.739382 25.679215 0.089875108
58833.739948 25.556976 0.094847662
58833.740522 25.514242 0.077836637
58833.741085 25.59506 0.10463407
58833.741647 25.683766 0.090902048
58833.742215 25.759965 0.091900199
58833.742788 25.669464 0.092859472
58833.743365 25.650886 0.095891933
58833.743953 25.618267 0.087896099
58833.744526 25.625726 0.078917562
58833.745093 25.703269 0.068901284
58833.745664 25.734895 0.086921118
58833.746226 25.744582 0.082937164
58833.746789 25.714631 0.07093507
58833.747358 25.774054 0.076951171
58833.747921 25.703621 0.078947625
58833.748478 25.666924 0.069954643
58833.749035 25.699301 0.069954634
58833.749599 25.759866 0.067954671
58833.750168 25.668594 0.073904637
58833.750733 25.709003 0.077899275
58833.751298 25.557945 0.074789155
58833.751854 25.662895 0.092876849
58833.752416 25.768723 0.091913122
58833.752988 25.728122 0.080915879
58833.753539 25.668849 0.084894448
58833.7541 25.757841 0.08190072
58833.754655 25.63472 0.069933418
58833.75523 25.724655 0.074955637
58833.755803 25.804142 0.098942999
58833.756377 25.557178 0.075945165
58833.756948 25.71426 0.068970044
58833.757519 25.668777 0.075964791
58833.758074 25.642478 0.074968427
58833.758639 25.600602 0.082924368
58833.759204 25.761517 0.11193015
58833.759765 25.802006 0.10093386
58833.760341 25.640767 0.083951069
58833.760921 25.835013 0.098960299
58833.761489 25.689602 0.10791655
58833.76205 25.622165 0.081944131
58833.762618 25.732462 0.085942879
58833.763196 25.762341 0.089936567
58833.763771 25.749503 0.082966596
58833.764345 25.613099 0.082955699
58833.764904 25.857736 0.10193948
58833.765469 25.842348 0.093970537
58833.766035 25.547573 0.074967245
58833.766604 25.715222 0.081961156
58833.767179 25.596678 0.072958486
58833.767754 25.686592 0.090966861
58833.768337 25.69802 0.084956503
58833.768906 25.785685 0.084964053
58833.769468 25.735533 0.094958902
58833.770037 25.687735 0.080954115
58833.770609 25.792782 0.10696261
58833.771176 25.568143 0.091900254
58833.77175 25.619449 0.10492986
58833.772312 25.705107 0.10890771
58833.772873 25.744366 0.12887417
58833.773436 25.467692 0.1218572
58833.774013 25.740113 0.13386846
58833.774581 25.657567 0.11390792
58833.775149 25.723987 0.12586401
58833.775718 25.787033 0.12789899
58833.776274 25.853428 0.13289182
58833.776849 25.640831 0.10094702
58833.777425 25.47565 0.098947381
58833.777996 25.736622 0.12191404
58833.778564 25.68635 0.10592545
58833.779126 25.67024 0.10890251
58833.779701 25.66876 0.11289414
58833.780275 25.636562 0.10990076
58833.780836 25.624989 0.10987614
58833.781394 25.558402 0.11586897
58833.781959 25.643069 0.101931
58833.78252 25.783058 0.11493068
58833.783078 25.83929 0.13491018
58833.783656 25.741031 0.10791985
58833.784224 25.639952 0.10492926
58833.784791 25.585988 0.091951902
58833.785359 25.591212 0.084951701
58833.785923 25.723698 0.079960818
58833.786499 25.729015 0.09894777
58833.787075 25.71974 0.10690826
58833.787657 25.816367 0.098960467
58833.788243 25.734632 0.095949584
58833.788815 25.790161 0.10294941
58833.789431 25.725086 0.088966212
58833.789993 25.750909 0.092964687
58833.790558 25.746875 0.086971674
58833.791114 25.67966 0.094954054
58833.791692 25.695391 0.074966197
58833.792254 25.69992 0.074962999
0.0 0.0 0.0
58833.793386 25.712672 0.072949685
58833.793945 25.709311 0.074959555
58833.794517 25.707519 0.065961709
58833.79508 25.704669 0.073956189
58833.795646 25.797767 0.070954123
58833.796225 25.705982 0.06596535
58833.79679 25.70697 0.064972169
58833.797352 25.791845 0.075973827
58833.797908 25.658271 0.06397342
58833.798484 25.643811 0.062974077
58833.799061 25.693853 0.066959373
58833.799624 25.659838 0.069967179
58833.800185 25.65259 0.057964715
58833.800756 25.687117 0.066969102
58833.801313 25.720041 0.06596922
58833.801876 25.65927 0.062958704
58833.802443 25.589148 0.070954307
58833.803031 25.698326 0.068973947
58833.803608 25.819708 0.079970645
58833.804175 25.702669 0.073975976
58833.804741 25.705864 0.072970729
58833.805316 25.695458 0.075979795
58833.805876 25.745019 0.086965655
58833.806445 25.778213 0.072978152
58833.807016 25.721239 0.078966793
58833.807582 25.581153 0.073963112
58833.80816 25.686208 0.085971619
58833.808724 25.648774 0.074972008
58833.809281 25.76304 0.072966294
58833.809857 25.544976 0.065970697
58833.810432 25.570055 0.071972619
58833.811002 25.657584 0.072974845
58833.81157 25.684547 0.07597639
58833.812141 25.632781 0.06497818
58833.81271 25.585178 0.065980487
58833.813283 25.667081 0.067974485
58833.81385 25.676564 0.067975277
58833.814425 25.487887 0.054979534
58833.81499 25.791683 0.072973307
58833.815567 25.71895 0.07397588
58833.816133 25.734066 0.076967253
58833.816698 25.681336 0.07897366
58833.817289 25.738299 0.076965001
58833.817864 25.695806 0.090959886
58833.818429 25.88778 0.090967194
58833.819011 25.580164 0.069963565
58833.819573 25.569431 0.07096536
58833.820146 25.577362 0.07394633
58833.82073 25.746618 0.070958111
58833.821295 25.768277 0.086966224
58833.821869 25.704362 0.087966964
58833.822431 25.546102 0.077966634
58833.822986 25.815775 0.094967842
58833.823546 25.664271 0.091964306
58833.824122 25.641107 0.088959953
58833.82469 25.689222 0.10296959
58833.82527 25.687515 0.1079653
58833.825842 25.836388 0.10896162
58833.826414 25.932459 0.12295995
58833.826987 25.757196 0.097964459
58833.827559 25.65813 0.092960089
0.0 0.0 0.0
58833.828694 25.850932 0.087966753
58833.829263 25.611177 0.074962389
58833.829826 25.691238 0.071963627
58833.830398 25.711779 0.083958056
58833.830961 25.801658 0.087953872
58833.831526 25.665663 0.066970002
58833.832097 25.573062 0.067969392
58833.83267 25.839912 0.083969956
58833.833228 25.740185 0.080955124
58833.833798 25.651492 0.071964336
58833.834371 25.783107 0.089961126
58833.834936 25.623287 0.072966228
58833.83551 25.690777 0.075969038
58833.836083 25.693355 0.071968966
58833.836648 25.601041 0.074947674
58833.837231 25.719039 0.079948962
58833.837806 25.722092 0.087909105
58833.83839 25.651468 0.079948441
58833.838952 25.648178 0.085932369
58833.839512 25.663281 0.08795929
58833.840078 25.73027 0.098954141
58833.840638 25.702916 0.079965657
58833.841214 25.769045 0.095964283
58833.841784 25.790735 0.08996263
58833.842354 25.79912 0.085968683
58833.842932 25.628486 0.077966837
58833.8435 25.625227 0.074961983
58833.844068 25.674937 0.084963373
58833.84464 25.652747 0.08196304
58833.845192 25.600445 0.082957808
58833.845764 25.722216 0.080974991
58833.846315 25.672848 0.076976113
58833.846882 25.788932 0.094975912
58833.847447 25.563973 0.082974973
58833.848017 25.788927 0.12696541
58833.848583 25.727016 0.10897049
58833.849139 25.661651 0.10695693
58833.849713 25.798882 0.10196299
58833.850286 25.633964 0.097970351
