HJD mag magerr
0.0 0.0 0.0
0.0 0.0 0.0
0.0 0.0 0.0
58833.528073 25.554487 0.17767898
58833.52864 25.573482 0.12982604
58833.529223 25.537811 0.17161194
58833.529794 25.777158 0.22960786
58833.530369 25.731823 0.14675205
58833.530936 25.750031 0.13389405
58833.531508 25.908471 0.1228861
58833.532068 25.611108 0.091903985
58833.532639 25.682549 0.08889285
58833.533201 25.478663 0.073930027
58833.533765 25.760383 0.097934354
0.0 0.0 0.0
58833.534878 25.745599 0.089804045
58833.535457 25.588559 0.083827894
58833.536022 25.518126 0.065922902
58833.536586 25.600358 0.063939458
58833.537148 25.504252 0.057934196
58833.537706 25.597356 0.069881856
58833.538275 25.60261 0.058925548
58833.538843 25.59318 0.052930004
58833.539403 25.599106 0.053930254
58833.539961 25.556315 0.049942598
58833.540691 25.712745 0.051960785
58833.54127 25.613259 0.049927755
58833.541834 25.593391 0.050943969
58833.542384 25.628006 0.056937371
58833.542946 25.608841 0.056933031
58833.543507 25.662959 0.049951139
58833.544071 25.627739 0.043969499
58833.544644 25.606962 0.047962212
58833.545206 25.67249 0.049935979
58833.545767 25.574124 0.050951293
58833.54634 25.624443 0.046960879
58833.546924 25.668703 0.052942185
58833.547488 25.567297 0.049936291
58833.548053 25.559412 0.043942771
58833.548633 25.591975 0.047961261
58833.549203 25.600682 0.045957926
58833.549779 25.598018 0.04295637
58833.550355 25.634411 0.050941639
58833.550911 25.65281 0.041934842
58833.551466 25.633793 0.045940863
58833.552025 25.61248 0.05291467
58833.552609 25.721588 0.065912908
58833.553172 25.672958 0.059940992
58833.553736 25.733925 0.054950115
58833.554298 25.619185 0.042964482
58833.554862 25.611157 0.050962213
58833.55542 25.632631 0.047975237
58833.556007 25.577579 0.044979686
58833.556565 25.542006 0.045977483
58833.557125 25.643076 0.053972402
58833.557676 25.677059 0.063977972
58833.558245 25.649408 0.054961759
58833.558811 25.635491 0.048945812
58833.559373 25.613237 0.054933621
58833.559928 25.598963 0.056860627
58833.560497 25.528557 0.070795618
58833.561052 25.632311 0.053909503
58833.561629 25.602233 0.057902959
58833.562183 25.603503 0.054941397
58833.562742 25.559149 0.043946813
58833.563315 25.605017 0.04794812
58833.563889 25.610797 0.063831026
58833.564461 25.570277 0.059762862
58833.565019 25.673862 0.03995759
58833.565576 25.629639 0.03498735
58833.566153 25.702409 0.057920996
58833.566722 25.606002 0.048941299
58833.56729 25.542705 0.046939205
58833.56785 25.593882 0.054902844
58833.568406 25.63475 0.03597318
58833.568961 25.64412 0.034974484
58833.569533 25.603144 0.031980915
58833.570095 25.608323 0.038971917
58833.57065 25.565482 0.033983547
58833.57121 25.601783 0.034973627
58833.571768 25.625466 0.039973735
58833.572322 25.647543 0.0369689
58833.572898 25.616464 0.042957825
58833.573468 25.535253 0.042861948
58833.574037 25.686161 0.050895651
58833.574593 25.572075 0.04790744
58833.575159 25.646527 0.070717405
58833.575726 25.606156 0.051803342
58833.576286 25.467468 0.046843913
58833.576839 25.522331 0.044872334
58833.577403 25.588476 0.042951227
0.0 0.0 0.0
58833.578544 25.644771 0.047935232
58833.579114 25.66474 0.044955253
58833.579688 25.53522 0.046917728
58833.580238 25.60079 0.048906683
58833.58081 25.71625 0.053918469
58833.581375 25.460214 0.047801932
58833.581944 25.586095 0.043909354
58833.582509 25.593521 0.041945363
58833.58308 25.696605 0.05790723
58833.583647 25.610991 0.053869785
58833.584215 25.646536 0.067776623
58833.584762 25.460412 0.043885122
58833.585316 25.597013 0.052847198
58833.585886 25.552191 0.039921046
58833.586442 25.576513 0.040931577
58833.587001 25.59195 0.046919111
58833.587566 25.587813 0.066860723
58833.58814 25.46133 0.056889784
58833.588711 25.651299 0.037964468
58833.589285 25.596694 0.04093552
58833.589857 25.741737 0.055767606
58833.590423 25.688982 0.072761474
58833.590994 25.631091 0.068796301
58833.591559 25.71176 0.10172189
58833.592112 25.594018 0.07775322
58833.592665 25.628098 0.082737471
58833.593224 25.49508 0.078813241
58833.593796 25.697419 0.11681201
58833.594369 25.564698 0.1185053
58833.59492 25.571219 0.092745836
58833.595528 25.687224 0.082776195
58833.596082 25.610575 0.070859089
58833.596665 25.591704 0.070859346
58833.597231 25.59838 0.061834094
58833.597797 25.600239 0.055909234
58833.59838 25.63278 0.052946704
58833.598947 25.695714 0.045937147
58833.599512 25.659178 0.05491753
58833.60009 25.622975 0.053937869
58833.600655 25.612684 0.052946208
58833.601221 25.610339 0.048922139
58833.601788 25.595407 0.052944935
58833.602358 25.562453 0.047930509
58833.602926 25.582916 0.057896239
58833.60349 25.601357 0.07181222
58833.604047 25.565782 0.04992544
58833.604615 25.576309 0.059886322
58833.605171 25.586501 0.067830723
58833.605736 25.601664 0.062887866
58833.606292 25.60007 0.067888133
58833.606846 25.478861 0.05486565
58833.607409 25.607398 0.060881034
58833.607972 25.536683 0.060907956
58833.608554 25.597251 0.069849454
58833.609122 25.668471 0.063898432
58833.609691 25.569722 0.061838403
58833.61027 25.527504 0.053894107
58833.610843 25.542318 0.048890801
58833.611415 25.665823 0.054872783
58833.611993 25.481245 0.054854851
58833.612577 25.624765 0.055849513
58833.613137 25.53627 0.058850123
58833.613696 25.617876 0.05882806
58833.614278 25.540413 0.052871877
58833.614853 25.82218 0.074802307
58833.615407 25.550039 0.059842441
58833.615983 25.645102 0.056870679
58833.616534 25.658609 0.054899964
58833.617093 25.544776 0.056894591
58833.617655 25.575365 0.052926023
58833.618216 25.617158 0.051930427
58833.618781 25.639051 0.051939348
58833.619336 25.634107 0.058927493
58833.619908 25.602643 0.061915773
58833.620489 25.639676 0.052923431
58833.621073 25.575969 0.049934106
58833.621643 25.558754 0.05490456
58833.622212 25.645297 0.05691537
58833.622786 25.61556 0.065878655
58833.623339 25.590186 0.056924987
58833.623898 25.679107 0.064909916
58833.624467 25.601081 0.056933127
58833.625042 25.609671 0.049922422
58833.625625 25.692512 0.053930082
58833.626195 25.58123 0.044941612
58833.626758 25.604993 0.048895177
58833.627345 25.675094 0.043956881
58833.627901 25.557396 0.044956553
58833.628481 25.553126 0.046957605
58833.629058 25.592234 0.045953875
58833.629625 25.629466 0.043958159
58833.630194 25.61645 0.050958457
58833.630754 25.592832 0.051962953
58833.631339 25.657284 0.055900108
58833.631919 25.57374 0.066803015
58833.632476 25.527231 0.063832543
58833.633035 25.546575 0.056881066
58833.633609 25.603341 0.062872258
58833.634176 25.430541 0.075920689
58833.63477 25.661264 0.060903781
58833.63533 25.623054 0.0509473
58833.635896 25.636396 0.05691904
58833.636454 25.574415 0.044961826
58833.637031 25.67956 0.059890198
58833.637603 25.591952 0.055938144
58833.638178 25.648964 0.054902279
58833.638751 25.626869 0.048957793
58833.639317 25.508339 0.052954891
58833.639885 25.664243 0.054958791
58833.640451 25.615156 0.046977244
58833.641017 25.632963 0.042974649
58833.641587 25.639745 0.050958293
58833.642165 25.543389 0.053962035
58833.642733 25.661535 0.050961999
58833.643298 25.681726 0.058956118
58833.643881 25.582198 0.048946197
58833.644463 25.592944 0.046976527
58833.645038 25.618646 0.056963847
58833.645621 25.609913 0.055942375
58833.646196 25.677449 0.050944557
58833.646775 25.666225 0.051961372
58833.647352 25.618081 0.050965394
58833.647947 25.618575 0.059937514
58833.648518 25.594991 0.049978471
58833.649091 25.57076 0.045967296
58833.649661 25.537211 0.047974995
58833.650234 25.569044 0.049974796
58833.650812 25.58717 0.046968796
58833.651385 25.596476 0.051961407
58833.651942 25.684682 0.057961719
58833.652501 25.618075 0.054972421
58833.653051 25.616797 0.051978307
58833.653627 25.686309 0.049974121
58833.654196 25.755232 0.05995795
58833.654761 25.649452 0.053965875
58833.655332 25.623961 0.055973255
58833.655903 25.602097 0.052977092
58833.656459 25.602215 0.051977414
58833.657018 25.592974 0.049980785
58833.657575 25.658597 0.058980598
58833.658134 25.581494 0.052973225
58833.658729 25.637839 0.049962875
58833.659291 25.580365 0.055967512
58833.659866 25.663443 0.062978938
58833.660428 25.647716 0.057962878
58833.660996 25.730136 0.062964765
58833.661568 25.551383 0.053963329
58833.662129 25.66232 0.064946919
58833.662686 25.606034 0.064939969
58833.663254 25.714282 0.051976481
58833.663845 25.601097 0.064919731
58833.664399 25.612428 0.058960178
58833.664959 25.570006 0.063976237
58833.66553 25.635909 0.060971669
58833.666087 25.663154 0.052979072
58833.666661 25.629857 0.055979916
58833.66724 25.638531 0.056983867
58833.667808 25.538138 0.054981332
58833.668374 25.624282 0.060978066
58833.66894 25.558607 0.053973097
58833.669515 25.597946 0.065969652
58833.670105 25.758817 0.079961459
58833.670664 25.621058 0.059960131
58833.671231 25.745626 0.07396359
58833.671792 25.63735 0.064958739
58833.672357 25.620731 0.058960838
58833.672921 25.622806 0.072957645
58833.6735 25.52379 0.059973739
58833.674063 25.699885 0.069976903
58833.674632 25.710181 0.071958248
58833.675223 25.659853 0.075906901
58833.67579 25.667046 0.07694839
58833.67635 25.583708 0.066940028
58833.676916 25.512602 0.07395863
58833.677484 25.622078 0.078952717
58833.678056 25.632326 0.07594725
58833.678616 25.650313 0.095849301
58833.679182 25.680866 0.10086948
58833.679761 25.622068 0.096798837
58833.680323 25.567778 0.11559142
58833.680894 25.580127 0.09780226
58833.681455 26.004421 0.15167134
58833.68202 25.711062 0.10178325
58833.682591 25.608783 0.10177617
58833.683157 25.737614 0.10087674
58833.683728 25.558361 0.08786443
58833.68429 25.658165 0.10477198
58833.684864 25.42757 0.071921329
58833.685427 25.73943 0.096912714
58833.686006 25.650672 0.07888779
58833.68663 25.687072 0.083947429
58833.687197 25.585917 0.075962525
58833.687766 25.558865 0.082950335
58833.688335 25.62183 0.081959066
58833.6889 25.489052 0.07294771
58833.689473 25.718705 0.0829419
58833.690035 25.53234 0.075941167
58833.690606 25.637335 0.082916839
58833.691182 25.641973 0.081950124
58833.691769 25.499629 0.066931672
58833.692334 25.655904 0.082888078
58833.692912 25.648743 0.078916591
58833.693482 25.680104 0.076932468
58833.694055 25.619574 0.069935151
58833.694629 25.654396 0.081957092
58833.695214 25.625842 0.07695092
58833.695788 25.595517 0.074944504
58833.696709 25.516645 0.079944069
58833.697282 25.669398 0.10690541
58833.697854 25.610369 0.080925691
58833.698426 25.525278 0.073945004
58833.698997 25.65682 0.095930272
58833.699574 25.744425 0.092962413
58833.700162 25.742895 0.083967198
58833.700738 25.600507 0.08295479
58833.701314 25.478078 0.068956119
58833.701879 25.541265 0.10895923
58833.702433 25.66089 0.089972606
58833.702997 25.43944 0.055976074
58833.703569 25.578664 0.067963233
58833.704138 25.699686 0.08397837
58833.704693 25.651688 0.07797353
58833.705269 25.607417 0.072963912
58833.705842 25.599254 0.081951744
58833.706416 25.506428 0.078940607
58833.706995 25.716402 0.069972386
58833.70756 25.536938 0.079957373
58833.708139 25.558491 0.065960498
58833.708701 25.580495 0.068967598
58833.709269 25.615633 0.072968023
58833.709837 25.745789 0.086964893
58833.710398 25.64038 0.070969107
58833.710961 25.655016 0.092933928
58833.711531 25.628672 0.08695367
58833.712096 25.525712 0.079950338
58833.712678 25.630018 0.07794815
58833.713245 25.529455 0.0659572
58833.713811 25.631722 0.063959762
58833.71438 25.633767 0.068966397
58833.714942 25.642823 0.069961081
58833.715515 25.622451 0.06795923
58833.716099 25.670938 0.070972007
0.0 0.0 0.0
58833.717217 25.609437 0.066970751
58833.717786 25.58014 0.069958541
58833.718352 25.589428 0.072951367
58833.718933 25.585253 0.078956701
58833.719515 25.684934 0.079953854
58833.720081 25.538775 0.070943015
58833.720652 25.535531 0.070957408
58833.721229 25.585106 0.068946165
58833.721798 25.464663 0.070945378
58833.722365 25.746522 0.074953929
58833.722938 25.527862 0.060971264
58833.723517 25.526107 0.066955614
0.0 0.0 0.0
58833.724659 25.655969 0.071957107
58833.725228 25.603046 0.066959422
58833.725794 25.551592 0.071958059
58833.726369 25.765539 0.082937924
58833.726949 25.437816 0.067921737
58833.727521 25.671465 0.075886872
58833.728085 25.687294 0.071907823
58833.728659 25.564422 0.073942834
58833.729226 25.555184 0.067945269
58833.729803 25.498707 0.066959692
58833.730359 25.693827 0.07794836
58833.730924 25.632376 0.066961194
58833.731502 25.486765 0.066957395
58833.732059 25.647195 0.089890683
58833.732632 25.591078 0.075936713
58833.733194 25.743294 0.089912803
58833.733759 25.723312 0.09686925
58833.734321 25.54138 0.08090794
58833.734879 25.752405 0.094888494
58833.735444 25.659002 0.1008387
58833.736003 25.605905 0.10585744
58833.736571 25.422995 0.094852055
58833.737136 25.605331 0.10685382
58833.737691 25.541215 0.084897992
58833.738267 25.715155 0.11977673
58833.738823 25.558478 0.086874888
58833.739382 25.535661 0.084892144
58833.739948 25.838141 0.11983102
58833.740522 25.596676 0.095838524
58833.741085 25.650013 0.11180258
58833.741647 25.670985 0.091896782
58833.742215 25.668462 0.084919056
58833.742788 25.630168 0.08683569
58833.743365 25.560601 0.090893209
58833.743953 25.636901 0.094881944
58833.744526 25.580866 0.08090701
58833.745093 25.619364 0.07193693
58833.745664 25.653042 0.086920583
58833.746226 25.638645 0.078932574
58833.746789 25.64357 0.072932213
58833.747358 25.580197 0.072950279
58833.747921 25.478401 0.064944997
58833.748478 25.652116 0.068951977
58833.749035 25.571673 0.066950812
58833.749599 25.520103 0.064947984
58833.750168 25.582929 0.070898281
58833.750733 25.701113 0.081906663
58833.751298 25.525276 0.072859823
58833.751854 25.546386 0.082868717
58833.752416 25.50666 0.072911282
58833.752988 25.609721 0.07691673
58833.753539 25.669555 0.078925809
58833.7541 25.674362 0.072934718
58833.754655 25.552921 0.061950548
58833.75523 25.561602 0.071965365
58833.755803 25.573855 0.077939675
58833.756377 25.722723 0.088941281
58833.756948 25.533087 0.069965855
58833.757519 25.522533 0.077969145
58833.758074 25.76498 0.088964531
58833.758639 25.49877 0.082921633
58833.759204 25.568133 0.09490825
58833.759765 25.64019 0.096956633
58833.760341 25.479615 0.076957989
58833.760921 25.730986 0.09995787
58833.761489 25.894286 0.14091977
58833.76205 25.604483 0.082959852
58833.762618 25.717201 0.092944816
58833.763196 25.578057 0.075955902
58833.763771 25.608022 0.080973317
58833.764345 25.507603 0.075965874
58833.764904 25.594893 0.07497169
58833.765469 25.707312 0.076978957
58833.766035 25.493131 0.071969373
58833.766604 25.477671 0.075950878
58833.767179 25.67838 0.092972652
58833.767754 25.623632 0.084972018
58833.768337 25.670404 0.07496479
58833.768906 25.811918 0.10096707
58833.769468 25.694529 0.095946111
58833.770037 25.607422 0.084961807
58833.770609 25.517825 0.070955623
58833.771176 25.719925 0.10789889
58833.77175 25.608076 0.10492237
58833.772312 25.705939 0.12089924
58833.772873 25.567537 0.10787823
58833.773436 25.621303 0.12084533
58833.774013 25.681867 0.14886253
58833.774581 25.565715 0.11190609
58833.775149 25.656998 0.11290236
58833.775718 25.505909 0.10590518
58833.776274 25.491038 0.1009324
58833.776849 25.595057 0.1019457
58833.777425 25.780847 0.12994145
58833.777996 25.704741 0.12591943
58833.778564 25.746326 0.11494038
58833.779126 25.667707 0.10392624
58833.779701 25.696778 0.11092434
58833.780275 25.52385 0.093937026
58833.780836 25.668341 0.12685182
58833.781394 26.072769 0.19085068
58833.781959 25.628458 0.099931156
58833.78252 25.519264 0.090944426
58833.783078 25.515785 0.10089662
58833.783656 25.677156 0.11291383
58833.784224 25.781012 0.12194434
58833.784791 25.522306 0.088949798
0.0 0.0 0.0
58833.785923 25.530628 0.071964021
58833.786499 25.582831 0.090947865
58833.787075 25.608068 0.092953857
58833.787657 25.700198 0.10695403
58833.788243 25.643721 0.095950142
58833.788815 25.599933 0.086961443
58833.789431 25.738514 0.084967957
58833.789993 25.561417 0.079959135
0.0 0.0 0.0
58833.791114 25.556164 0.091950864
58833.791692 25.626897 0.071969196
58833.792254 25.671581 0.079950982
58833.792819 25.583833 0.069963538
58833.793386 25.487455 0.069953301
58833.793945 25.480093 0.071960035
58833.794517 25.600386 0.065964428
58833.79508 25.542886 0.057964565
58833.795646 25.612754 0.068967838
58833.796225 25.588031 0.054964082
58833.79679 25.575476 0.065976615
58833.797352 25.679531 0.068981331
58833.797908 25.651146 0.07097552
58833.798484 25.669769 0.06297797
58833.799061 25.679372 0.064973139
58833.799624 25.619874 0.072970026
58833.800185 25.529612 0.07097463
58833.800756 25.580068 0.066960007
58833.801313 25.615553 0.060967457
58833.801876 25.636271 0.068968992
58833.802443 25.659146 0.079953598
58833.803031 25.637664 0.077977633
58833.803608 25.637334 0.070970282
58833.804175 25.630387 0.072977947
58833.804741 25.637795 0.070977082
58833.805316 25.640149 0.074976309
58833.805876 25.697965 0.073969427
58833.806445 25.812835 0.093979552
58833.807016 25.576953 0.075975367
58833.807582 25.562892 0.068960811
58833.80816 25.638959 0.086974504
58833.808724 25.74894 0.074976447
58833.809281 25.555144 0.060971868
58833.809857 25.604317 0.064976496
58833.810432 25.592755 0.079969157
58833.811002 25.519498 0.068974195
58833.81157 25.588395 0.081978327
58833.812141 25.589664 0.072978155
58833.81271 25.672707 0.073980091
58833.813283 25.543615 0.065981871
58833.81385 25.646507 0.066981207
58833.814425 25.707265 0.066980438
58833.81499 25.668429 0.068981096
58833.815567 25.661158 0.072977465
58833.816133 25.765119 0.078976297
58833.816698 25.552732 0.071956132
58833.817289 25.61023 0.070968499
58833.817864 25.612363 0.074962507
58833.818429 25.692026 0.083964214
58833.819011 25.525136 0.075964611
58833.819573 25.705566 0.087972809
58833.820146 25.483471 0.066959983
58833.82073 25.563103 0.065968304
58833.821295 25.545151 0.068968079
58833.821869 25.495015 0.079967161
58833.822431 25.65411 0.083973829
58833.822986 25.568106 0.088976045
58833.823546 25.608628 0.094958806
58833.824122 25.600359 0.08995678
58833.82469 25.706948 0.097972193
58833.82527 25.690687 0.12097367
58833.825842 25.621587 0.09497039
58833.826414 25.556518 0.093955378
58833.826987 25.521379 0.083958271
58833.827559 25.52579 0.078964146
58833.828123 25.684659 0.086970275
58833.828694 25.663104 0.081955311
58833.829263 25.795181 0.093963203
58833.829826 25.65232 0.079953212
58833.830398 25.670839 0.087963256
58833.830961 25.618293 0.074965319
58833.831526 25.696866 0.068955546
58833.832097 25.569163 0.069970969
58833.83267 25.70702 0.072965309
58833.833228 25.696546 0.076965419
58833.833798 25.638882 0.074971997
58833.834371 25.892165 0.10695124
58833.834936 25.681483 0.08097142
58833.83551 25.603528 0.06996904
58833.836083 25.432627 0.061967754
58833.836648 25.599627 0.069969416
58833.837231 25.645963 0.080968776
58833.837806 25.534311 0.08193352
58833.83839 25.530443 0.067950069
58833.838952 25.526589 0.082932607
58833.839512 25.655446 0.083961706
58833.840078 25.589227 0.083952788
58833.840638 25.555864 0.073966624
58833.841214 25.596631 0.088964172
58833.841784 25.734092 0.082972747
58833.842354 25.669781 0.090968845
58833.842932 25.669663 0.087965541
58833.8435 25.583422 0.069969535
58833.844068 25.759738 0.089970377
58833.84464 25.658457 0.082968829
58833.845192 25.693928 0.084974458
58833.845764 25.699165 0.085976471
58833.846315 25.556884 0.076976948
58833.846882 25.634146 0.088979589
58833.847447 25.75273 0.1139666
58833.848017 25.554924 0.080975673
58833.848583 25.60453 0.11496894
58833.849139 25.539923 0.094972451
58833.849713 25.571477 0.096960731
58833.850286 25.549412 0.085975987
