HJD mag magerr
58833.526351 25.524489 0.23276727
58833.526938 25.174207 0.15266061
58833.527497 25.42523 0.15286213
58833.528073 25.480472 0.18369594
58833.52864 25.50127 0.12882278
58833.529223 25.527739 0.1794358
58833.529794 25.436112 0.16945858
58833.530369 25.193505 0.089706537
58833.530936 25.360492 0.096828916
58833.531508 25.37032 0.07887503
58833.532068 25.252001 0.063899207
58833.532639 25.33611 0.06381719
58833.533201 25.410561 0.069908547
58833.533765 25.328687 0.060928487
58833.534319 25.282526 0.075752194
58833.534878 25.272777 0.063743906
58833.535457 25.509765 0.072814303
58833.536022 25.3017 0.05092577
58833.536586 25.302785 0.04893418
58833.537148 25.313221 0.047940098
58833.537706 25.285967 0.053869204
58833.538275 25.358119 0.045919872
58833.538843 25.295763 0.04494034
58833.539403 25.349663 0.043915894
58833.539961 25.303071 0.038888379
58833.540691 25.334915 0.040946632
58833.54127 25.348729 0.043940396
58833.541834 25.344952 0.039953512
58833.542384 25.356636 0.040955337
58833.542946 25.360018 0.041926161
58833.543507 25.360296 0.039961283
58833.544071 25.326947 0.036965842
58833.544644 25.317373 0.03594239
58833.545206 25.305018 0.038939314
58833.545767 25.346406 0.036962636
58833.54634 25.344886 0.036967674
58833.546924 25.296714 0.036939715
58833.547488 25.361653 0.041913564
58833.548053 25.405816 0.040927382
58833.548633 25.364527 0.038960074
58833.549203 25.357299 0.034956583
58833.549779 25.369263 0.038963044
58833.550355 25.235957 0.037957418
58833.550911 25.368122 0.035950229
58833.551466 25.28265 0.033932278
58833.552025 25.354451 0.043921805
58833.552609 25.209989 0.038915559
58833.553172 25.307259 0.040931012
58833.553736 25.341393 0.040928667
58833.554298 25.298329 0.032968634
58833.554862 25.304813 0.03496954
58833.55542 25.285912 0.040968858
58833.556007 25.32137 0.040980483
58833.556565 25.36688 0.043977274
58833.557125 25.355251 0.040968774
58833.557676 25.387954 0.038975439
58833.558245 25.290038 0.040956133
58833.558811 25.35055 0.037957745
58833.559373 25.301803 0.039907774
58833.559928 25.316602 0.04983119
58833.560497 25.351512 0.059714439
58833.561052 25.377115 0.044904393
58833.561629 25.275838 0.046853956
58833.562183 25.298727 0.043915532
58833.562742 25.306142 0.036939394
58833.563315 25.416334 0.042951224
58833.563889 25.36091 0.046852363
58833.564461 25.460725 0.058734587
58833.565019 25.331976 0.029942494
58833.565576 25.259341 0.027983989
58833.566153 25.37161 0.041905552
58833.566722 25.302842 0.036919041
58833.56729 25.435545 0.041943736
58833.56785 25.335596 0.035918309
58833.568406 25.305642 0.030968263
58833.568961 25.394348 0.030971516
58833.569533 25.324225 0.031969452
58833.570095 25.308159 0.025977751
58833.57065 25.328266 0.028985749
58833.57121 25.370179 0.030970266
58833.571768 25.333344 0.029961746
58833.572322 25.333561 0.028975196
58833.572898 25.443522 0.034954529
58833.573468 25.346771 0.040898888
58833.574037 25.375433 0.042901668
58833.574593 25.389669 0.038921199
58833.575159 25.414179 0.061537551
58833.575726 25.422274 0.047843802
58833.576286 25.422143 0.042882188
58833.576839 25.405311 0.045881765
58833.577403 25.345995 0.035930384
58833.577964 25.283519 0.033934197
58833.578544 25.288247 0.034946967
58833.579114 25.337853 0.036904174
58833.579688 25.366445 0.040911182
58833.580238 25.370017 0.042884926
58833.58081 25.413798 0.042870961
58833.581375 25.290753 0.03984171
58833.581944 25.304786 0.034927342
58833.582509 25.316307 0.03495027
58833.58308 25.345239 0.041904187
58833.583647 25.387919 0.050826436
58833.584215 25.375345 0.048794079
58833.584762 25.354395 0.038871822
58833.585316 25.409984 0.045835119
58833.585886 25.307105 0.033936719
58833.586442 25.377204 0.037899989
58833.587001 25.409054 0.042837836
58833.587566 25.471505 0.057822048
58833.58814 25.317972 0.049805923
58833.588711 25.423203 0.028982895
58833.589285 25.370488 0.03492749
58833.589857 25.481792 0.051701753
58833.590423 25.223907 0.046677016
58833.590994 25.320846 0.05280784
58833.591559 25.45954 0.081728943
58833.592112 25.31147 0.05869719
58833.592665 25.476567 0.073706858
58833.593224 25.372883 0.073644746
58833.593796 25.232478 0.077782111
58833.594369 25.235078 0.078457735
58833.59492 25.331824 0.074672183
58833.595528 25.407706 0.064739432
58833.596082 25.36126 0.056854127
58833.596665 25.376425 0.056859298
58833.597231 25.311439 0.049840656
58833.597797 25.344798 0.044895666
58833.59838 25.333062 0.03691555
58833.598947 25.36374 0.037932023
58833.599512 25.302077 0.03990889
58833.60009 25.36135 0.047934448
58833.600655 25.361945 0.044943177
58833.601221 25.293432 0.039944558
58833.601788 25.313525 0.042908403
58833.602358 25.332081 0.037925672
58833.602926 25.359828 0.047924268
58833.60349 25.35319 0.061794255
58833.604047 25.396873 0.042927758
58833.604615 25.434801 0.05088138
58833.605171 25.264245 0.048864303
58833.605736 25.346308 0.05387986
58833.606292 25.41502 0.058865888
58833.606846 25.293068 0.046856011
58833.607409 25.357683 0.049869015
58833.607972 25.425964 0.056833685
58833.608554 25.267984 0.056841495
58833.609122 25.363663 0.049868987
58833.609691 25.369217 0.050853824
58833.61027 25.3292 0.044887889
58833.610843 25.320919 0.041883793
58833.611415 25.365683 0.041784547
58833.611993 25.35469 0.042856571
58833.612577 25.331579 0.042841024
58833.613137 25.351159 0.046818088
58833.613696 25.305435 0.046758906
58833.614278 25.336595 0.04384318
58833.614853 25.356338 0.045808032
58833.615407 25.420421 0.049764346
58833.615983 25.289278 0.043861175
58833.616534 25.488843 0.04880889
58833.617093 25.32814 0.053873577
58833.617655 25.354713 0.043909744
58833.618216 25.283182 0.044903654
58833.618781 25.398567 0.045945146
58833.619336 25.295893 0.044917766
58833.619908 25.326203 0.051905117
58833.620489 25.322049 0.039918739
58833.621073 25.299546 0.041913861
58833.621643 25.407521 0.051835011
58833.622212 25.334165 0.042911346
58833.622786 25.38037 0.05680017
58833.623339 25.448404 0.049890168
58833.623898 25.478848 0.05090546
58833.624467 25.352956 0.045924514
58833.625042 25.331078 0.041911354
58833.625625 25.330607 0.038944022
58833.626195 25.360583 0.040940019
58833.626758 25.375493 0.0429224
58833.627345 25.340432 0.036951134
58833.627901 25.348015 0.037965311
58833.628481 25.33722 0.038948445
58833.629058 25.362718 0.037961053
58833.629625 25.385273 0.039953495
58833.630194 25.329416 0.035956389
58833.630754 25.38789 0.037961657
58833.631339 25.241832 0.040920239
58833.631919 25.376453 0.053827471
58833.632476 25.276099 0.048829072
58833.633035 25.344951 0.047820902
58833.633609 25.404744 0.049896498
58833.634176 25.367704 0.063926156
58833.63477 25.300684 0.048852474
58833.63533 25.315027 0.039959703
58833.635896 25.310746 0.043926926
58833.636454 25.340301 0.038945549
58833.637031 25.370272 0.044878679
58833.637603 25.272472 0.045906571
58833.638178 25.371045 0.0438884
58833.638751 25.333002 0.039951111
58833.639317 25.327257 0.042952666
58833.639885 25.400047 0.040966651
58833.640451 25.334615 0.035977163
58833.641017 25.312821 0.036964261
58833.641587 25.367684 0.038962836
58833.642165 25.322383 0.041960913
58833.642733 25.352377 0.043955188
58833.643298 25.368395 0.043950778
58833.643881 25.34079 0.040957163
58833.644463 25.339396 0.040963228
58833.645038 25.329928 0.039959194
58833.645621 25.356406 0.044935154
58833.646196 25.283227 0.036933791
58833.646775 25.341448 0.041968597
58833.647352 25.350293 0.042968395
58833.647947 25.381551 0.045948744
58833.648518 25.297432 0.046973902
58833.649091 25.378707 0.044935841
58833.649661 25.312795 0.041971944
58833.650234 25.36129 0.043972626
58833.650812 25.325284 0.040963816
58833.651385 25.330941 0.043930808
58833.651942 25.336746 0.04795547
58833.652501 25.304268 0.038967234
58833.653051 25.39906 0.047944348
58833.653627 25.280177 0.039971917
58833.654196 25.334531 0.041953821
58833.654761 25.280963 0.037960552
58833.655332 25.331715 0.042958789
58833.655903 25.364565 0.041964899
58833.656459 25.342286 0.038976177
58833.657018 25.280185 0.039971201
58833.657575 25.309008 0.046972852
58833.658134 25.318085 0.043967095
58833.658729 25.313339 0.042960843
58833.659291 25.401749 0.043972554
58833.659866 25.38961 0.044973338
58833.660428 25.312882 0.043969586
58833.660996 25.282106 0.041961125
58833.661568 25.335145 0.043961868
58833.662129 25.312876 0.045958501
58833.662686 25.357208 0.058938021
58833.663254 25.412724 0.053972212
58833.663845 25.409318 0.053943662
58833.664399 25.364847 0.049954867
58833.664959 25.306707 0.041971934
58833.66553 25.348962 0.045976258
58833.666087 25.297197 0.044981372
58833.666661 25.344486 0.041978152
58833.66724 25.336945 0.043981509
58833.667808 25.316685 0.040977608
58833.668374 25.364108 0.042982492
58833.66894 25.343622 0.047976758
58833.669515 25.395223 0.054974267
58833.670105 25.316569 0.047963076
58833.670664 25.333318 0.052953972
58833.671231 25.312595 0.048961218
58833.671792 25.370074 0.049959537
58833.672357 25.25838 0.049952037
58833.672921 25.292235 0.053951734
58833.6735 25.345619 0.052976232
58833.674063 25.346716 0.050974914
58833.674632 25.387002 0.055952272
58833.675223 25.244175 0.051897921
58833.67579 25.319375 0.057944744
58833.67635 25.410587 0.06293188
58833.676916 25.282265 0.054955145
58833.677484 25.316885 0.061950965
58833.678056 25.380143 0.061940577
58833.678616 25.367396 0.071839613
58833.679182 25.3631 0.073852978
58833.679761 25.470268 0.083846409
58833.680323 25.2418 0.086554496
58833.680894 25.405118 0.085848359
58833.681455 25.24364 0.079659065
58833.68202 25.3956 0.079748072
58833.682591 25.452717 0.089687428
58833.683157 25.275169 0.075863781
58833.683728 25.350458 0.071856199
58833.68429 25.302252 0.080738309
58833.684864 25.330506 0.067912594
58833.685427 25.334353 0.065915999
58833.686006 25.282008 0.066871983
58833.68663 25.347247 0.064945497
58833.687197 25.269061 0.05694541
58833.687766 25.296449 0.067916212
58833.688335 25.255375 0.057949548
58833.6889 25.383494 0.062958934
58833.689473 25.353437 0.063937125
58833.690035 25.354567 0.058928811
58833.690606 25.341374 0.054937871
58833.691182 25.223059 0.05592486
58833.691769 25.39305 0.064918572
58833.692334 25.355958 0.059871292
58833.692912 25.412253 0.061911885
58833.693482 25.306495 0.060929474
58833.694055 25.384006 0.058948022
58833.694629 25.303799 0.061931125
58833.695214 25.256061 0.060945609
58833.695788 25.372881 0.065937917
58833.696709 25.415468 0.068940203
58833.697282 25.284038 0.073857176
58833.697854 25.353097 0.064927284
58833.698426 25.304003 0.06693997
58833.698997 25.410886 0.076947235
58833.699574 25.4155 0.069947599
58833.700162 25.324436 0.06196463
58833.700738 25.304895 0.069939762
58833.701314 25.299881 0.059959998
58833.701879 25.338223 0.091941872
58833.702433 25.293995 0.067969729
58833.702997 25.443473 0.059974178
58833.703569 25.329513 0.058961066
58833.704138 25.32397 0.057970994
58833.704693 25.363182 0.0609717
58833.705269 25.355066 0.055955791
58833.705842 25.223052 0.054962318
58833.706416 25.305727 0.064947585
58833.706995 25.353348 0.053969046
58833.70756 25.404896 0.062964866
58833.708139 25.285615 0.057968912
58833.708701 25.353068 0.057966689
58833.709269 25.475446 0.062953993
58833.709837 25.283572 0.052960791
58833.710398 25.385909 0.052954157
58833.710961 25.363344 0.061943631
58833.711531 25.375068 0.066949654
58833.712096 25.352525 0.058951576
58833.712678 25.312351 0.058942555
58833.713245 25.329641 0.054953721
58833.713811 25.40442 0.059953365
58833.71438 25.420055 0.055965651
58833.714942 25.282872 0.048968463
58833.715515 25.323099 0.048952234
58833.716099 25.42502 0.052971034
58833.716662 25.411984 0.056971835
58833.717217 25.342772 0.053934015
58833.717786 25.293746 0.051953191
58833.718352 25.370537 0.061959835
58833.718933 25.330998 0.05695389
58833.719515 25.338917 0.054955459
58833.720081 25.253292 0.058923361
58833.720652 25.360462 0.059940884
58833.721229 25.308618 0.055957544
58833.721798 25.356531 0.062936448
58833.722365 25.3719 0.048964591
58833.722938 25.359232 0.052968392
58833.723517 25.357853 0.051964734
58833.724095 25.340759 0.044968842
58833.724659 25.352104 0.057950101
58833.725228 25.351098 0.048965969
58833.725794 25.242679 0.051948154
58833.726369 25.424347 0.063897028
58833.726949 25.365205 0.064854434
58833.727521 25.405825 0.059916212
58833.728085 25.320054 0.054932756
58833.728659 25.304605 0.064939276
58833.729226 25.312222 0.054946429
58833.729803 25.259759 0.052956152
58833.730359 25.429033 0.062945486
58833.730924 25.319282 0.046968615
58833.731502 25.303943 0.058952495
58833.732059 25.295314 0.065892086
58833.732632 25.391624 0.06590513
58833.733194 25.331216 0.057915853
58833.733759 25.398176 0.072813442
58833.734321 25.204664 0.06590757
58833.734879 25.291011 0.072881709
58833.735444 25.406233 0.077849919
58833.736003 25.321718 0.081852994
58833.736571 25.293127 0.086861497
58833.737136 25.330012 0.078845976
58833.737691 25.399515 0.072920285
58833.738267 25.477026 0.089752365
58833.738823 25.363735 0.066866918
58833.739382 25.394107 0.071868843
58833.739948 25.237952 0.070848305
58833.740522 25.396088 0.083818863
58833.741085 25.406569 0.093690533
58833.741647 25.221998 0.061894722
58833.742215 25.260481 0.064911848
58833.742788 25.332814 0.069849031
58833.743365 25.401259 0.082904655
58833.743953 25.237224 0.069877219
58833.744526 25.31413 0.066862254
58833.745093 25.295777 0.058932297
58833.745664 25.3874 0.062936472
58833.746226 25.357261 0.063931975
58833.746789 25.417422 0.055948653
58833.747358 25.305929 0.050957234
58833.747921 25.403852 0.058954719
58833.748478 25.299473 0.048950365
58833.749035 25.35671 0.048959688
58833.749599 25.315785 0.050961033
58833.750168 25.4013 0.059894617
58833.750733 25.341996 0.060907814
58833.751298 25.347766 0.063878041
58833.751854 25.33167 0.079780934
58833.752416 25.345337 0.066898133
58833.752988 25.361024 0.060908835
58833.753539 25.322665 0.056918187
58833.7541 25.332353 0.052949515
58833.754655 25.399207 0.059947679
58833.75523 25.354414 0.054961453
58833.755803 25.262837 0.062952729
58833.756377 25.359152 0.065957999
58833.756948 25.259861 0.057953392
58833.757519 25.273868 0.065959415
58833.758074 25.409715 0.072960985
58833.758639 25.33216 0.065933723
58833.759204 25.330331 0.079911778
58833.759765 25.302794 0.06395544
58833.760341 25.311435 0.062960109
58833.760921 25.205431 0.059956549
58833.761489 25.268757 0.073910068
58833.76205 25.315251 0.065956978
58833.762618 25.310879 0.069934304
58833.763196 25.309568 0.058970072
58833.763771 25.316991 0.063970625
58833.764345 25.402417 0.064964582
58833.764904 25.340421 0.063965215
58833.765469 25.246943 0.054968586
58833.766035 25.406581 0.076964636
58833.766604 25.349961 0.070961527
58833.767179 25.343137 0.057967714
58833.767754 25.2546 0.068972883
58833.768337 25.340484 0.062949987
58833.768906 25.350908 0.06396464
58833.769468 25.297123 0.068954067
58833.770037 25.348469 0.063962039
58833.770609 25.282203 0.064964633
0.0 0.0 0.0
58833.77175 25.319102 0.081938263
58833.772312 25.320739 0.08392797
58833.772873 25.486345 0.10988112
58833.773436 25.255035 0.092857717
58833.774013 25.193954 0.098780275
58833.774581 25.285785 0.086856267
58833.775149 25.32362 0.084907061
58833.775718 25.295117 0.08889701
58833.776274 25.263862 0.087893112
58833.776849 25.374301 0.083939018
58833.777425 25.461118 0.10593907
58833.777996 25.324008 0.086908442
58833.778564 25.345262 0.079940431
58833.779126 25.327923 0.086923241
58833.779701 25.334958 0.077899136
58833.780275 25.391023 0.077906827
58833.780836 25.391166 0.087853312
58833.781394 25.368058 0.10189247
58833.781959 25.30212 0.072916807
58833.78252 25.282729 0.080927225
58833.783078 25.429772 0.09490515
58833.783656 25.411248 0.083933838
58833.784224 25.441372 0.089953222
58833.784791 25.295518 0.070943031
58833.785359 25.372752 0.06995434
58833.785923 25.264362 0.062957878
58833.786499 25.312597 0.067959354
58833.787075 25.38119 0.080945629
58833.787657 25.326777 0.074958146
58833.788243 25.402105 0.074950376
58833.788815 25.261073 0.067944494
58833.789431 25.295293 0.059964427
58833.789993 25.423852 0.068958099
58833.790558 25.366132 0.058977285
58833.791114 25.370424 0.071961334
58833.791692 25.438372 0.063973969
58833.792254 25.325017 0.054964674
58833.792819 25.347686 0.062968033
58833.793386 25.321341 0.05196113
58833.793945 25.298899 0.054966304
58833.794517 25.312327 0.054961262
58833.79508 25.317725 0.054961374
58833.795646 25.349478 0.049973975
58833.796225 25.306909 0.049971902
58833.79679 25.401789 0.059974745
58833.797352 25.300803 0.042977388
58833.797908 25.35909 0.057971805
58833.798484 25.344912 0.052973423
58833.799061 25.282599 0.041977687
58833.799624 25.348527 0.056955452
58833.800185 25.31349 0.048976178
58833.800756 25.407142 0.05996731
58833.801313 25.314915 0.052952916
58833.801876 25.339604 0.050965446
58833.802443 25.315059 0.057964171
58833.803031 25.3768 0.06097538
58833.803608 25.363697 0.058969312
58833.804175 25.354097 0.059975162
58833.804741 25.384758 0.0579788
58833.805316 25.322571 0.055977786
58833.805876 25.333424 0.060965957
58833.806445 25.342155 0.053978094
58833.807016 25.355446 0.060973993
58833.807582 25.25166 0.054961788
58833.80816 25.348697 0.063967614
58833.808724 25.36684 0.054977596
58833.809281 25.367332 0.053967948
58833.809857 25.362636 0.050974837
58833.810432 25.299111 0.060975792
58833.811002 25.330276 0.069972188
58833.81157 25.29578 0.063974376
58833.812141 25.352975 0.05897585
58833.81271 25.290688 0.049977881
58833.813283 25.453998 0.06397175
58833.81385 25.30819 0.044974318
58833.814425 25.342745 0.048976258
58833.81499 25.332343 0.050978862
58833.815567 25.383536 0.059971941
58833.816133 25.38339 0.055976047
58833.816698 25.254067 0.064970666
58833.817289 25.277474 0.051952716
58833.817864 25.429977 0.067966804
58833.818429 25.355801 0.061967505
58833.819011 25.300985 0.06196243
58833.819573 25.315031 0.058961693
58833.820146 25.27738 0.056958459
58833.82073 25.341441 0.056965783
58833.821295 25.480159 0.064959363
58833.821869 25.231676 0.059971103
58833.822431 25.488163 0.073968106
58833.822986 25.321509 0.067972461
58833.823546 25.30924 0.078964271
58833.824122 25.345066 0.068960357
58833.82469 25.425703 0.081948661
58833.82527 25.242159 0.072970245
58833.825842 25.433876 0.078967907
58833.826414 25.268842 0.07695623
58833.826987 25.280421 0.063965046
58833.827559 25.382188 0.0689604
58833.828123 25.395856 0.073967881
58833.828694 25.297768 0.058949885
58833.829263 25.423709 0.065961196
58833.829826 25.287525 0.054960551
58833.830398 25.361182 0.066940632
58833.830961 25.34762 0.055948203
58833.831526 25.300279 0.05496751
58833.832097 25.372089 0.057960404
58833.83267 25.355577 0.052952606
58833.833228 25.285573 0.055964943
58833.833798 25.324272 0.058962089
58833.834371 25.365602 0.065942226
58833.834936 25.374919 0.052962446
58833.83551 25.482011 0.064956579
58833.836083 25.293741 0.053968554
58833.836648 25.338311 0.054942588
58833.837231 25.36014 0.054962423
58833.837806 25.32204 0.057931152
58833.83839 25.327058 0.059948367
58833.838952 25.412781 0.076926817
58833.839512 25.322326 0.067959118
58833.840078 25.301288 0.073959844
58833.840638 25.304843 0.058953299
58833.841214 25.353116 0.064964541
58833.841784 25.326422 0.059969804
58833.842354 25.323064 0.066966858
58833.842932 25.382393 0.068962796
58833.8435 25.237043 0.05995997
58833.844068 25.363812 0.063969044
58833.84464 25.386823 0.067968098
58833.845192 25.334332 0.072970981
58833.845764 25.33399 0.061977753
58833.846315 25.437522 0.067972726
58833.846882 25.479482 0.071974793
58833.847447 25.308705 0.07897423
58833.848017 25.292829 0.072960835
58833.848583 25.445835 0.08796856
58833.849139 25.387966 0.083965622
58833.849713 25.40858 0.074957091
58833.850286 25.372742 0.081970605
