HJD mag magerr
0.0 0.0 0.0
0.0 0.0 0.0
58833.527497 25.350691 0.16082533
58833.528073 25.649487 0.19667838
58833.52864 25.689482 0.14482555
58833.529223 25.376811 0.14661289
58833.529794 25.440158 0.16161036
58833.530369 25.513823 0.13075278
58833.530936 25.521031 0.10989485
58833.531508 25.662471 0.10288674
58833.532068 25.641108 0.082904408
58833.532639 25.619549 0.086892954
58833.533201 25.601663 0.082929511
58833.533765 25.626383 0.083934895
58833.534319 25.435642 0.081723487
58833.534878 25.538599 0.075805588
58833.535457 25.624559 0.085827712
58833.536022 25.667126 0.070922473
58833.536586 25.684358 0.075938682
58833.537148 25.643252 0.060933894
58833.537706 25.554356 0.066882158
58833.538275 25.65161 0.05992546
58833.538843 25.63018 0.058929433
58833.539403 25.605106 0.057929876
58833.539961 25.567315 0.051942404
58833.540691 25.780745 0.063960008
58833.54127 25.633259 0.054927183
58833.541834 25.670391 0.057943401
58833.542384 25.587006 0.058937168
58833.542946 25.553841 0.046934113
58833.543507 25.536959 0.044951625
58833.544071 25.572739 0.042969596
58833.544644 25.729962 0.04996203
58833.545206 25.60549 0.050935835
58833.545767 25.659124 0.049951377
58833.54634 25.656443 0.046960879
58833.546924 25.646703 0.050942426
58833.547488 25.600297 0.05293588
58833.548053 25.638412 0.045942432
58833.548633 25.667975 0.050960988
58833.549203 25.656682 0.04195833
58833.549779 25.710018 0.04695597
58833.550355 25.619411 0.050941639
58833.550911 25.63281 0.04693431
58833.551466 25.585793 0.044940994
58833.552025 25.71248 0.056914186
58833.552609 25.631588 0.055913875
58833.553172 25.736958 0.061940784
58833.553736 25.494925 0.043951408
58833.554298 25.649185 0.048963878
58833.554862 25.658157 0.050962213
58833.55542 25.682631 0.048975163
58833.556007 25.645579 0.049979363
58833.556565 25.618006 0.054976919
58833.557125 25.623076 0.049972631
58833.557676 25.624059 0.049978608
58833.558245 25.586408 0.046962426
58833.558811 25.608491 0.052945446
58833.559373 25.605237 0.052933874
58833.559928 25.604963 0.059859954
0.0 0.0 0.0
58833.561052 25.618311 0.049910087
58833.561629 25.536233 0.057902959
58833.562183 25.612503 0.054941397
58833.562742 25.503149 0.046946352
58833.563315 25.625017 0.04994787
58833.563889 25.584797 0.057832505
58833.564461 25.585277 0.06376182
58833.565019 25.508862 0.035959049
58833.565576 25.562639 0.033987437
58833.566153 25.590409 0.050922889
58833.566722 25.607002 0.043942098
58833.56729 25.637705 0.049938753
58833.56785 25.639882 0.053903067
58833.568406 25.56875 0.038972648
58833.568961 25.55412 0.035974347
58833.569533 25.661144 0.035980451
58833.570095 25.529323 0.032972591
58833.57065 25.574482 0.033983547
58833.57121 25.551783 0.033973745
58833.571768 25.608466 0.039973735
58833.572322 25.550543 0.034969149
58833.572898 25.595464 0.038958449
58833.573468 25.569253 0.049860499
58833.574037 25.497161 0.045896943
58833.574593 25.548075 0.044908027
58833.575159 25.559527 0.066718668
0.0 0.0 0.0
58833.576286 25.445468 0.048842936
58833.576839 25.640331 0.054869299
58833.577403 25.587476 0.042951227
58833.577964 25.626116 0.047956129
58833.578544 25.637771 0.047935232
58833.579114 25.56774 0.03995601
58833.579688 25.59922 0.046917728
58833.580238 25.58879 0.048906683
58833.58081 25.55425 0.047919541
58833.581375 25.597214 0.052799648
58833.581944 25.576095 0.043909354
58833.582509 25.581521 0.041945363
58833.58308 25.634605 0.053907732
58833.583647 25.616991 0.056869239
58833.584215 25.530536 0.060779092
0.0 0.0 0.0
58833.585316 25.467013 0.046850637
58833.585886 25.613191 0.042920182
58833.586442 25.667513 0.04793009
58833.587001 25.56295 0.050918505
58833.587566 25.588813 0.068860335
58833.58814 25.65633 0.063888634
58833.588711 25.652299 0.045962809
58833.589285 25.619694 0.042934339
58833.589857 25.589737 0.050769927
58833.590423 25.533982 0.061764549
58833.590994 25.538091 0.059799192
0.0 0.0 0.0
58833.592112 25.710018 0.086751552
0.0 0.0 0.0
58833.593224 25.63008 0.081812803
58833.593796 25.535419 0.096814661
58833.594369 25.440698 0.1025099
58833.59492 25.473219 0.079748565
58833.595528 25.602224 0.070779052
58833.596082 25.639575 0.067859545
58833.596665 25.541704 0.06586013
58833.597231 25.60038 0.062833918
58833.597797 25.524239 0.056909114
58833.59838 25.56478 0.045947579
58833.598947 25.611714 0.050936544
58833.599512 25.628178 0.057917201
58833.60009 25.536975 0.045939009
58833.600655 25.594684 0.05494605
58833.601221 25.694339 0.056921167
58833.601788 25.767407 0.06694375
58833.602358 25.605453 0.048930337
58833.602926 25.643916 0.060895872
58833.60349 25.711357 0.075811676
58833.604047 25.623782 0.05292507
58833.604615 25.607309 0.060886193
58833.605171 25.606501 0.068830577
58833.605736 25.636664 0.065887537
58833.606292 25.59607 0.060888898
58833.606846 25.679861 0.067863692
58833.607409 25.636398 0.064880541
58833.607972 25.703683 0.071906736
58833.608554 25.589251 0.070849333
58833.609122 25.705471 0.064898332
0.0 0.0 0.0
58833.61027 25.610504 0.050894609
58833.610843 25.622318 0.052890056
58833.611415 25.593823 0.053872968
58833.611993 25.705245 0.057854267
58833.612577 25.635765 0.055849513
58833.613137 25.59727 0.056850613
58833.613696 25.522876 0.054829234
58833.614278 25.592413 0.051872141
0.0 0.0 0.0
58833.615407 25.618039 0.06284192
58833.615983 25.521102 0.051871619
58833.616534 25.544609 0.045901994
58833.617093 25.617776 0.066893447
58833.617655 25.585365 0.054925805
58833.618216 25.688158 0.066928781
58833.618781 25.699051 0.058938758
58833.619336 25.665107 0.060927327
58833.619908 25.663643 0.061915773
58833.620489 25.634676 0.056922997
58833.621073 25.558969 0.048934225
58833.621643 25.729754 0.064903443
58833.622212 25.672297 0.057915262
58833.622786 25.72356 0.073877862
58833.623339 25.572186 0.058924743
58833.623898 25.603107 0.062910094
58833.624467 25.667081 0.057933043
58833.625042 25.574671 0.052922037
58833.625625 25.659512 0.051930297
58833.626195 25.67823 0.047941242
58833.626758 25.636993 0.058894093
58833.627345 25.583094 0.045956685
58833.627901 25.675396 0.049956116
58833.628481 25.578126 0.04795752
58833.629058 25.640234 0.049953514
58833.629625 25.678466 0.048957715
58833.630194 25.50945 0.040959358
58833.630754 25.721832 0.062962268
58833.631339 25.653284 0.055900108
58833.631919 25.63374 0.068802668
58833.632476 25.473231 0.063832543
58833.633035 25.516575 0.055881272
58833.633609 25.695341 0.067871652
58833.634176 25.777541 0.1069192
58833.63477 25.542264 0.05790412
58833.63533 25.582054 0.060946578
58833.635896 25.659396 0.055919147
58833.636454 25.581415 0.049961328
58833.637031 25.61956 0.060890113
58833.637603 25.610952 0.054938229
58833.638178 25.599964 0.053902376
58833.638751 25.572869 0.048957793
58833.639317 25.602339 0.05795458
58833.639885 25.526243 0.042959714
58833.640451 25.601156 0.043977439
58833.641017 25.716963 0.054973894
58833.641587 25.559745 0.046958601
58833.642165 25.697389 0.053962035
58833.642733 25.652535 0.050961999
58833.643298 25.659726 0.056956226
58833.643881 25.521198 0.043946585
58833.644463 25.603944 0.045976591
58833.645038 25.733646 0.059963715
58833.645621 25.575913 0.051942607
58833.646196 25.554449 0.047944763
58833.646775 25.676225 0.051961372
58833.647352 25.625081 0.049965453
58833.647947 25.704575 0.060937466
58833.648518 25.615991 0.057978139
58833.649091 25.59476 0.051966931
58833.649661 25.621211 0.051974765
58833.650234 25.573044 0.051974686
58833.650812 25.65417 0.053968417
58833.651385 25.625476 0.057961081
58833.651942 25.580682 0.050962102
0.0 0.0 0.0
58833.653051 25.661797 0.059978
58833.653627 25.641309 0.05597381
58833.654196 25.615232 0.055958158
58833.654761 25.620452 0.049966093
58833.655332 25.604961 0.052973404
58833.655903 25.593097 0.052977092
58833.656459 25.632215 0.049977512
58833.657018 25.586974 0.049980785
58833.657575 25.665597 0.052980846
58833.658134 25.548494 0.051973279
58833.658729 25.572839 0.053962636
58833.659291 25.605365 0.050967754
58833.659866 25.736443 0.059979047
58833.660428 25.699716 0.054963024
58833.660996 25.675136 0.051965256
58833.661568 25.646383 0.0629628
58833.662129 25.62132 0.060947066
58833.662686 25.607034 0.068939755
58833.663254 25.593282 0.053976387
58833.663845 25.716097 0.075919249
58833.664399 25.692428 0.065959886
58833.664959 25.628006 0.067976123
58833.66553 25.630909 0.056971803
58833.666087 25.681154 0.064978675
58833.666661 25.641857 0.055979916
58833.66724 25.638531 0.049984086
58833.667808 25.668138 0.057981236
58833.668374 25.761282 0.068977847
58833.66894 25.540607 0.055973022
58833.669515 25.646946 0.057969908
58833.670105 25.600817 0.063961926
58833.670664 25.579058 0.058960178
58833.671231 25.647626 0.065963895
58833.671792 25.56135 0.064958739
58833.672357 25.658731 0.063960626
58833.672921 25.496806 0.061958052
58833.6735 25.64079 0.066973497
58833.674063 25.598885 0.061977124
58833.674632 25.772181 0.082957954
58833.675223 25.679853 0.06990718
58833.67579 25.663046 0.079948294
58833.67635 25.619708 0.079939459
58833.676916 25.632602 0.075958539
58833.677484 25.757078 0.092952273
58833.678056 25.698326 0.090946681
58833.678616 25.679313 0.098849125
58833.679182 25.673866 0.090869838
58833.679761 25.622068 0.094798949
58833.680323 25.461778 0.10559229
58833.680894 25.627127 0.10080211
58833.681455 25.624421 0.10167401
58833.68202 25.417062 0.088784049
58833.682591 25.565783 0.098776417
58833.683157 25.515614 0.08487759
58833.683728 25.614361 0.093864062
58833.68429 25.589165 0.09677244
58833.684864 25.58357 0.089920492
58833.685427 25.52443 0.074913703
58833.686006 25.717672 0.090887306
58833.68663 25.572072 0.075947679
58833.687197 25.759917 0.089962145
58833.687766 25.465865 0.074950653
58833.688335 25.73983 0.096958689
58833.6889 25.636052 0.080947438
58833.689473 25.668705 0.0829419
58833.690035 25.76634 0.086940796
58833.690606 25.668335 0.08491675
58833.691182 25.618973 0.075950363
58833.691769 25.532629 0.068931554
58833.692334 25.559904 0.07688848
58833.692912 25.654743 0.087916182
58833.693482 25.708104 0.080932302
58833.694055 25.754574 0.083934555
58833.694629 25.540396 0.067957634
58833.695214 25.599842 0.078950858
58833.695788 25.554517 0.076944431
58833.696709 25.703645 0.089943686
58833.697282 25.485398 0.08990602
58833.697854 25.607369 0.084925528
58833.698426 25.626278 0.083944666
58833.698997 25.53382 0.08993045
58833.699574 25.670425 0.087962524
58833.700162 25.719895 0.085967154
58833.700738 25.733507 0.090954556
58833.701314 25.532078 0.072955983
58833.701879 25.697265 0.12395902
58833.702433 25.61389 0.088972622
58833.702997 25.66244 0.078975416
58833.703569 25.692664 0.082962855
58833.704138 25.751686 0.075978535
58833.704693 25.615688 0.076973552
58833.705269 25.795417 0.089963558
58833.705842 25.595254 0.077951859
58833.706416 25.612428 0.083940438
58833.706995 25.766402 0.074972252
58833.70756 25.598938 0.082957301
58833.708139 25.861491 0.092959829
58833.708701 25.771495 0.080967245
58833.709269 25.515633 0.072968023
58833.709837 25.630789 0.070965344
58833.710398 25.54838 0.066969241
58833.710961 25.787016 0.089934016
58833.711531 25.628672 0.08195383
58833.712096 25.682712 0.083950192
58833.712678 25.524018 0.06594862
58833.713245 25.651455 0.078956652
58833.713811 25.611722 0.071959485
58833.71438 25.642767 0.070966326
58833.714942 25.746823 0.074960936
58833.715515 25.572451 0.06295942
58833.716099 25.600938 0.065972161
58833.716662 25.62626 0.066973809
58833.717217 25.688437 0.060970976
58833.717786 25.59614 0.06795861
58833.718352 25.737428 0.084951008
58833.718933 25.706253 0.076956773
58833.719515 25.734934 0.080953818
58833.720081 25.798775 0.095941969
58833.720652 25.589531 0.07695717
58833.721229 25.637106 0.070946079
58833.721798 25.471663 0.068945493
58833.722365 25.695522 0.071954028
58833.722938 25.635862 0.067971009
58833.723517 25.579107 0.070955467
58833.724095 25.621346 0.060962409
58833.724659 25.653969 0.075956948
58833.725228 25.714046 0.063959536
58833.725794 25.686592 0.070958111
58833.726369 25.568539 0.077938162
58833.726949 25.693816 0.083920884
58833.727521 25.715465 0.082886542
58833.728085 25.594294 0.077907562
58833.728659 25.750422 0.080942578
58833.729226 25.561184 0.064945416
58833.729803 25.818707 0.084959044
58833.730359 25.646827 0.074948461
58833.730924 25.521376 0.053961763
58833.731502 25.553765 0.072957126
58833.732059 25.811195 0.093890431
58833.732632 25.681078 0.086936188
58833.733194 25.624294 0.077913364
0.0 0.0 0.0
58833.734321 25.62738 0.088907554
58833.734879 25.733405 0.10888794
58833.735444 25.619002 0.094839068
58833.736003 25.659905 0.11885691
58833.736571 25.694995 0.12985053
58833.737136 25.726331 0.1118536
58833.737691 25.744215 0.095897479
58833.738267 25.842155 0.12977638
58833.738823 25.544478 0.081875221
58833.739382 25.741661 0.10889078
58833.739948 25.622141 0.099832044
58833.740522 25.620676 0.10583794
58833.741085 25.619013 0.11180258
58833.741647 25.558985 0.081897295
58833.742215 25.783462 0.09591865
58833.742788 25.735168 0.10183498
58833.743365 25.583601 0.092893116
58833.743953 25.578901 0.094881944
58833.744526 25.601866 0.079907064
58833.745093 25.614364 0.073936838
58833.745664 25.680042 0.08992047
58833.746226 25.713645 0.087932245
58833.746789 25.60357 0.071932264
58833.747358 25.672197 0.082949965
58833.747921 25.683401 0.076944478
58833.748478 25.684116 0.077951664
58833.749035 25.704673 0.066950812
58833.749599 25.672103 0.075947527
58833.750168 25.615929 0.079897652
58833.750733 25.612113 0.078906828
0.0 0.0 0.0
58833.751854 25.601386 0.090868191
58833.752416 25.61866 0.077910979
58833.752988 25.569721 0.07691673
58833.753539 25.490555 0.068926337
58833.7541 25.602362 0.069934868
58833.754655 25.546921 0.071950105
58833.75523 25.659602 0.082965044
58833.755803 25.637855 0.085939403
58833.756377 25.546723 0.080941525
58833.756948 25.646087 0.076965629
58833.757519 25.662533 0.081969026
58833.758074 25.68898 0.079964751
58833.758639 25.66077 0.088921394
58833.759204 25.531133 0.10090804
58833.759765 25.52819 0.081957029
58833.760341 25.705615 0.084957734
58833.760921 25.770986 0.096957932
58833.761489 25.487286 0.09792093
58833.76205 25.602483 0.082959852
58833.762618 25.544201 0.080945143
58833.763196 25.540057 0.077955846
58833.763771 25.694022 0.079973337
58833.764345 25.682603 0.085965614
58833.764904 25.698893 0.093971312
58833.765469 25.525312 0.075978979
58833.766035 25.667131 0.090968929
58833.766604 25.622671 0.082950671
58833.767179 25.57638 0.076973019
58833.767754 25.633632 0.092971848
58833.768337 25.651404 0.082964564
58833.768906 25.739918 0.09396721
58833.769468 25.679529 0.083946407
58833.770037 25.635422 0.086961757
58833.770609 25.582825 0.087955161
58833.771176 25.599925 0.10189909
58833.77175 25.719076 0.11392216
58833.772312 25.518939 0.097899945
58833.772873 25.455537 0.098878603
58833.773436 25.623303 0.11984536
58833.774013 25.622867 0.13086297
58833.774581 25.527715 0.10890617
58833.775149 25.714998 0.12590205
58833.775718 25.536909 0.096905478
58833.776274 25.578038 0.10493228
58833.776849 25.730057 0.10994552
58833.777425 25.783847 0.14394125
58833.777996 25.689741 0.1219195
58833.778564 25.648326 0.10894051
58833.779126 25.502707 0.099926375
58833.779701 25.635778 0.11292428
58833.780275 25.65585 0.1009368
58833.780836 25.614341 0.11585221
58833.781394 25.628769 0.1218522
58833.781959 25.712458 0.10193109
58833.78252 25.594264 0.096944243
58833.783078 25.421785 0.093896897
58833.783656 25.597156 0.095914317
58833.784224 25.621012 0.1109446
58833.784791 25.721306 0.11294922
58833.785359 25.659004 0.089953472
58833.785923 25.724628 0.098963344
58833.786499 25.634831 0.094947749
58833.787075 25.575068 0.090953909
58833.787657 25.707198 0.11295392
58833.788243 25.793721 0.11194979
58833.788815 25.552933 0.080961604
58833.789431 25.638514 0.078968098
58833.789993 25.743417 0.092958784
58833.790558 25.751982 0.087972507
58833.791114 25.674164 0.096950731
58833.791692 25.718897 0.086968827
58833.792254 25.634581 0.066951441
58833.792819 25.581833 0.068963577
58833.793386 25.652455 0.074953128
58833.793945 25.650093 0.073959959
58833.794517 25.678386 0.072964161
58833.79508 25.731886 0.074963834
58833.795646 25.541754 0.059968203
58833.796225 25.675031 0.063963701
58833.79679 25.568476 0.065976615
58833.797352 25.650531 0.065981409
58833.797908 25.670146 0.066975625
58833.798484 25.571769 0.065977886
58833.799061 25.599372 0.057973403
58833.799624 25.545874 0.063970323
58833.800185 25.579612 0.065974769
58833.800756 25.620068 0.068959938
58833.801313 25.696553 0.067967167
58833.801876 25.552271 0.068968992
58833.802443 25.693146 0.071953845
58833.803031 25.618664 0.078977611
58833.803608 25.671334 0.067970377
58833.804175 25.662387 0.077977827
58833.804741 25.677795 0.071977054
58833.805316 25.615149 0.063976586
58833.805876 25.625965 0.086969119
58833.806445 25.534835 0.067980147
58833.807016 25.558953 0.071975479
58833.807582 25.694892 0.073960615
58833.80816 25.561959 0.078974683
58833.808724 25.60294 0.067976648
58833.809281 25.620144 0.061971829
58833.809857 25.635317 0.072976244
58833.810432 25.746755 0.082969088
58833.811002 25.589498 0.075973979
58833.81157 25.544395 0.078978388
58833.812141 25.564664 0.070978208
58833.81271 25.580707 0.060980453
58833.813283 25.732615 0.080981492
58833.81385 25.570507 0.058981451
58833.814425 25.507265 0.063980525
58833.81499 25.708429 0.083980791
58833.815567 25.631158 0.069977547
58833.816133 25.578119 0.063976654
58833.816698 25.650732 0.077955952
58833.817289 25.69323 0.077968297
58833.817864 25.637363 0.078962351
58833.818429 25.630026 0.0739645
58833.819011 25.739136 0.08396439
58833.819573 25.696566 0.088972788
58833.820146 25.594471 0.070959809
58833.82073 25.602103 0.066968267
58833.821295 25.595151 0.076967834
58833.821869 25.691015 0.096966726
58833.822431 25.62811 0.080973911
58833.822986 25.567106 0.079976228
0.0 0.0 0.0
58833.824122 25.526359 0.08695686
58833.82469 25.550948 0.09697221
58833.82527 25.585687 0.10597391
58833.825842 25.548587 0.087970537
58833.826414 25.589518 0.096955291
58833.826987 25.586379 0.090958084
58833.827559 25.75079 0.098963697
58833.828123 25.579659 0.069970781
58833.828694 25.477104 0.06695578
58833.829263 25.670181 0.084963404
58833.829826 25.59132 0.080953184
58833.830398 25.523839 0.076963549
58833.830961 25.704293 0.080965147
58833.831526 25.627866 0.066955622
58833.832097 25.710163 0.073970829
58833.83267 25.60602 0.066965526
58833.833228 25.501546 0.064965841
58833.833798 25.602882 0.073972029
58833.834371 25.700165 0.082951871
58833.834936 25.627483 0.068971799
58833.83551 25.612528 0.06896908
58833.836083 25.683627 0.07196729
58833.836648 25.541627 0.064969629
58833.837231 25.677963 0.072969036
58833.837806 25.688311 0.087933247
58833.83839 25.556443 0.074949717
58833.838952 25.826589 0.10293184
58833.839512 25.645446 0.091961467
58833.840078 25.671227 0.091952549
58833.840638 25.610864 0.082966379
58833.841214 25.554631 0.087964199
58833.841784 25.592092 0.077972875
58833.842354 25.658781 0.08496899
58833.842932 25.747663 0.088965514
58833.8435 25.604422 0.085969032
58833.844068 25.600738 0.076970713
58833.84464 25.706457 0.091968607
58833.845192 25.668928 0.084974458
58833.845764 25.563165 0.081976552
58833.846315 25.627884 0.078976902
58833.846882 25.670146 0.075979869
58833.847447 25.55673 0.093966962
58833.848017 25.727924 0.094975356
58833.848583 25.59453 0.097969209
58833.849139 25.577923 0.10697226
58833.849713 25.779477 0.10696055
58833.850286 25.599412 0.094975799
