HJD mag magerr
0.0 0.0 0.0
58833.526938 25.227207 0.16366008
58833.527497 25.58923 0.18486143
58833.528073 25.270472 0.14769735
58833.52864 25.20727 0.097824348
58833.529223 25.169739 0.13243866
58833.529794 25.204112 0.1354615
58833.530369 25.380505 0.10270497
58833.530936 25.397492 0.097828849
58833.531508 25.31432 0.073875445
58833.532068 25.257001 0.063899207
58833.532639 25.24211 0.066816829
58833.533201 25.202561 0.063909036
58833.533765 25.252687 0.058928701
58833.534319 25.261526 0.075752194
58833.534878 25.213777 0.062744172
58833.535457 25.243765 0.060816335
58833.536022 25.3507 0.05092577
58833.536586 25.245785 0.04893418
58833.537148 25.247221 0.042940957
58833.537706 25.276967 0.05186961
58833.538275 25.363119 0.047919541
58833.538843 25.225763 0.040941127
58833.539403 25.260663 0.041916325
58833.539961 25.235071 0.040887898
58833.540691 25.245915 0.042946342
58833.54127 25.314729 0.042940588
58833.541834 25.236952 0.038953701
58833.542384 25.241636 0.039955544
58833.542946 25.319018 0.040926368
58833.543507 25.245296 0.033962395
58833.544071 25.266947 0.038965533
58833.544644 25.255373 0.037941956
58833.545206 25.261018 0.039939065
58833.545767 25.301406 0.035962822
58833.54634 25.265886 0.035967834
58833.546924 25.323714 0.040938685
58833.547488 25.246653 0.042913335
58833.548053 25.195816 0.035928961
58833.548633 25.249527 0.034960838
58833.549203 25.213299 0.034956583
58833.549779 25.248263 0.031964424
58833.550355 25.227957 0.039957058
58833.550911 25.298122 0.034950436
58833.551466 25.29365 0.03793117
58833.552025 25.264451 0.038922899
58833.552609 25.341989 0.044913744
58833.553172 25.333259 0.043930302
58833.553736 25.270393 0.037929344
58833.554298 25.283329 0.034968178
58833.554862 25.298813 0.036969158
58833.55542 25.207912 0.039968976
58833.556007 25.28437 0.040980483
58833.556565 25.22988 0.039977657
58833.557125 25.318251 0.041968662
58833.557676 25.286954 0.043974894
58833.558245 25.265038 0.035957082
58833.558811 25.26155 0.036957941
58833.559373 25.271803 0.040907498
58833.559928 25.360602 0.047831827
58833.560497 25.326512 0.056715522
58833.561052 25.283115 0.035906983
58833.561629 25.457838 0.052851444
58833.562183 25.242727 0.042915742
58833.562742 25.239142 0.036939394
58833.563315 25.289334 0.03995175
58833.563889 25.28791 0.043853651
58833.564461 25.297725 0.049738156
58833.565019 25.230976 0.033940177
58833.565576 25.278341 0.030983561
58833.566153 25.32761 0.042905031
58833.566722 25.257842 0.034919878
58833.56729 25.261545 0.033945762
58833.56785 25.432596 0.042914893
58833.568406 25.250642 0.031967982
58833.568961 25.282348 0.029971743
58833.569533 25.323225 0.030969627
58833.570095 25.235159 0.026977485
58833.57065 25.322266 0.031985331
58833.57121 25.277179 0.029970452
58833.571768 25.307344 0.031961283
58833.572322 25.275561 0.027975434
58833.572898 25.268522 0.032955072
58833.573468 25.229771 0.036900219
58833.574037 25.279433 0.041902004
58833.574593 25.278669 0.037921543
58833.575159 25.308179 0.053543873
58833.575726 25.346274 0.042846075
58833.576286 25.230143 0.037885799
58833.576839 25.338311 0.040883247
58833.577403 25.284995 0.036930113
58833.577964 25.260519 0.036933363
58833.578544 25.307247 0.035946682
58833.579114 25.289853 0.035904435
58833.579688 25.253445 0.037912029
58833.580238 25.218017 0.040885555
58833.58081 25.250798 0.040871668
58833.581375 25.428753 0.043839945
58833.581944 25.275786 0.036926583
58833.582509 25.306307 0.03495027
58833.58308 25.269239 0.038905045
58833.583647 25.309919 0.044828508
58833.584215 25.261345 0.042798352
58833.584762 25.203395 0.034875738
58833.585316 25.208984 0.040838897
58833.585886 25.329105 0.033936719
58833.586442 25.301204 0.038899647
58833.587001 25.224054 0.038839162
58833.587566 25.221505 0.050824414
58833.58814 25.181972 0.044807909
58833.588711 25.294203 0.025984054
58833.589285 25.288488 0.032929694
58833.589857 25.155792 0.039712216
58833.590423 25.446907 0.058670594
58833.590994 25.191846 0.04880955
58833.591559 25.33454 0.072731966
58833.592112 25.13647 0.052699745
58833.592665 25.210567 0.057711399
58833.593224 25.171883 0.058649861
58833.593796 25.344478 0.079781595
58833.594369 25.421078 0.098447282
58833.59492 25.321824 0.074672183
58833.595528 25.284706 0.056743188
58833.596082 25.25426 0.052855206
58833.596665 25.348425 0.054859796
58833.597231 25.341439 0.049840656
58833.597797 25.264798 0.045895432
58833.59838 25.257062 0.038914953
58833.598947 25.22374 0.033933117
58833.599512 25.224077 0.03990889
58833.60009 25.18835 0.040935842
58833.600655 25.271945 0.044943177
58833.601221 25.322432 0.036945279
58833.601788 25.191525 0.038909462
58833.602358 25.334081 0.041924748
58833.602926 25.285828 0.044924888
58833.60349 25.19219 0.050797336
58833.604047 25.268873 0.039928364
58833.604615 25.323801 0.045882517
58833.605171 25.251245 0.054862565
58833.605736 25.221308 0.047881086
58833.606292 25.19702 0.046868413
58833.606846 25.204068 0.044856642
58833.607409 25.221683 0.048869255
58833.607972 25.243964 0.053834384
58833.608554 25.332984 0.052842401
58833.609122 25.161663 0.044870312
58833.609691 25.330217 0.05185358
58833.61027 25.2682 0.042888435
58833.610843 25.378919 0.04588265
58833.611415 25.302683 0.041784547
58833.611993 25.29669 0.04585554
58833.612577 25.271579 0.0408419
58833.613137 25.197159 0.040821551
58833.613696 25.361435 0.047758407
58833.614278 25.268595 0.042843576
58833.614853 25.319338 0.048806846
58833.615407 25.290421 0.046765311
58833.615983 25.292278 0.04586053
58833.616534 25.186843 0.040812475
58833.617093 25.34614 0.057872885
58833.617655 25.249713 0.040910459
58833.618216 25.262182 0.042904121
58833.618781 25.271567 0.042945644
58833.619336 25.272893 0.044917766
58833.619908 25.241203 0.04690598
58833.620489 25.302049 0.041918267
58833.621073 25.203546 0.038914631
58833.621643 25.259521 0.045836307
58833.622212 25.186165 0.037912668
58833.622786 25.25437 0.050801421
58833.623339 25.252404 0.04189209
58833.623898 25.314848 0.044906572
58833.624467 25.265956 0.043924859
58833.625042 25.220078 0.039911866
58833.625625 25.292607 0.041943373
58833.626195 25.379583 0.035941031
58833.626758 25.246493 0.038923295
58833.627345 25.264432 0.037950957
58833.627901 25.275015 0.03896516
58833.628481 25.26222 0.037948619
58833.629058 25.229718 0.035961426
58833.629625 25.260273 0.036953964
58833.630194 25.271416 0.038955913
58833.630754 25.33289 0.041961045
58833.631339 25.297832 0.040920239
58833.631919 25.319453 0.051828011
58833.632476 25.272099 0.050828454
58833.633035 25.268951 0.046821267
58833.633609 25.259744 0.046897092
58833.634176 25.254704 0.059926566
58833.63477 25.212684 0.045853095
58833.63533 25.276027 0.040959548
58833.635896 25.215746 0.041927299
58833.636454 25.287301 0.035946138
58833.637031 25.284272 0.043878878
58833.637603 25.296472 0.045906571
58833.638178 25.221045 0.039889246
58833.638751 25.281002 0.039951111
58833.639317 25.338257 0.045952332
58833.639885 25.334047 0.039966778
58833.640451 25.273615 0.037976942
58833.641017 25.270821 0.036964261
58833.641587 25.330684 0.039962684
58833.642165 25.269383 0.039961202
58833.642733 25.204377 0.031957102
58833.643298 25.286395 0.041951029
58833.643881 25.27879 0.038957425
58833.644463 25.249396 0.037963575
58833.645038 25.262928 0.040959073
58833.645621 25.233406 0.039935743
58833.646196 25.233227 0.039933323
58833.646775 25.268448 0.039968829
58833.647352 25.255293 0.037968997
58833.647947 25.262551 0.041949237
58833.648518 25.202432 0.042974209
58833.649091 25.242707 0.04193617
58833.649661 25.351795 0.038972264
58833.650234 25.29529 0.039973006
58833.650812 25.266284 0.037964157
58833.651385 25.228941 0.041931052
58833.651942 25.289746 0.04495575
58833.652501 25.196268 0.0399671
58833.653051 25.28306 0.043944679
58833.653627 25.244177 0.034972566
58833.654196 25.251531 0.043953584
58833.654761 25.317963 0.042959961
58833.655332 25.267715 0.038959262
58833.655903 25.241565 0.041964899
58833.656459 25.222286 0.03697639
58833.657018 25.251185 0.041971035
58833.657575 25.293008 0.043973085
58833.658134 25.292085 0.043967095
58833.658729 25.293339 0.039961169
58833.659291 25.295749 0.039972935
58833.659866 25.31061 0.041973593
58833.660428 25.239882 0.041969785
58833.660996 25.305106 0.042961023
58833.661568 25.213145 0.047961438
58833.662129 25.267876 0.044958593
58833.662686 25.237208 0.052938522
58833.663254 25.248724 0.041973058
58833.663845 25.280318 0.048944124
58833.664399 25.249847 0.046955123
58833.664959 25.259707 0.04797143
58833.66553 25.302962 0.044976326
58833.666087 25.311197 0.045981307
58833.666661 25.318486 0.042978078
58833.66724 25.302945 0.039981766
58833.667808 25.261685 0.045977246
58833.668374 25.324108 0.042982492
58833.66894 25.308622 0.047976758
58833.669515 25.202223 0.044974856
58833.670105 25.264569 0.048962985
58833.670664 25.238318 0.046954458
58833.671231 25.285595 0.05096104
58833.671792 25.258074 0.053959198
58833.672357 25.23938 0.050951955
58833.672921 25.208235 0.046952315
58833.6735 25.283619 0.053976175
58833.674063 25.256716 0.045975221
58833.674632 25.271002 0.051952551
58833.675223 25.208175 0.054897602
58833.67579 25.257375 0.054944962
58833.67635 25.293587 0.058932181
58833.676916 25.412265 0.060954608
58833.677484 25.265885 0.063950834
58833.678056 25.277143 0.05594113
58833.678616 25.228396 0.063840734
58833.679182 25.2531 0.065853636
58833.679761 25.271268 0.07184759
58833.680323 25.3158 0.091553726
58833.680894 25.245118 0.07284957
58833.681455 25.29764 0.086658124
58833.68202 25.1836 0.06974931
58833.682591 25.293717 0.079688603
58833.683157 25.095169 0.060865544
58833.683728 25.252458 0.068856545
58833.68429 25.245252 0.075738888
58833.684864 25.289506 0.057913495
58833.685427 25.244353 0.062916244
58833.686006 25.076008 0.051873567
58833.68663 25.244247 0.056945977
58833.687197 25.295061 0.058945274
58833.687766 25.188449 0.055917289
58833.688335 25.306375 0.057949548
58833.6889 25.228494 0.055959371
58833.689473 25.133437 0.05293797
58833.690035 25.282567 0.054929179
58833.690606 25.247374 0.054937871
58833.691182 25.267059 0.05692476
58833.691769 25.27205 0.057919191
58833.692334 25.258958 0.063870737
58833.692912 25.251253 0.058912183
58833.693482 25.242495 0.051930314
58833.694055 25.202006 0.049948896
58833.694629 25.213799 0.051932019
58833.695214 25.200061 0.05994567
58833.695788 25.322881 0.05893837
58833.696709 25.232468 0.062940634
58833.697282 25.292038 0.074857107
58833.697854 25.288097 0.062927428
58833.698426 25.280003 0.059940392
58833.698997 25.269886 0.071947476
58833.699574 25.1285 0.052948577
58833.700162 25.282436 0.06196463
58833.700738 25.317895 0.076939457
58833.701314 25.301881 0.063959776
58833.701879 25.149223 0.076942332
58833.702433 25.296995 0.070969632
58833.702997 25.296473 0.05497439
58833.703569 25.177513 0.052961379
58833.704138 25.25697 0.055971091
58833.704693 25.316182 0.0609717
58833.705269 25.237066 0.052955981
58833.705842 25.305052 0.058962064
58833.706416 25.250727 0.065947521
58833.706995 25.249348 0.053969046
58833.70756 25.197896 0.057965122
58833.708139 25.273615 0.053969129
58833.708701 25.254068 0.050967123
58833.709269 25.189446 0.052954564
58833.709837 25.269572 0.052960791
58833.710398 25.246909 0.053954089
58833.710961 25.321344 0.064943408
58833.711531 25.250068 0.058950191
58833.712096 25.360525 0.062951297
58833.712678 25.191351 0.050943202
58833.713245 25.237641 0.052953897
58833.713811 25.27342 0.051953866
58833.71438 25.240055 0.047966223
58833.714942 25.190872 0.045968707
58833.715515 25.262099 0.051951987
58833.716099 25.20502 0.048971285
58833.716662 25.306984 0.057971789
58833.717217 25.240772 0.046934563
58833.717786 25.244746 0.050953268
58833.718352 25.273537 0.054960279
58833.718933 25.284998 0.05195432
58833.719515 25.260917 0.053955542
58833.720081 25.221292 0.057923455
58833.720652 25.236462 0.049941718
58833.721229 25.299618 0.053957699
58833.721798 25.152531 0.053937355
58833.722365 25.2869 0.049964508
58833.722938 25.285232 0.04296919
58833.723517 25.310853 0.052964662
58833.724095 25.287759 0.043968936
58833.724659 25.202104 0.050950753
58833.725228 25.286098 0.047966053
58833.725794 25.256679 0.051948154
58833.726369 25.212347 0.06189724
58833.726949 25.255205 0.058855081
58833.727521 25.268825 0.05891631
58833.728085 25.248054 0.052932954
58833.728659 25.346605 0.062939396
58833.729226 25.217222 0.050946757
58833.729803 25.229759 0.051956242
58833.730359 25.261033 0.051946248
58833.730924 25.225282 0.0409692
58833.731502 25.276943 0.052952993
58833.732059 25.262314 0.062892591
58833.732632 25.171624 0.052906592
58833.733194 25.208216 0.060915556
58833.733759 25.242176 0.063814441
58833.734321 25.145664 0.060908036
58833.734879 25.248011 0.070881889
58833.735444 25.268233 0.069850783
58833.736003 25.328718 0.089852388
58833.736571 25.276127 0.084861639
58833.737136 25.183012 0.070846836
58833.737691 25.242515 0.063921079
58833.738267 25.369026 0.078753387
58833.738823 25.236735 0.06186757
58833.739382 25.301107 0.073868649
58833.739948 25.400952 0.086846771
58833.740522 25.297088 0.073819994
0.0 0.0 0.0
58833.741647 25.249998 0.066894206
58833.742215 25.282481 0.061912114
58833.742788 25.168814 0.059850494
58833.743365 25.454259 0.080904796
58833.743953 25.255224 0.06887732
58833.744526 25.31613 0.063862523
58833.745093 25.261777 0.053932743
58833.745664 25.2534 0.058936838
58833.746226 25.255261 0.059932263
58833.746789 25.343422 0.050949153
58833.747358 25.249929 0.052957056
58833.747921 25.317852 0.055954942
58833.748478 25.184473 0.045950662
58833.749035 25.21071 0.046959891
58833.749599 25.258785 0.05196095
58833.750168 25.2173 0.054895289
58833.750733 25.257996 0.056908256
58833.751298 25.363766 0.064877921
58833.751854 25.30167 0.074781428
58833.752416 25.286337 0.06189863
58833.752988 25.183024 0.055909392
58833.753539 25.314665 0.057918083
58833.7541 25.292353 0.046950207
58833.754655 25.290207 0.053948084
58833.75523 25.276414 0.053961525
58833.755803 25.222837 0.054953315
58833.756377 25.254152 0.057958464
58833.756948 25.219861 0.0469542
58833.757519 25.382868 0.065959415
58833.758074 25.176715 0.052962045
58833.758639 25.29516 0.064933804
58833.759204 25.328331 0.080911726
58833.759765 25.262794 0.064955384
58833.760341 25.349435 0.070959737
58833.760921 25.248431 0.063956307
58833.761489 25.167757 0.07191024
58833.76205 25.197251 0.058957386
58833.762618 25.308879 0.071934201
58833.763196 25.303568 0.05797013
58833.763771 25.244991 0.058970831
58833.764345 25.219417 0.055965048
58833.764904 25.350421 0.065965128
58833.765469 25.192943 0.053968645
58833.766035 25.245581 0.061965204
58833.766604 25.274961 0.059962043
58833.767179 25.340137 0.062967477
58833.767754 25.2346 0.064973037
58833.768337 25.269484 0.059950149
58833.768906 25.209908 0.059964879
58833.769468 25.270123 0.068954067
58833.770037 25.316469 0.063962039
58833.770609 25.290203 0.064964633
58833.771176 25.310228 0.081920104
58833.77175 25.244102 0.07593856
58833.772312 25.272739 0.079928183
58833.772873 25.265345 0.078882683
58833.773436 25.242035 0.090857842
58833.774013 25.086954 0.082781389
0.0 0.0 0.0
58833.775149 25.43962 0.10590626
58833.775718 25.304117 0.087897059
58833.776274 25.220862 0.08389333
58833.776849 25.379301 0.083939018
58833.777425 25.175118 0.079939966
58833.777996 25.259008 0.081908683
58833.778564 25.232262 0.077940526
58833.779126 25.274923 0.080923564
58833.779701 25.262958 0.076899201
58833.780275 25.239023 0.070907284
58833.780836 25.306166 0.082853693
58833.781394 25.356058 0.10689224
58833.781959 25.15512 0.069917057
58833.78252 25.382729 0.078927311
58833.783078 25.129772 0.072906285
58833.783656 25.373248 0.081933933
58833.784224 25.153372 0.065954586
58833.784791 25.215518 0.060943716
58833.785359 25.408752 0.067954462
58833.785923 25.287362 0.05895812
58833.786499 25.345597 0.074959002
58833.787075 25.33819 0.076945803
58833.787657 25.335777 0.074958146
58833.788243 25.236105 0.072950468
58833.788815 25.367073 0.076944121
58833.789431 25.228293 0.054964719
58833.789993 25.289852 0.063958345
58833.790558 25.277132 0.062977096
58833.791114 25.239424 0.061961883
58833.791692 25.328372 0.058974193
58833.792254 25.237017 0.05696455
58833.792819 25.306686 0.059968198
58833.793386 25.226341 0.043961914
58833.793945 25.253899 0.049966721
58833.794517 25.323327 0.054961262
58833.79508 25.212725 0.050961681
58833.795646 25.202478 0.049973975
58833.796225 25.308909 0.048971967
58833.79679 25.328789 0.05097524
58833.797352 25.238803 0.044977216
58833.797908 25.29109 0.048972299
58833.798484 25.313912 0.051973477
58833.799061 25.334599 0.046977271
58833.799624 25.315527 0.056955452
58833.800185 25.29149 0.054975811
58833.800756 25.137142 0.043968416
58833.801313 25.268915 0.048953232
58833.801876 25.254604 0.046965777
58833.802443 25.273059 0.054964354
58833.803031 25.2748 0.050975906
58833.803608 25.239697 0.046970048
58833.804175 25.233097 0.046975933
58833.804741 25.343758 0.055978902
58833.805316 25.195571 0.046978305
58833.805876 25.230424 0.053966348
58833.806445 25.302155 0.056977924
58833.807016 25.184446 0.050974549
58833.807582 25.21066 0.055961719
58833.80816 25.292697 0.061967719
58833.808724 25.23484 0.046978071
58833.809281 25.260332 0.05296801
58833.809857 25.211636 0.049974905
58833.810432 25.259111 0.06197575
58833.811002 25.244276 0.060972562
58833.81157 25.21878 0.063974376
58833.812141 25.294975 0.055975996
58833.81271 25.340688 0.058977418
58833.813283 25.191998 0.053972286
58833.81385 25.29519 0.052973816
58833.814425 25.247745 0.046976403
58833.81499 25.210343 0.050978862
58833.815567 25.324536 0.052972352
58833.816133 25.22339 0.049976395
58833.816698 25.298067 0.055971138
58833.817289 25.296474 0.048952959
58833.817864 25.268977 0.062967051
58833.818429 25.120801 0.053968017
58833.819011 25.229985 0.054962846
58833.819573 25.240031 0.057961753
58833.820146 25.19438 0.054958604
58833.82073 25.414441 0.05996562
58833.821295 25.325159 0.056959829
58833.821869 25.300676 0.067970735
58833.822431 25.246163 0.055968989
58833.822986 25.213509 0.050973342
58833.823546 25.21624 0.063964932
58833.824122 25.249066 0.062960642
58833.82469 25.193703 0.069949072
58833.82527 25.254159 0.067970467
58833.825842 25.323876 0.073968076
58833.826414 25.338842 0.075956276
58833.826987 25.303421 0.063965046
58833.827559 25.235188 0.060960792
58833.828123 25.162856 0.062968359
58833.828694 25.247768 0.054950143
58833.829263 25.233709 0.051962044
58833.829826 25.251525 0.05596048
58833.830398 25.238182 0.063940798
58833.830961 25.28062 0.052948425
58833.831526 25.343279 0.052967634
58833.832097 25.308089 0.055960537
58833.83267 25.176577 0.045953204
58833.833228 25.154573 0.048965442
58833.833798 25.227272 0.050962642
58833.834371 25.167602 0.05494316
58833.834936 25.176919 0.04596306
58833.83551 25.307011 0.05295739
58833.836083 25.357741 0.059968163
58833.836648 25.274311 0.05394267
58833.837231 25.19514 0.054962423
58833.837806 25.14404 0.055931384
58833.83839 25.164058 0.054948887
58833.838952 25.315781 0.067927457
58833.839512 25.205326 0.058959708
58833.840078 25.204288 0.06896009
58833.840638 25.218843 0.058953299
58833.841214 25.299116 0.066964436
58833.841784 25.158422 0.050970397
58833.842354 25.286064 0.055967487
58833.842932 25.320393 0.058963382
58833.8435 25.290043 0.064959697
58833.844068 25.277812 0.055969495
58833.84464 25.224823 0.058968558
58833.845192 25.240332 0.05897158
58833.845764 25.22099 0.052978226
58833.846315 25.171522 0.059973069
58833.846882 25.185482 0.057975331
58833.847447 25.150705 0.056975162
58833.848017 25.102829 0.064961174
58833.848583 25.335835 0.079968775
58833.849139 25.131966 0.067966214
58833.849713 25.17958 0.065957489
58833.850286 25.295742 0.073970842
