HJD mag magerr
0.0 0.0 0.0
58833.526938 25.306369 0.17963138
58833.527497 25.133691 0.1228265
58833.528073 24.917487 0.10068394
58833.52864 24.906482 0.077829323
58833.529223 24.927811 0.10361567
58833.529794 24.987158 0.10961451
58833.530369 25.276823 0.10675432
58833.530936 25.179031 0.079896583
58833.531508 25.097471 0.059889765
58833.532068 25.130108 0.060906036
58833.532639 25.095549 0.057895371
58833.533201 25.106663 0.050932284
58833.533765 25.092383 0.054936996
58833.534319 25.032642 0.057729179
58833.534878 24.927599 0.04481305
58833.535457 25.152559 0.056831778
58833.536022 25.012126 0.044925899
58833.536586 25.106358 0.044941661
58833.537148 25.058252 0.038937383
58833.537706 25.101356 0.046885326
58833.538275 25.09961 0.040927994
58833.538843 25.11318 0.042931379
58833.539403 25.079106 0.040932096
58833.539961 25.037315 0.035944698
58833.540691 25.054745 0.035962788
58833.54127 25.083259 0.037929881
58833.541834 25.003391 0.032946837
58833.542384 24.964006 0.033941788
58833.542946 25.102841 0.036935916
58833.543507 25.036959 0.032953557
58833.544071 25.059739 0.030971373
58833.544644 25.105962 0.033964212
58833.545206 25.06349 0.034939321
58833.545767 25.133124 0.033953557
58833.54634 25.063443 0.030963601
58833.546924 25.075703 0.032946202
58833.547488 25.087297 0.036938987
58833.548053 25.020412 0.030946302
58833.548633 25.104975 0.033963312
58833.549203 25.072682 0.029960385
58833.549779 25.100018 0.034957512
58833.550355 25.055411 0.035943872
58833.550911 25.06881 0.033936118
58833.551466 25.224793 0.037942149
58833.552025 25.08448 0.036917896
58833.552609 25.045588 0.039916642
58833.553172 25.074958 0.036945262
58833.553736 25.067925 0.030954402
58833.554298 25.052185 0.031966313
58833.554862 25.121157 0.034964258
58833.55542 25.016631 0.032976988
58833.556007 25.083579 0.035980531
58833.556565 25.084006 0.033978781
58833.557125 25.079076 0.035973914
58833.557676 25.052059 0.034979949
58833.558245 25.164408 0.039963267
58833.558811 25.062491 0.036947496
58833.559373 25.029237 0.03693708
58833.559928 25.088963 0.040866158
58833.560497 25.477557 0.076794453
58833.561052 24.997311 0.035913397
58833.561629 25.009233 0.037908083
58833.562183 25.054503 0.033945337
58833.562742 25.079149 0.032949383
58833.563315 25.070017 0.034950587
58833.563889 25.101797 0.043837771
58833.564461 24.963277 0.037773402
58833.565019 25.076862 0.024965566
58833.565576 25.055639 0.025988436
58833.566153 25.181409 0.037928356
58833.566722 25.046002 0.031945269
58833.56729 25.034705 0.033942284
58833.56785 25.087882 0.035909536
58833.568406 25.09375 0.028974918
58833.568961 25.07512 0.027975788
58833.569533 25.086144 0.028981369
58833.570095 25.049323 0.025973916
58833.57065 25.038482 0.025984647
58833.57121 25.030783 0.023975685
58833.571768 25.083466 0.027975652
58833.572322 25.021543 0.026970639
58833.572898 25.049464 0.030960295
58833.573468 24.997253 0.03186593
58833.574037 25.111161 0.033901925
58833.574593 25.113075 0.034910892
0.0 0.0 0.0
58833.575726 25.340156 0.052803025
58833.576286 25.083468 0.03585154
58833.576839 25.005331 0.031879768
58833.577403 24.989476 0.026955764
58833.577964 24.974116 0.029959615
58833.578544 25.107771 0.032938218
58833.579114 25.09274 0.02995847
58833.579688 25.04022 0.036919986
58833.580238 25.03279 0.033910741
58833.58081 25.00925 0.032924302
58833.581375 25.145214 0.040806225
58833.581944 25.013095 0.030913762
58833.582509 25.068521 0.030948393
58833.58308 25.082605 0.035911704
58833.583647 24.954991 0.03287713
58833.584215 25.012536 0.040791434
58833.584762 24.889412 0.02889891
58833.585316 25.030013 0.034861379
58833.585886 24.993191 0.028926141
58833.586442 25.074513 0.031934665
58833.587001 25.10495 0.03092355
58833.587566 25.000813 0.039870298
58833.58814 25.01633 0.039894548
58833.588711 25.099299 0.029967109
58833.589285 24.948694 0.0239526
58833.589857 25.243737 0.037779353
58833.590423 25.016982 0.040775779
58833.590994 25.025091 0.041809191
58833.591559 25.39076 0.078726736
58833.592112 25.046018 0.050762227
58833.592665 25.004098 0.048746617
58833.593224 24.94108 0.048820989
58833.593796 25.115419 0.06582211
0.0 0.0 0.0
58833.59492 25.076219 0.061754398
58833.595528 24.918224 0.042792732
58833.596082 25.068575 0.049863586
58833.596665 24.970704 0.041866922
58833.597231 25.12338 0.043838893
58833.597797 25.083239 0.04091189
58833.59838 25.03278 0.031950739
58833.598947 24.979714 0.030940459
58833.599512 25.017178 0.036920879
58833.60009 25.070975 0.035941288
58833.600655 25.007684 0.03594843
58833.601221 25.090339 0.034925178
58833.601788 24.994407 0.035947861
58833.602358 25.045453 0.032934614
58833.602926 25.011916 0.037900503
58833.60349 25.077357 0.047817721
58833.604047 25.049782 0.034928477
58833.604615 25.097309 0.039890543
58833.605171 25.089501 0.045835814
58833.605736 24.963664 0.03789309
58833.606292 24.99707 0.040892821
58833.606846 25.034861 0.04286871
58833.607409 25.038398 0.041884917
58833.607972 25.018683 0.041911816
58833.608554 24.969251 0.042855254
58833.609122 25.063471 0.041902044
58833.609691 24.989722 0.043843073
58833.61027 25.028504 0.036898279
58833.610843 25.037318 0.031896631
58833.611415 25.012823 0.033879536
58833.611993 24.957245 0.036860814
58833.612577 24.991765 0.033857733
58833.613137 25.65127 0.065848665
0.0 0.0 0.0
58833.614278 25.262413 0.046873654
58833.614853 24.98018 0.035815013
0.0 0.0 0.0
58833.615983 24.985102 0.036876314
58833.616534 24.982609 0.032907313
58833.617093 25.000776 0.037898795
58833.617655 25.070365 0.036928814
58833.618216 25.059158 0.035933996
58833.618781 25.023051 0.038941128
58833.619336 25.043107 0.039930083
58833.619908 25.045643 0.03891932
58833.620489 25.023676 0.033927244
58833.621073 25.089969 0.036936274
58833.621643 25.105754 0.038907798
58833.622212 25.065297 0.035919343
58833.622786 25.05456 0.043882606
58833.623339 25.040186 0.039928213
58833.623898 25.060107 0.0399137
58833.624467 25.041081 0.036936008
58833.625042 25.076671 0.039924211
58833.625625 25.017512 0.034933359
58833.626195 25.02223 0.034943419
58833.626758 25.036993 0.037897205
58833.627345 25.043094 0.030958959
58833.627901 25.049396 0.032958286
58833.628481 25.058126 0.03495909
58833.629058 25.017234 0.034955398
58833.629625 25.099466 0.033959537
58833.630194 25.08545 0.032960578
58833.630754 25.079832 0.032965449
58833.631339 25.049284 0.039904254
58833.631919 25.10674 0.046808385
58833.632476 25.091231 0.050835376
58833.633035 25.052575 0.040885773
58833.633609 25.003341 0.037878226
58833.634176 24.978541 0.046924126
58833.63477 25.111264 0.042906661
58833.63533 25.094054 0.040948445
58833.635896 25.007396 0.034923161
58833.636454 25.088415 0.03396355
58833.637031 24.99856 0.034894385
58833.637603 25.019952 0.039940123
58833.638178 25.027964 0.036905046
58833.638751 25.057869 0.034959429
58833.639317 25.044339 0.033957125
58833.639885 25.028243 0.032961133
58833.640451 25.053156 0.032978524
58833.641017 25.021963 0.032975792
58833.641587 25.013745 0.03196063
58833.642165 25.100389 0.036963938
58833.642733 25.028535 0.034963599
58833.643298 25.038726 0.037957953
58833.643881 25.019198 0.032947988
58833.644463 25.055944 0.031977996
58833.645038 25.021646 0.033965826
58833.645621 25.012913 0.035944193
58833.646196 25.036449 0.035946028
58833.646775 25.050225 0.036962761
58833.647352 25.044081 0.032967158
58833.647947 25.012575 0.035939692
58833.648518 24.981991 0.031979966
58833.649091 25.00976 0.032968667
58833.649661 25.049211 0.03197662
58833.650234 25.013044 0.036975856
58833.650812 25.00617 0.034969887
58833.651385 25.032476 0.038962535
58833.651942 25.034682 0.034963698
58833.652501 25.064075 0.035973979
58833.653051 25.029797 0.031979901
58833.653627 25.040309 0.034975465
58833.654196 25.054232 0.0369599
58833.654761 25.069452 0.031967935
58833.655332 25.053961 0.030975589
58833.655903 25.003097 0.03997791
58833.656459 25.012215 0.035978565
58833.657018 25.034974 0.032981998
58833.657575 25.004597 0.03598207
58833.658134 25.036494 0.035974641
58833.658729 25.019839 0.035964229
58833.659291 25.019365 0.035968982
58833.659866 25.009443 0.031981225
58833.660428 25.047716 0.040964046
58833.660996 24.978136 0.032967081
58833.661568 25.048383 0.036965167
58833.662129 25.03232 0.036948809
58833.662686 25.096034 0.046941459
58833.663254 25.035282 0.035977679
58833.663845 25.045097 0.041921748
58833.664399 25.041428 0.037961842
58833.664959 24.982006 0.036977775
58833.66553 25.001909 0.036973009
58833.666087 25.059154 0.033980397
58833.666661 25.040857 0.035981084
58833.66724 25.094531 0.033984997
58833.667808 25.005138 0.037982216
58833.668374 25.036282 0.038979216
58833.66894 25.023607 0.036974142
58833.669515 25.048946 0.03997094
58833.670105 25.044817 0.043963077
58833.670664 25.003058 0.039961592
58833.671231 25.034626 0.040965746
58833.671792 25.01735 0.040960809
58833.672357 25.000731 0.039962228
58833.672921 25.058806 0.040959558
58833.6735 25.00079 0.040974884
58833.674063 25.102885 0.040978183
58833.674632 25.068181 0.046959521
58833.675223 25.071853 0.04990869
58833.67579 25.074046 0.048949945
58833.67635 25.021708 0.045941746
58833.676916 25.019602 0.046960718
58833.677484 25.023078 0.049954535
58833.678056 25.043326 0.047949397
58833.678616 24.982313 0.055853708
58833.679182 24.973866 0.052872644
58833.679761 25.028068 0.059802301
58833.680323 25.105778 0.076596237
58833.680894 25.150127 0.066804743
58833.681455 24.966421 0.06767837
58833.68202 25.047062 0.057787631
0.0 0.0 0.0
58833.683157 25.088614 0.060879814
58833.683728 25.026361 0.055867918
58833.68429 25.063165 0.067775119
58833.684864 25.03357 0.053922808
58833.685427 25.01943 0.055915271
58833.686006 25.083672 0.057889196
58833.68663 25.015072 0.046949419
58833.687197 25.006917 0.04496434
58833.687766 25.070865 0.050952283
58833.688335 25.07783 0.04996073
58833.6889 25.094052 0.050948966
58833.689473 25.027705 0.049943751
58833.690035 25.05634 0.047943013
58833.690606 24.964335 0.048919646
58833.691182 25.088973 0.051951944
58833.691769 25.064629 0.04493378
58833.692334 25.088904 0.053890973
58833.692912 25.122743 0.0519188
58833.693482 25.020104 0.042935358
58833.694055 25.000574 0.042937612
58833.694629 25.079396 0.04395949
58833.695214 24.958842 0.045952682
58833.695788 25.043517 0.050945916
58833.696709 25.154645 0.050946145
58833.697282 25.125398 0.060907944
58833.697854 25.060369 0.054927414
58833.698426 24.982278 0.052946193
58833.698997 25.02982 0.061931794
58833.699574 25.077425 0.051964036
58833.700162 25.015895 0.043969073
58833.700738 25.026507 0.054956215
58833.701314 24.994078 0.049957113
58833.701879 25.073265 0.071960157
58833.702433 25.10989 0.055973541
58833.702997 24.95944 0.045976596
58833.703569 25.005664 0.044964392
58833.704138 25.018686 0.04098012
58833.704693 25.055688 0.045974781
58833.705269 25.031417 0.046965036
58833.705842 25.028254 0.047953426
58833.706416 24.978428 0.048942472
58833.706995 25.146402 0.052973055
58833.70756 25.015938 0.049958658
58833.708139 24.989491 0.043961765
58833.708701 25.051495 0.045968866
58833.709269 25.011633 0.043969579
58833.709837 24.997789 0.040967301
58833.710398 25.00038 0.040970851
58833.710961 24.981016 0.04793658
58833.711531 24.992672 0.050955608
58833.712096 25.031712 0.05095218
58833.712678 25.063018 0.048949745
58833.713245 25.016455 0.046958625
58833.713811 25.062722 0.045960801
58833.71438 25.084767 0.047967541
58833.714942 25.042823 0.041962648
58833.715515 25.042451 0.043960608
58833.716099 25.051938 0.042973402
58833.716662 25.01426 0.046974709
58833.717217 25.031437 0.0389725
58833.717786 25.04514 0.048959586
58833.718352 25.090428 0.046952886
58833.718933 24.998253 0.044958903
58833.719515 24.999934 0.043956368
58833.720081 25.016775 0.045945369
58833.720652 25.064531 0.049958749
58833.721229 25.043106 0.048947482
58833.721798 25.019663 0.050946982
58833.722365 25.016522 0.043955725
58833.722938 25.073862 0.042972365
58833.723517 25.089107 0.045956882
58833.724095 25.007346 0.03896394
58833.724659 25.078969 0.045958916
58833.725228 25.020046 0.039961183
58833.725794 24.978592 0.03796156
58833.726369 25.023539 0.045941097
58833.726949 25.040816 0.046923893
58833.727521 25.020465 0.047889343
58833.728085 25.057294 0.046909776
58833.728659 25.073422 0.047944551
58833.729226 25.083184 0.045946881
58833.729803 25.009707 0.041961667
58833.730359 24.967827 0.042950595
58833.730924 25.010376 0.041962663
58833.731502 25.036765 0.045958974
58833.732059 25.011195 0.051895266
58833.732632 24.956078 0.045939615
58833.733194 25.107294 0.051915607
58833.733759 25.032312 0.057872778
58833.734321 25.10438 0.053910211
58833.734879 25.122405 0.058891273
58833.735444 25.044002 0.058843113
58833.736003 24.936905 0.062860945
58833.736571 24.989995 0.068854303
58833.737136 25.084331 0.068856663
58833.737691 24.949215 0.049901374
58833.738267 25.145155 0.070780075
58833.738823 25.063478 0.055878041
58833.739382 25.068661 0.05589553
58833.739948 25.007141 0.059836395
58833.740522 25.054676 0.064841621
58833.741085 25.415013 0.099803355
58833.741647 25.105985 0.06189888
58833.742215 25.022462 0.051921465
58833.742788 25.049168 0.052839054
58833.743365 25.134601 0.062895225
58833.743953 25.129901 0.059884753
58833.744526 25.040866 0.04990989
58833.745093 25.022364 0.046938859
58833.745664 25.052042 0.050923151
58833.746226 25.074645 0.054934058
58833.746789 25.03057 0.048934081
58833.747358 25.021197 0.044952039
58833.747921 25.108401 0.050945961
58833.748478 25.037116 0.046953331
58833.749035 25.018673 0.041952678
58833.749599 25.087103 0.044949492
58833.750168 25.049929 0.048900949
58833.750733 25.103113 0.055908762
58833.751298 25.067276 0.049863484
58833.751854 25.048386 0.061870826
58833.752416 24.99366 0.046914072
58833.752988 25.028721 0.049919106
58833.753539 25.062555 0.046928424
58833.7541 25.015362 0.046936763
58833.754655 25.036921 0.043951948
58833.75523 25.061602 0.04396702
58833.755803 25.027855 0.04694176
58833.756377 25.113723 0.053942959
58833.756948 25.081087 0.044967321
58833.757519 25.130533 0.050970481
58833.758074 25.06898 0.049966131
58833.758639 25.01377 0.055923433
58833.759204 25.149133 0.075909156
58833.759765 24.94719 0.052958511
58833.760341 25.078615 0.056958979
58833.760921 25.046986 0.055959527
58833.761489 25.034286 0.06292316
58833.76205 24.991483 0.049961511
58833.762618 25.061201 0.053946488
58833.763196 25.044057 0.049957124
58833.763771 25.003022 0.043974786
58833.764345 25.065603 0.047967259
58833.764904 25.032893 0.054972404
58833.765469 25.092312 0.047980018
58833.766035 25.054131 0.047970507
58833.766604 25.037671 0.05195208
58833.767179 25.14238 0.055973851
58833.767754 25.093632 0.06097282
58833.768337 24.989404 0.043966566
58833.768906 25.088918 0.056968604
58833.769468 25.013529 0.054947732
58833.770037 25.092422 0.055962995
58833.770609 25.019825 0.053956418
58833.771176 25.032925 0.060901636
58833.77175 25.088076 0.065924012
58833.772312 24.956939 0.060902324
58833.772873 25.026537 0.068880626
58833.773436 25.071303 0.08384739
58833.774013 25.102867 0.079865401
58833.774581 25.057715 0.074907619
58833.775149 24.998998 0.068904417
58833.775718 24.964909 0.067907053
58833.776274 24.965038 0.065934154
58833.776849 25.111057 0.072946727
58833.777425 25.046847 0.076942914
58833.777996 25.224741 0.076920907
58833.778564 24.998326 0.058942799
58833.779126 24.927707 0.058928932
58833.779701 24.929778 0.05592767
58833.780275 24.98785 0.057939119
58833.780836 24.934341 0.060856584
58833.781394 25.037769 0.083854204
58833.781959 24.992458 0.059933443
58833.78252 25.166264 0.065945578
58833.783078 25.087785 0.069898325
58833.783656 25.091156 0.062916105
58833.784224 25.122012 0.070946276
58833.784791 25.048306 0.055951488
58833.785359 25.001004 0.05595542
58833.785923 24.998628 0.046965444
58833.786499 25.101831 0.060949279
58833.787075 25.043068 0.058955292
58833.787657 25.076198 0.064955387
58833.788243 25.068721 0.057951848
58833.788815 25.010933 0.049963136
58833.789431 25.113514 0.048969394
58833.789993 24.955417 0.047960924
58833.790558 25.083982 0.054973674
58833.791114 25.068164 0.057952442
58833.791692 24.952897 0.04197086
58833.792254 25.045581 0.04595283
58833.792819 25.037833 0.046964909
58833.793386 25.036455 0.046954655
58833.793945 24.995093 0.048961422
58833.794517 25.030386 0.040966252
58833.79508 25.057886 0.045965456
58833.795646 25.016754 0.04096959
58833.796225 25.055031 0.039965178
58833.79679 25.018476 0.038978277
58833.797352 25.096531 0.040982564
58833.797908 25.075146 0.042976739
58833.798484 25.058769 0.038979183
58833.799061 25.061372 0.043974223
58833.799624 25.044874 0.045971316
58833.800185 24.991612 0.040976061
58833.800756 25.034068 0.041961521
58833.801313 25.045553 0.040968922
58833.801876 25.030271 0.042970476
58833.802443 24.986146 0.040955898
58833.803031 25.080664 0.04697885
58833.803608 25.016334 0.042971763
58833.804175 24.986387 0.044979175
58833.804741 25.070795 0.04597823
58833.805316 25.062149 0.042977574
58833.805876 25.011965 0.050970408
58833.806445 25.034835 0.039981747
58833.807016 25.091953 0.053976208
58833.807582 25.026892 0.049961965
58833.80816 25.022959 0.050975803
58833.808724 25.06994 0.043977891
58833.809281 25.033144 0.040973134
58833.809857 25.002317 0.051977089
58833.810432 25.050755 0.049970363
58833.811002 25.007498 0.053974866
58833.81157 25.104395 0.050979343
58833.812141 25.079664 0.048979103
58833.81271 25.052707 0.04098152
58833.813283 25.043615 0.046982731
58833.81385 25.019507 0.0409824
58833.814425 25.119265 0.044981384
58833.81499 25.073429 0.039982426
58833.815567 25.117158 0.047978507
58833.816133 25.096119 0.044977499
58833.816698 25.036732 0.05495689
58833.817289 24.99923 0.043969973
58833.817864 24.983363 0.046964438
58833.818429 25.029026 0.04796588
58833.819011 24.993136 0.047966048
58833.819573 25.079566 0.052974084
58833.820146 25.081471 0.048961165
58833.82073 24.996103 0.04196982
58833.821295 25.086151 0.049969018
58833.821869 25.085015 0.056968202
58833.822431 25.14211 0.051975247
58833.822986 25.111106 0.055977029
58833.823546 25.060628 0.056960259
58833.824122 25.086359 0.057958117
58833.82469 25.029948 0.059973288
58833.82527 25.143687 0.067975028
58833.825842 24.986587 0.052971919
58833.826414 25.062518 0.060956951
58833.826987 25.033379 0.056959472
58833.827559 25.02379 0.052965302
58833.828123 25.047659 0.056971392
58833.828694 25.118104 0.053956429
58833.829263 25.008181 0.045965317
58833.829826 25.02332 0.04295529
58833.830398 25.060839 0.049964892
58833.830961 24.990293 0.046966783
58833.831526 25.125866 0.047956713
58833.832097 25.095163 0.04597239
58833.83267 25.05102 0.041967214
58833.833228 25.086546 0.051966547
58833.833798 24.988882 0.041973925
58833.834371 25.082165 0.05195366
58833.834936 25.036483 0.044973237
58833.83551 25.036528 0.042970879
58833.836083 25.115627 0.050968499
58833.836648 25.069627 0.047970724
58833.837231 25.085963 0.053969992
58833.837806 25.003311 0.05193595
58833.83839 25.053443 0.052951176
58833.838952 25.095589 0.051935119
58833.839512 25.106446 0.058962909
58833.840078 24.939227 0.053954394
58833.840638 25.046864 0.047967922
58833.841214 25.081631 0.056965573
58833.841784 25.029092 0.044974526
58833.842354 25.050781 0.052970373
58833.842932 25.108663 0.053967079
58833.8435 25.134422 0.0549703
58833.844068 24.997738 0.044972467
58833.84464 25.018457 0.045970762
58833.845192 24.974928 0.047975927
58833.845764 25.027165 0.049977713
58833.846315 25.058884 0.042978492
58833.846882 25.070146 0.045981179
58833.847447 25.01773 0.058968241
58833.848017 25.112924 0.061976348
58833.848583 25.08953 0.057970533
58833.849139 25.131923 0.062973348
58833.849713 25.027477 0.057962092
58833.850286 25.032412 0.056977026
