HJD mag magerr
58833.526351 24.98253 0.15577304
58833.526938 25.036369 0.13263316
58833.527497 25.382691 0.15582545
58833.528073 25.330487 0.14868022
58833.52864 25.154482 0.090828122
58833.529223 24.984811 0.1126149
58833.529794 25.370158 0.1556107
58833.530369 25.241823 0.10075482
58833.530936 25.147031 0.075896926
58833.531508 25.276471 0.074888276
58833.532068 25.300108 0.06890531
58833.532639 25.184549 0.058895242
58833.533201 25.215663 0.059931172
58833.533765 25.275383 0.059936473
58833.534319 25.226642 0.062727591
58833.534878 25.191599 0.05980835
58833.535457 25.199559 0.061830771
58833.536022 25.260126 0.056923884
58833.536586 25.222358 0.047941181
58833.537148 25.318252 0.050935058
58833.537706 25.216356 0.05188427
58833.538275 25.21161 0.04492725
58833.538843 25.24518 0.041931559
58833.539403 25.243106 0.040932096
58833.539961 25.253315 0.041943592
58833.540691 25.317745 0.041961829
58833.54127 25.233259 0.043928646
58833.541834 25.236391 0.040945188
58833.542384 25.254006 0.043939211
58833.542946 25.244841 0.036935916
58833.543507 25.229959 0.035952924
58833.544071 25.261739 0.034970618
58833.544644 25.252962 0.033964212
58833.545206 25.16249 0.034939321
58833.545767 25.228124 0.036952971
58833.54634 25.361443 0.036962251
58833.546924 25.298703 0.039944258
58833.547488 25.299297 0.039938182
58833.548053 25.291412 0.0389438
58833.548633 25.287975 0.036962716
58833.549203 25.235682 0.035959145
58833.549779 25.239018 0.033957703
58833.550355 25.280411 0.038943258
58833.550911 25.29581 0.033936118
58833.551466 25.241793 0.033943078
58833.552025 25.30548 0.04291635
58833.552609 25.270588 0.042915936
58833.553172 25.351958 0.04494322
58833.553736 25.231925 0.032953754
58833.554298 25.250185 0.037965159
58833.554862 25.272157 0.037963719
58833.55542 25.303631 0.036976361
58833.556007 25.310579 0.038980199
58833.556565 25.330006 0.043977644
58833.557125 25.221076 0.035973914
58833.557676 25.303059 0.0469788
58833.558245 25.288408 0.036963744
58833.558811 25.278491 0.037947306
58833.559373 25.256237 0.040936004
58833.559928 25.144963 0.041865668
58833.560497 25.305557 0.056799402
58833.561052 25.205311 0.037912741
58833.561629 25.253233 0.050904234
58833.562183 25.247503 0.039943715
58833.562742 25.161149 0.035948495
58833.563315 25.153017 0.036950072
58833.563889 25.090797 0.037841437
58833.564461 25.331277 0.048766753
58833.565019 25.235862 0.032960382
58833.565576 25.242639 0.024988617
58833.566153 25.242409 0.036928945
58833.566722 25.217002 0.03494423
0.0 0.0 0.0
58833.56785 25.149882 0.039907524
58833.568406 25.16575 0.027975249
58833.568961 25.27312 0.031974957
58833.569533 25.248144 0.02598196
58833.570095 25.250323 0.030972891
58833.57065 25.317482 0.030983877
58833.57121 25.230783 0.028974495
58833.571768 25.257466 0.027975652
58833.572322 25.339543 0.03096977
58833.572898 25.270464 0.034959244
0.0 0.0 0.0
58833.574037 25.154161 0.035900818
58833.574593 25.344075 0.038909531
58833.575159 25.272527 0.055723185
58833.575726 25.225156 0.040808055
58833.576286 25.156468 0.038848971
58833.576839 25.306331 0.039874521
58833.577403 25.255476 0.032953433
58833.577964 25.292116 0.037957581
58833.578544 25.299771 0.034937635
58833.579114 25.35274 0.032957541
58833.579688 25.22722 0.034920632
58833.580238 25.27979 0.039908676
58833.58081 25.14625 0.035922969
58833.581375 25.290214 0.040806225
58833.581944 25.213095 0.036911253
58833.582509 25.220521 0.032947659
58833.58308 25.240605 0.040910179
58833.583647 25.247991 0.041872903
58833.584215 25.194536 0.047785809
58833.584762 25.363412 0.04088701
58833.585316 25.207013 0.039856058
58833.585886 25.308191 0.035922467
58833.586442 25.279513 0.034933423
58833.587001 25.20995 0.037921045
58833.587566 25.163813 0.046866634
58833.58814 25.27733 0.050891054
58833.588711 25.272299 0.031966312
58833.589285 25.300694 0.034939806
58833.589857 25.201737 0.037779353
58833.590423 25.377982 0.055766795
58833.590994 25.120091 0.0448069
58833.591559 25.23876 0.063731926
58833.592112 25.324018 0.06175751
58833.592665 25.143098 0.055743697
58833.593224 25.12308 0.057817727
58833.593796 25.365419 0.082817311
58833.594369 25.163698 0.08051935
58833.59492 25.309219 0.069751407
58833.595528 25.263224 0.055784514
58833.596082 25.323575 0.058861223
58833.596665 25.393704 0.057861698
58833.597231 25.34938 0.052836024
58833.597797 25.229239 0.042911408
58833.59838 25.24578 0.035949535
58833.598947 25.219714 0.035938974
58833.599512 25.263178 0.043919189
58833.60009 25.252975 0.040939986
58833.600655 25.298684 0.04394713
58833.601221 25.266339 0.038924039
58833.601788 25.175407 0.035947861
58833.602358 25.273453 0.037932818
58833.602926 25.309916 0.048897655
58833.60349 25.319357 0.0578148
58833.604047 25.263782 0.039927158
58833.604615 25.292309 0.045888822
58833.605171 25.282501 0.052833666
58833.605736 25.281664 0.046890458
58833.606292 25.24007 0.047891013
58833.606846 25.380861 0.055865462
58833.607409 25.307398 0.052882278
58833.607972 25.314683 0.048909997
58833.608554 25.218251 0.052852312
58833.609122 25.213471 0.046900874
58833.609691 25.372722 0.056839363
58833.61027 25.167504 0.038897558
58833.610843 25.329318 0.04389196
58833.611415 25.234823 0.042875678
58833.611993 25.305245 0.042858165
58833.612577 25.196765 0.037855371
58833.613137 25.22027 0.043855056
58833.613696 25.211876 0.041834851
58833.614278 25.335413 0.044874367
58833.614853 25.23718 0.043810225
58833.615407 25.172039 0.042847035
58833.615983 25.172102 0.041874302
58833.616534 25.191609 0.037904756
58833.617093 25.273776 0.048895897
58833.617655 25.253365 0.046926808
58833.618216 25.261158 0.04093253
58833.618781 25.298051 0.042940444
58833.619336 25.276107 0.043929317
58833.619908 25.276643 0.045917798
58833.620489 25.261676 0.040925343
58833.621073 25.243969 0.039935622
58833.621643 25.293754 0.045906055
58833.622212 25.251297 0.041917722
58833.622786 25.28656 0.052880534
58833.623339 25.236186 0.040927937
58833.623898 25.295107 0.048911819
58833.624467 25.221081 0.042934808
58833.625042 25.230671 0.04292357
58833.625625 25.323512 0.042931558
58833.626195 25.34023 0.040942207
58833.626758 25.294993 0.043895945
58833.627345 25.240094 0.036957776
58833.627901 25.306396 0.037957401
58833.628481 25.264126 0.03695876
58833.629058 25.323234 0.036955038
58833.629625 25.264466 0.033959537
58833.630194 25.24945 0.036959887
58833.630754 25.254832 0.043963699
58833.631339 25.422284 0.048901542
58833.631919 25.28274 0.050806921
58833.632476 25.296231 0.054834341
58833.633035 25.305575 0.046883577
58833.633609 25.260341 0.048874725
58833.634176 25.274541 0.067921316
58833.63477 25.245264 0.048905427
58833.63533 25.251054 0.043948036
58833.635896 25.267396 0.04292108
58833.636454 25.219415 0.036962959
58833.637031 25.25156 0.040892802
58833.637603 25.312952 0.042939618
58833.638178 25.213964 0.041903984
58833.638751 25.210869 0.038958815
58833.639317 25.273339 0.046955367
58833.639885 25.242243 0.034960768
58833.640451 25.311156 0.041977587
58833.641017 25.259963 0.032975792
58833.641587 25.226745 0.038959446
58833.642165 25.249389 0.041963192
58833.642733 25.294535 0.035963447
58833.643298 25.232726 0.041957433
58833.643881 25.287198 0.041946773
58833.644463 25.260944 0.033977709
58833.645038 25.279646 0.04096494
58833.645621 25.218913 0.039943648
58833.646196 25.259449 0.041945284
58833.646775 25.302225 0.042962067
58833.647352 25.214081 0.036966583
58833.647947 25.333575 0.044938544
58833.648518 25.271991 0.038979191
58833.649091 25.25276 0.04196761
58833.649661 25.310211 0.043975273
58833.650234 25.267044 0.036975856
58833.650812 25.28517 0.034969887
58833.651385 25.320476 0.040962306
58833.651942 25.270682 0.044962543
58833.652501 25.258075 0.041973309
58833.653051 25.290797 0.044978679
58833.653627 25.291309 0.041974699
58833.654196 25.358232 0.044958954
58833.654761 25.338452 0.041966678
58833.655332 25.284961 0.041974163
58833.655903 25.301097 0.03997791
58833.656459 25.281215 0.038978264
58833.657018 25.249974 0.041981213
58833.657575 25.231597 0.041981509
58833.658134 25.243494 0.037974397
58833.658729 25.211839 0.041963516
58833.659291 25.270365 0.042968282
58833.659866 25.340443 0.039980247
58833.660428 25.216716 0.041963946
58833.660996 25.302136 0.046965568
58833.661568 25.246383 0.042964326
58833.662129 25.29232 0.044947977
58833.662686 25.280034 0.056940499
58833.663254 25.253282 0.044976884
58833.663845 25.286097 0.050920702
58833.664399 25.267428 0.044961083
58833.664959 25.257006 0.041977316
58833.66553 25.318909 0.048972148
58833.666087 25.301154 0.043979535
58833.666661 25.240857 0.041980597
58833.66724 25.355531 0.03598483
58833.667808 25.248138 0.044981759
58833.668374 25.396282 0.050978449
58833.66894 25.245607 0.041973729
58833.669515 25.252946 0.042970696
58833.670105 25.311817 0.056962224
58833.670664 25.284058 0.048960763
58833.671231 25.259626 0.049964837
58833.671792 25.32835 0.051959592
58833.672357 25.236731 0.048961413
58833.672921 25.275806 0.051958594
58833.6735 25.30279 0.051974106
58833.674063 25.262885 0.044977893
58833.674632 25.303181 0.053959028
58833.675223 25.223853 0.058907864
58833.67579 25.314046 0.059949138
58833.67635 25.249708 0.054940825
58833.676916 25.249602 0.057959611
58833.677484 25.265078 0.058953758
58833.678056 25.350326 0.058948283
58833.678616 25.350313 0.075850866
58833.679182 25.132866 0.056872144
58833.679761 25.127068 0.06480157
58833.680323 25.316778 0.092593725
58833.680894 25.168127 0.066804743
58833.681455 25.320421 0.08467571
58833.68202 25.252062 0.076785054
58833.682591 25.295783 0.083777944
58833.683157 25.186614 0.067878984
58833.683728 25.358361 0.068866067
58833.68429 25.281165 0.077773944
58833.684864 25.17257 0.061922031
58833.685427 25.35243 0.073913763
58833.686006 25.322672 0.066888471
58833.68663 25.273072 0.063948184
58833.687197 25.381917 0.064962951
58833.687766 25.262865 0.062951296
58833.688335 25.34583 0.06095994
58833.6889 25.236052 0.060948268
58833.689473 25.262705 0.056943154
58833.690035 25.22534 0.051942609
58833.690606 25.256335 0.058918439
58833.691182 25.347973 0.06395099
58833.691769 25.304629 0.060932076
58833.692334 25.213904 0.06188987
58833.692912 25.204743 0.060917818
58833.693482 25.314104 0.056933692
58833.694055 25.325574 0.056936004
58833.694629 25.268396 0.060958008
58833.695214 25.286842 0.057951746
58833.695788 25.256517 0.057945367
58833.696709 25.274645 0.06294503
58833.697282 25.303398 0.067907312
58833.697854 25.356369 0.06392664
58833.698426 25.433278 0.074944966
58833.698997 25.11582 0.067931402
58833.699574 25.227425 0.058963581
58833.700162 25.287895 0.060967943
58833.700738 25.407507 0.065955496
58833.701314 25.302078 0.058956552
58833.701879 25.295265 0.093959511
58833.702433 25.26589 0.065973156
58833.702997 25.33244 0.051976256
58833.703569 25.298664 0.055963702
58833.704138 25.381686 0.061978935
58833.704693 25.326688 0.058974091
58833.705269 25.273417 0.053964611
58833.705842 25.204254 0.059952586
58833.706416 25.310428 0.067941078
58833.706995 25.362402 0.066972477
58833.70756 25.215938 0.06495785
58833.708139 25.358491 0.055960933
58833.708701 25.270495 0.055968171
58833.709269 25.279633 0.061968423
58833.709837 25.219789 0.053966153
58833.710398 25.43338 0.065969277
58833.710961 25.348016 0.066934975
58833.711531 25.299672 0.065954518
58833.712096 25.258712 0.059951396
58833.712678 25.334018 0.058948994
58833.713245 25.304455 0.059957542
58833.713811 25.327722 0.05596013
58833.71438 25.261767 0.053967112
58833.714942 25.242823 0.054961693
58833.715515 25.279451 0.052959923
58833.716099 25.288938 0.049972887
58833.716662 25.32726 0.059974048
58833.717217 25.358437 0.053971309
58833.717786 25.30614 0.053959252
58833.718352 25.355428 0.054952244
58833.718933 25.304253 0.060957528
58833.719515 25.253934 0.055955128
58833.720081 25.255775 0.062943544
58833.720652 25.269531 0.053958403
58833.721229 25.326106 0.057946762
58833.721798 25.191663 0.054946557
58833.722365 25.300522 0.052954954
58833.722938 25.294862 0.051971707
58833.723517 25.264107 0.053956265
58833.724095 25.208346 0.042963522
58833.724659 25.194969 0.046958804
58833.725228 25.263046 0.05196014
58833.725794 25.276592 0.057958957
58833.726369 25.185539 0.049940497
58833.726949 25.282816 0.058922448
58833.727521 25.210465 0.052888676
58833.728085 25.303294 0.057908676
58833.728659 25.300422 0.056943755
58833.729226 25.293184 0.056945898
58833.729803 25.253707 0.054960389
58833.730359 25.231827 0.051949688
58833.730924 25.296376 0.044962385
58833.731502 25.278765 0.059957785
58833.732059 25.252195 0.065892902
58833.732632 25.316078 0.058937954
58833.733194 25.349294 0.059914682
58833.733759 25.306312 0.066871556
58833.734321 25.32638 0.071908487
58833.734879 25.256405 0.061890902
58833.735444 25.268002 0.071841136
58833.736003 25.178905 0.07485952
58833.736571 25.237995 0.077853338
58833.737136 25.294331 0.074856003
58833.737691 25.300215 0.063899523
58833.738267 25.305155 0.078779215
58833.738823 25.277478 0.065876662
58833.739382 25.207661 0.066893867
58833.739948 25.287141 0.071834528
58833.740522 25.208676 0.074840313
58833.741085 25.323013 0.085804557
58833.741647 25.248985 0.062898774
58833.742215 25.234462 0.059920605
58833.742788 25.157168 0.059838002
58833.743365 25.334601 0.06889464
58833.743953 25.187901 0.067883827
58833.744526 25.206866 0.056908927
58833.745093 25.253364 0.055937938
58833.745664 25.212042 0.053922787
58833.746226 25.207645 0.057933796
58833.746789 25.23157 0.054933439
58833.747358 25.340197 0.054951175
58833.747921 25.256401 0.052945788
58833.748478 25.251116 0.051952907
58833.749035 25.392673 0.053951535
58833.749599 25.308103 0.048949075
58833.750168 25.239929 0.062899008
58833.750733 25.181113 0.057908524
58833.751298 25.191276 0.057861837
58833.751854 25.204386 0.070869753
58833.752416 25.23566 0.058912438
58833.752988 25.238721 0.05891804
58833.753539 25.315555 0.057927155
58833.7541 25.380362 0.05393599
58833.754655 25.231921 0.052951111
58833.75523 25.275602 0.050966413
58833.755803 25.293855 0.061940458
58833.756377 25.260723 0.062942327
58833.756948 25.363087 0.061966182
58833.757519 25.264533 0.060969836
58833.758074 25.37198 0.061965402
58833.758639 25.27177 0.069922307
58833.759204 25.226133 0.069909556
58833.759765 25.27119 0.065957669
58833.760341 25.360615 0.080957855
58833.760921 25.273986 0.066958889
58833.761489 25.260286 0.076922004
58833.76205 25.216483 0.063960577
58833.762618 25.306201 0.068945596
58833.763196 25.284057 0.065956245
58833.763771 25.369022 0.060973866
58833.764345 25.232603 0.05996649
58833.764904 25.398893 0.07697164
58833.765469 25.335312 0.064979272
58833.766035 25.219131 0.055970008
58833.766604 25.311671 0.070951054
58833.767179 25.33938 0.062973507
58833.767754 25.270632 0.064972642
58833.768337 25.286404 0.057965502
58833.768906 25.356918 0.070967893
58833.769468 25.189529 0.063947177
0.0 0.0 0.0
58833.770609 25.296825 0.074955493
58833.771176 25.233925 0.070900715
58833.77175 25.251076 0.06992375
58833.772312 25.195939 0.068901569
58833.772873 25.294537 0.082879483
58833.773436 25.263303 0.086847151
58833.774013 25.212867 0.091864566
58833.774581 25.346715 0.089906835
58833.775149 25.196998 0.079903672
58833.775718 25.169909 0.078906306
58833.776274 25.355038 0.089932797
58833.776849 25.358057 0.08494621
58833.777425 25.234847 0.085942528
58833.777996 25.116741 0.072921125
58833.778564 25.320326 0.079941463
58833.779126 25.244707 0.073927639
58833.779701 25.230778 0.07692579
58833.780275 25.25085 0.06993816
58833.780836 25.207341 0.081854159
58833.781394 25.255769 0.095853386
58833.781959 25.256458 0.078932044
58833.78252 25.361264 0.079944837
58833.783078 25.261785 0.083897384
58833.783656 25.174156 0.075915196
58833.784224 25.165012 0.067946487
58833.784791 25.292306 0.068950611
58833.785359 25.265004 0.068954431
58833.785923 25.212628 0.05996454
58833.786499 25.344831 0.079948251
58833.787075 25.218068 0.066954811
58833.787657 25.185198 0.06695528
58833.788243 25.248721 0.068951142
58833.788815 25.216933 0.060962395
58833.789431 25.328514 0.058968799
58833.789993 25.253417 0.056960194
58833.790558 25.240982 0.064973185
58833.791114 25.165164 0.063952029
58833.791692 25.354897 0.064969433
58833.792254 25.213581 0.052952226
58833.792819 25.221833 0.055964223
58833.793386 25.246455 0.049954396
58833.793945 25.194093 0.049961332
58833.794517 25.286386 0.056964879
58833.79508 25.214886 0.049965105
58833.795646 25.219754 0.047968933
58833.796225 25.255031 0.048964426
58833.79679 25.363476 0.055977025
58833.797352 25.303531 0.054981775
58833.797908 25.206146 0.045976526
58833.798484 25.186769 0.052978325
58833.799061 25.331372 0.048973869
58833.799624 25.289874 0.05297084
58833.800185 25.332612 0.055975131
58833.800756 25.234068 0.051960713
58833.801313 25.220553 0.04796825
58833.801876 25.257271 0.049969904
58833.802443 25.277146 0.057954463
58833.803031 25.211664 0.052978492
58833.803608 25.362334 0.053970975
58833.804175 25.340387 0.054978579
58833.804741 25.340795 0.051977843
58833.805316 25.314149 0.053976949
58833.805876 25.391965 0.06496972
58833.806445 25.237835 0.051980833
58833.807016 25.184953 0.057976003
58833.807582 25.262892 0.059961256
58833.80816 25.282959 0.057975412
58833.808724 25.40494 0.060976901
58833.809281 25.307144 0.052972245
58833.809857 25.269317 0.053976977
58833.810432 25.312755 0.058969858
58833.811002 25.250498 0.054974809
58833.81157 25.296395 0.058978969
58833.812141 25.336664 0.06397842
58833.81271 25.398707 0.057980561
58833.813283 25.347615 0.05798216
58833.81385 25.324507 0.043982181
58833.814425 25.327265 0.055980809
58833.81499 25.257429 0.048981825
58833.815567 25.379158 0.063977738
58833.816133 25.351119 0.059976782
58833.816698 25.324732 0.061956521
58833.817289 25.26423 0.052969293
58833.817864 25.266363 0.059963297
58833.818429 25.279026 0.057965186
58833.819011 25.262136 0.049965885
58833.819573 25.334566 0.06397352
58833.820146 25.252471 0.056960536
58833.82073 25.266103 0.049969131
58833.821295 25.230151 0.059968441
58833.821869 25.431015 0.073967366
58833.822431 25.31611 0.065974446
58833.822986 25.308106 0.06897652
58833.823546 25.465628 0.077959267
58833.824122 25.335359 0.075957214
58833.82469 25.220948 0.075972684
58833.82527 25.355687 0.084974402
58833.825842 25.391587 0.077970797
58833.826414 25.268518 0.061956877
58833.826987 25.270379 0.064959002
58833.827559 25.24279 0.061964781
58833.828123 25.236659 0.069970781
58833.828694 25.292104 0.061955993
58833.829263 25.352181 0.062964161
58833.829826 25.23832 0.057954084
58833.830398 25.244839 0.066963908
58833.830961 25.299293 0.054966194
58833.831526 25.257866 0.0469568
58833.832097 25.246163 0.053971762
58833.83267 25.24302 0.05296625
58833.833228 25.234546 0.056966233
58833.833798 25.343882 0.055972802
58833.834371 25.332165 0.058953073
58833.834936 25.256483 0.04797297
58833.83551 25.346528 0.053969885
58833.836083 25.347627 0.06096781
58833.836648 25.267627 0.054970183
58833.837231 25.349963 0.058969675
58833.837806 25.224311 0.061934851
58833.83839 25.239443 0.051951275
58833.838952 25.193589 0.059934194
58833.839512 25.274446 0.061962709
58833.840078 25.086227 0.056954148
58833.840638 25.200864 0.054967437
58833.841214 25.253631 0.06196525
58833.841784 25.201092 0.054973796
58833.842354 25.290781 0.059969933
58833.842932 25.212663 0.058966732
58833.8435 25.318422 0.067969616
58833.844068 25.326738 0.063971196
58833.84464 25.218457 0.06096967
58833.845192 25.274928 0.059975234
58833.845764 25.305165 0.059977205
58833.846315 25.210884 0.054977707
58833.846882 25.323146 0.0649802
58833.847447 25.25173 0.07196761
58833.848017 25.282924 0.070975981
58833.848583 25.28553 0.073969819
58833.849139 25.141923 0.065973224
58833.849713 25.220477 0.068961537
58833.850286 25.307412 0.062976727
