HJD mag magerr
0.0 0.0 0.0
58833.526938 25.197207 0.16266013
58833.527497 25.39123 0.15186216
58833.528073 25.496472 0.19269567
58833.52864 25.57627 0.13182267
58833.529223 25.422739 0.16743637
58833.529794 25.466112 0.17645812
58833.530369 25.641505 0.13170264
58833.530936 25.649492 0.11682781
58833.531508 25.58332 0.087874413
58833.532068 25.537001 0.079897957
58833.532639 25.45911 0.070816401
58833.533201 25.639561 0.082907751
58833.533765 25.623687 0.074927337
58833.534319 25.450526 0.084750836
58833.534878 25.555777 0.086739622
58833.535457 25.602765 0.079813427
58833.536022 25.6117 0.07192344
58833.536586 25.576785 0.060932693
58833.537148 25.544221 0.052939421
58833.537706 25.530967 0.067867107
58833.538275 25.548119 0.05691838
58833.538843 25.674763 0.056938722
58833.539403 25.545663 0.057913824
58833.539961 25.615071 0.053885789
58833.540691 25.518915 0.043946209
58833.54127 25.538729 0.049939432
58833.541834 25.484952 0.043952855
58833.542384 25.610636 0.051953642
58833.542946 25.521018 0.048924991
58833.543507 25.606296 0.044960617
58833.544071 25.558947 0.041965135
58833.544644 25.544373 0.044940797
58833.545206 25.549018 0.046937665
58833.545767 25.604406 0.041961863
58833.54634 25.505886 0.040967124
58833.546924 25.533714 0.043938055
58833.547488 25.587653 0.050911879
58833.548053 25.467816 0.040927382
58833.548633 25.579527 0.048958785
58833.549203 25.560299 0.038955926
58833.549779 25.523263 0.040962751
58833.550355 25.642957 0.053955376
58833.550911 25.511122 0.041949234
58833.551466 25.52265 0.038930936
58833.552025 25.636451 0.050920691
58833.552609 25.551989 0.050912412
58833.553172 25.495259 0.046929696
58833.553736 25.513393 0.050927076
58833.554298 25.597329 0.04496658
58833.554862 25.624813 0.041968383
58833.55542 25.490912 0.043968539
58833.556007 25.61837 0.050979797
58833.556565 25.60088 0.049976827
58833.557125 25.604251 0.048968021
58833.557676 25.599954 0.056973968
58833.558245 25.456038 0.046955299
58833.558811 25.61855 0.04895619
58833.559373 25.581803 0.053904977
58833.559928 25.515602 0.054829828
58833.560497 25.663512 0.072710884
58833.561052 25.591115 0.049903422
58833.561629 25.611838 0.063848165
58833.562183 25.511727 0.04891463
58833.562742 25.497142 0.042937924
58833.563315 25.543334 0.047950515
58833.563889 25.62791 0.06384758
58833.564461 25.541725 0.059734265
58833.565019 25.475976 0.037938406
58833.565576 25.547341 0.035983038
58833.566153 25.59361 0.052900964
58833.566722 25.557842 0.040917652
58833.56729 25.655545 0.045943026
58833.56785 25.716596 0.054911218
58833.568406 25.571642 0.037966653
58833.568961 25.538348 0.034970764
58833.569533 25.528225 0.033969142
58833.570095 25.613159 0.03697577
58833.57065 25.548266 0.031985331
58833.57121 25.571179 0.034969655
58833.571768 25.591344 0.034960713
58833.572322 25.585561 0.03397426
58833.572898 25.563522 0.040953273
58833.573468 25.559771 0.043898079
58833.574037 25.632433 0.052899094
58833.574593 25.481669 0.04092057
58833.575159 25.424179 0.057540469
58833.575726 25.520274 0.046844212
58833.576286 25.509143 0.045880425
58833.576839 25.524311 0.04488203
58833.577403 25.597995 0.040929186
58833.577964 25.564519 0.041932291
58833.578544 25.620247 0.04894418
58833.579114 25.540853 0.042902924
58833.579688 25.584445 0.045910061
58833.580238 25.549017 0.049883185
58833.58081 25.549798 0.047869494
58833.581375 25.727753 0.055836379
58833.581944 25.622786 0.041925055
58833.582509 25.556307 0.037949518
58833.58308 25.563239 0.050902315
58833.583647 25.461919 0.048827061
58833.584215 25.642345 0.057789481
58833.584762 25.494395 0.044867345
58833.585316 25.511984 0.045835119
58833.585886 25.581105 0.038935104
58833.586442 25.560204 0.046897529
58833.587001 25.552054 0.047836552
58833.587566 25.469505 0.059821484
58833.58814 25.504972 0.056803809
58833.588711 25.573203 0.033981393
58833.589285 25.542488 0.038923695
58833.589857 25.421792 0.043707995
58833.590423 25.671907 0.066667739
58833.590994 25.509846 0.061804886
58833.591559 25.46754 0.074731228
58833.592112 25.62647 0.074692581
58833.592665 25.868567 0.10270249
58833.593224 25.468883 0.079643289
58833.593796 25.670478 0.11777522
58833.594369 25.616078 0.11044288
58833.59492 25.471824 0.086669057
58833.595528 25.548706 0.071736882
58833.596082 25.65726 0.069851552
58833.596665 25.645425 0.065857465
0.0 0.0 0.0
58833.597797 25.538798 0.053893919
58833.59838 25.601062 0.050912513
58833.598947 25.51674 0.04193118
58833.599512 25.588077 0.050906571
58833.60009 25.63435 0.053933577
58833.600655 25.544945 0.04694293
58833.601221 25.558432 0.046943285
58833.601788 25.544525 0.05790591
58833.602358 25.496081 0.044924183
58833.602926 25.523828 0.05392326
58833.60349 25.52619 0.060794483
58833.604047 25.531873 0.045927246
58833.604615 25.524801 0.057880161
58833.605171 25.574245 0.064860453
58833.605736 25.600308 0.061878641
58833.606292 25.52802 0.060865577
58833.606846 25.571068 0.059853068
58833.607409 25.650683 0.068865929
58833.607972 25.620964 0.072831031
58833.608554 25.575984 0.065839906
58833.609122 25.482663 0.057867407
58833.609691 25.574217 0.058852133
58833.61027 25.5862 0.051886362
58833.610843 25.653919 0.048881936
58833.611415 25.580683 0.052781055
58833.611993 25.54769 0.049854389
58833.612577 25.535579 0.049838598
58833.613137 25.533159 0.052815508
58833.613696 25.532435 0.053755859
58833.614278 25.518595 0.048841483
58833.614853 25.619338 0.056804381
58833.615407 25.606421 0.057762338
58833.615983 25.558278 0.053858498
58833.616534 25.521843 0.047809262
58833.617093 25.50114 0.057872885
58833.617655 25.501713 0.052908159
58833.618216 25.533182 0.049902676
58833.618781 25.596567 0.054944017
58833.619336 25.605893 0.054916274
58833.619908 25.588203 0.057904306
58833.620489 25.563049 0.04891697
58833.621073 25.582546 0.050912182
58833.621643 25.475521 0.053834654
58833.622212 25.529165 0.047910346
58833.622786 25.53137 0.060799494
58833.623339 25.622404 0.055889138
58833.623898 25.594848 0.057904493
58833.624467 25.564956 0.048924058
58833.625042 25.600078 0.051909475
58833.625625 25.592607 0.047942353
58833.626195 25.598583 0.046939138
58833.626758 25.544493 0.051920968
58833.627345 25.579432 0.04295022
58833.627901 25.514015 0.041964757
58833.628481 25.54922 0.046947367
58833.629058 25.524718 0.046959824
58833.629625 25.538273 0.042953104
58833.630194 25.506416 0.040955643
58833.630754 25.61989 0.047960345
58833.631339 25.528832 0.048918301
58833.631919 25.591453 0.06382534
58833.632476 25.437099 0.055827132
58833.633035 25.561951 0.054818769
58833.633609 25.466744 0.054895674
58833.634176 25.410704 0.064926063
58833.63477 25.481684 0.054851468
58833.63533 25.612027 0.051958292
58833.635896 25.576746 0.050925885
0.0 0.0 0.0
58833.637031 25.580272 0.051877539
58833.637603 25.562472 0.053905645
58833.638178 25.494045 0.050887298
58833.638751 25.548002 0.047950148
58833.639317 25.598257 0.049951959
58833.639885 25.519047 0.043966309
58833.640451 25.491615 0.045976281
58833.641017 25.533821 0.043963504
58833.641587 25.557684 0.044962042
58833.642165 25.621383 0.051959844
58833.642733 25.539377 0.046954889
58833.643298 25.542395 0.057949575
58833.643881 25.55879 0.045956627
58833.644463 25.570396 0.043962937
58833.645038 25.613928 0.049958237
58833.645621 25.574406 0.054934351
58833.646196 25.646227 0.054931878
58833.646775 25.599448 0.047968034
58833.647352 25.522293 0.04696802
58833.647947 25.548551 0.050948254
58833.648518 25.538432 0.050973651
58833.649091 25.547707 0.051935247
58833.649661 25.613795 0.046971515
58833.650234 25.51429 0.045972464
58833.650812 25.557284 0.04396353
58833.651385 25.585941 0.050930133
58833.651942 25.584746 0.055954891
58833.652501 25.529268 0.050966022
58833.653051 25.57206 0.052944018
58833.653627 25.486177 0.042971613
58833.654196 25.562531 0.050952927
58833.654761 25.478963 0.040960176
58833.655332 25.547715 0.04895825
58833.655903 25.553565 0.055963952
58833.656459 25.541286 0.04497567
58833.657018 25.611185 0.050970477
58833.657575 25.550008 0.05097259
58833.658134 25.639085 0.056966104
58833.658729 25.536339 0.048960331
58833.659291 25.556749 0.049972112
58833.659866 25.59561 0.055972665
58833.660428 25.560882 0.047969243
58833.660996 25.537106 0.052960247
58833.661568 25.553145 0.052961004
58833.662129 25.578876 0.051958036
58833.662686 25.509208 0.063937684
58833.663254 25.546724 0.049972443
58833.663845 25.476318 0.061943097
58833.664399 25.476847 0.05095479
58833.664959 25.621707 0.056970897
58833.66553 25.577962 0.059975571
58833.666087 25.611197 0.050981024
58833.666661 25.584486 0.051977557
58833.66724 25.520945 0.05098117
58833.667808 25.532685 0.051976915
58833.668374 25.581108 0.052981938
58833.66894 25.592622 0.053976451
58833.669515 25.551223 0.060974017
58833.670105 25.597569 0.061962099
58833.670664 25.552318 0.054953837
58833.671231 25.542595 0.064960133
58833.671792 25.576074 0.063958555
58833.672357 25.44638 0.059951353
58833.672921 25.594235 0.0629512
58833.6735 25.524619 0.060975836
58833.674063 25.544716 0.055974669
58833.674632 25.498002 0.06295188
58833.675223 25.513175 0.065896715
58833.67579 25.580375 0.071943993
58833.67635 25.552587 0.069931447
58833.676916 25.608265 0.068954049
58833.677484 25.499885 0.067950598
58833.678056 25.632143 0.077939553
58833.678616 25.672396 0.093837593
58833.679182 25.4801 0.07985258
58833.679761 25.587268 0.095845546
58833.680323 25.5438 0.10955158
58833.680894 25.599118 0.099847433
58833.681455 25.72864 0.12365504
58833.68202 25.4426 0.084747574
58833.682591 25.686717 0.10568605
58833.683157 25.671169 0.098862195
58833.683728 25.449458 0.082855166
58833.68429 25.644252 0.10273648
58833.684864 25.538506 0.070912379
58833.685427 25.697353 0.093914529
58833.686006 25.480008 0.077871253
58833.68663 25.414247 0.067945349
58833.687197 25.636061 0.081944236
58833.687766 25.515449 0.070916006
58833.688335 25.545375 0.069948754
58833.6889 25.534494 0.074958392
58833.689473 25.669437 0.079936351
58833.690035 25.548567 0.067928159
58833.690606 25.563374 0.074936256
58833.691182 25.542059 0.07292358
58833.691769 25.50905 0.062918733
58833.692334 25.518958 0.080869048
58833.692912 25.619253 0.075910837
58833.693482 25.496495 0.071928763
58833.694055 25.605006 0.072947128
58833.694629 25.483799 0.071930506
58833.695214 25.417061 0.070945104
58833.695788 25.541881 0.073937515
58833.696709 25.576468 0.08293946
58833.697282 25.667038 0.092856141
58833.697854 25.544097 0.079926458
58833.698426 25.508003 0.075939553
58833.698997 25.543886 0.089946744
58833.699574 25.5265 0.071947518
58833.700162 25.638436 0.075964083
58833.700738 25.656895 0.096938848
58833.701314 25.657881 0.077959193
58833.701879 25.542223 0.099941687
58833.702433 25.603995 0.091969144
58833.702997 25.527473 0.057974258
58833.703569 25.520513 0.071960586
58833.704138 25.62097 0.07797032
58833.704693 25.602182 0.072971301
58833.705269 25.595066 0.07395501
58833.705842 25.503052 0.070961489
58833.706416 25.428727 0.072947127
58833.706995 25.432348 0.05896878
58833.70756 25.540896 0.075964371
58833.708139 25.545615 0.066968528
58833.708701 25.627068 0.077965914
58833.709269 25.606446 0.069953702
58833.709837 25.504572 0.068959859
58833.710398 25.499909 0.067953364
58833.710961 25.576344 0.077942659
58833.711531 25.635068 0.081948951
58833.712096 25.561525 0.068950944
58833.712678 25.486351 0.064942188
58833.713245 25.570641 0.064953019
58833.713811 25.62742 0.07095288
58833.71438 25.603055 0.06696511
58833.714942 25.541872 0.060967754
58833.715515 25.599099 0.061951358
58833.716099 25.49702 0.06097064
58833.716662 25.591984 0.06197162
58833.717217 25.657772 0.066933343
58833.717786 25.450746 0.059952682
58833.718352 25.666537 0.075959213
58833.718933 25.617998 0.070953039
58833.719515 25.674917 0.072954388
58833.720081 25.532292 0.073922296
58833.720652 25.558462 0.070940268
58833.721229 25.665618 0.065956925
58833.721798 25.457531 0.070935852
58833.722365 25.6429 0.065963557
58833.722938 25.520232 0.05396833
58833.723517 25.537853 0.056964403
58833.724095 25.519759 0.053968171
58833.724659 25.636104 0.074949069
58833.725228 25.537098 0.061965155
58833.725794 25.596679 0.066946931
58833.726369 25.356347 0.060897352
58833.726949 25.521205 0.075853544
58833.727521 25.467825 0.067915543
58833.728085 25.575054 0.062932108
58833.728659 25.461605 0.063939335
58833.729226 25.560222 0.065945756
58833.729803 25.606759 0.064955318
58833.730359 25.571033 0.068945185
58833.730924 25.469282 0.054968059
58833.731502 25.530943 0.060952353
58833.732059 25.669314 0.081890059
58833.732632 25.611624 0.073904513
58833.733194 25.627216 0.078914295
58833.733759 25.602176 0.087812276
58833.734321 25.472664 0.082906443
58833.734879 25.681011 0.10187995
58833.735444 25.572233 0.093848668
58833.736003 25.756718 0.11585103
58833.736571 25.627127 0.11885992
58833.737136 25.549012 0.095844661
58833.737691 25.498515 0.080919739
58833.738267 25.533026 0.097751779
58833.738823 25.564735 0.078865722
58833.739382 25.638107 0.088867496
58833.739948 25.539952 0.092846343
58833.740522 25.538088 0.09581784
58833.741085 25.709569 0.1176888
58833.741647 25.533998 0.083892953
58833.742215 25.562481 0.075911069
58833.742788 25.459814 0.078848061
58833.743365 25.610259 0.096903841
58833.743953 25.529224 0.080876285
58833.744526 25.46313 0.06886209
58833.745093 25.572777 0.07093151
58833.745664 25.5004 0.071935813
58833.746226 25.626261 0.074931356
58833.746789 25.555422 0.065947904
58833.747358 25.507929 0.061956409
58833.747921 25.463852 0.066954231
58833.748478 25.568473 0.058949624
58833.749035 25.55271 0.062958666
58833.749599 25.608785 0.068959941
58833.750168 25.4923 0.068893682
58833.750733 25.495996 0.068907103
58833.751298 25.470766 0.070877283
58833.751854 25.49167 0.089780126
58833.752416 25.504337 0.072897637
58833.752988 25.559024 0.074907712
58833.753539 25.485665 0.065917378
58833.7541 25.505353 0.064948553
58833.754655 25.392207 0.057947804
58833.75523 25.564414 0.066960775
58833.755803 25.559837 0.073952148
58833.756377 25.567152 0.075957568
58833.756948 25.443861 0.065952993
58833.757519 25.623868 0.079958863
58833.758074 25.528715 0.06696123
58833.758639 25.51216 0.080932767
58833.759204 25.639331 0.10691074
58833.759765 25.534794 0.086954497
58833.760341 25.522435 0.080959382
58833.760921 25.526431 0.073955828
58833.761489 25.448757 0.10090845
58833.76205 25.460251 0.073956614
58833.762618 25.725879 0.098933256
58833.763196 25.618568 0.073969406
58833.763771 25.680991 0.078970176
58833.764345 25.532417 0.070964344
58833.764904 25.416421 0.063965215
58833.765469 25.578943 0.07796769
58833.766035 25.430581 0.069964868
58833.766604 25.491961 0.072961451
58833.767179 25.532137 0.07996691
58833.767754 25.4106 0.072972748
58833.768337 25.547484 0.06994967
58833.768906 25.598908 0.075964084
58833.769468 25.508123 0.080953566
58833.770037 25.543469 0.077961489
58833.770609 25.429203 0.076964196
58833.771176 25.530228 0.095919406
58833.77175 25.487102 0.089937934
58833.772312 25.528739 0.094927484
58833.772873 25.512345 0.096881641
58833.773436 25.554035 0.11885649
58833.774013 25.543954 0.12777901
58833.774581 25.583785 0.11885515
58833.775149 25.51962 0.099906452
58833.775718 25.567117 0.11189614
58833.776274 25.530862 0.10689232
58833.776849 25.597301 0.11393809
58833.777425 25.569118 0.11593883
58833.777996 25.464008 0.10290784
58833.778564 25.462262 0.093939885
58833.779126 25.503923 0.091923007
58833.779701 25.513958 0.096898179
58833.780275 25.695023 0.10590564
58833.780836 25.352166 0.092852975
58833.781394 25.519058 0.1078922
58833.781959 25.68512 0.10091523
58833.78252 25.509729 0.09292679
58833.783078 25.472772 0.10290487
58833.783656 25.440248 0.079934034
58833.784224 25.558372 0.098952888
58833.784791 25.592518 0.086942287
58833.785359 25.608752 0.09295334
58833.785923 25.507362 0.079957144
58833.786499 25.463597 0.085958572
58833.787075 25.45719 0.081945589
58833.787657 25.615777 0.090957545
58833.788243 25.529105 0.083950022
58833.788815 25.581073 0.082943922
58833.789431 25.634293 0.076963742
58833.789993 25.619852 0.08495752
58833.790558 25.453132 0.069976821
58833.791114 25.700424 0.10196036
58833.791692 25.592372 0.079973453
58833.792254 25.564017 0.055964611
58833.792819 25.494686 0.064967932
58833.793386 25.565341 0.068960125
58833.793945 25.713899 0.07196535
58833.794517 25.549327 0.069960451
58833.79508 25.509725 0.063960838
58833.795646 25.595478 0.06697308
58833.796225 25.621909 0.060971337
58833.79679 25.593789 0.062974614
58833.797352 25.536803 0.060976284
58833.797908 25.46409 0.0559719
58833.798484 25.604912 0.068972793
58833.799061 25.596599 0.060976501
58833.799624 25.577527 0.067954935
58833.800185 25.49149 0.067975254
58833.800756 25.658142 0.071966832
58833.801313 25.541915 0.063952276
58833.801876 25.534604 0.065964599
58833.802443 25.543059 0.06596377
58833.803031 25.5588 0.068975077
58833.803608 25.625697 0.061969177
58833.804175 25.561097 0.071974716
58833.804741 25.571758 0.061978617
58833.805316 25.577571 0.064977423
58833.805876 25.609424 0.07196551
58833.806445 25.524155 0.063977595
58833.807016 25.573446 0.072973541
58833.807582 25.53066 0.070960947
58833.80816 25.743697 0.083966852
58833.808724 25.65484 0.072976935
58833.809281 25.521332 0.06196753
58833.809857 25.540636 0.063974158
58833.810432 25.536111 0.067975527
58833.811002 25.544276 0.078971905
58833.81157 25.59578 0.070974124
58833.812141 25.794975 0.08297509
58833.81271 25.558688 0.056977507
58833.813283 25.535998 0.057972048
58833.81385 25.63019 0.058973539
58833.814425 25.548745 0.055975839
58833.81499 25.534343 0.064978259
58833.815567 25.529536 0.061971842
58833.816133 25.58739 0.067975549
58833.816698 25.583067 0.075970251
58833.817289 25.491474 0.059952201
58833.817864 25.514977 0.074966516
58833.818429 25.523801 0.072966998
58833.819011 25.658985 0.085961559
58833.819573 25.492031 0.06696128
58833.820146 25.51538 0.068957781
58833.82073 25.560441 0.057965727
58833.821295 25.537159 0.070959089
58833.821869 25.663676 0.090970058
58833.822431 25.681163 0.10396735
58833.822986 25.581509 0.08697191
58833.823546 25.58924 0.098963718
58833.824122 25.621066 0.085959783
58833.82469 25.589703 0.096948301
58833.82527 25.474159 0.079969983
58833.825842 25.577876 0.080967846
58833.826414 25.561842 0.089955728
58833.826987 25.565421 0.083964223
58833.827559 25.575188 0.084959853
58833.828123 25.484856 0.08196762
58833.828694 25.455768 0.06094977
58833.829263 25.617709 0.074960833
58833.829826 25.547525 0.074959529
58833.830398 25.571182 0.071940389
58833.830961 25.55662 0.076947179
58833.831526 25.546279 0.061967147
58833.832097 25.497089 0.065959962
58833.83267 25.646577 0.069951705
58833.833228 25.504573 0.06796435
58833.833798 25.563272 0.062961871
58833.834371 25.627602 0.078941485
58833.834936 25.633919 0.063961779
58833.83551 25.537011 0.066956474
58833.836083 25.677741 0.069967671
58833.836648 25.419311 0.065941867
58833.837231 25.49314 0.061962003
58833.837806 25.54904 0.072929855
58833.83839 25.650058 0.072947374
58833.838952 25.574781 0.08592632
58833.839512 25.444326 0.074958764
58833.840078 25.564288 0.087959312
58833.840638 25.579843 0.078952497
58833.841214 25.560116 0.082963794
58833.841784 25.712422 0.086968806
58833.842354 25.451064 0.07196664
58833.842932 25.586393 0.076962444
58833.8435 25.710043 0.09695866
58833.844068 25.639812 0.082968343
58833.84464 25.604823 0.084967512
58833.845192 25.548332 0.083970659
58833.845764 25.54699 0.080977118
58833.846315 25.570522 0.073972521
58833.846882 25.523482 0.076974651
58833.847447 25.583705 0.091973898
58833.848017 25.572829 0.093960238
58833.848583 25.668835 0.10496822
58833.849139 25.525966 0.090965432
58833.849713 25.55658 0.089956617
58833.850286 25.559742 0.08697048
