HJD mag magerr
58833.526351 25.019579 0.1398276
58833.526938 25.546672 0.20960634
58833.527497 25.134366 0.11981468
58833.528073 25.101065 0.12765707
58833.52864 24.876489 0.075820429
58833.529223 25.071727 0.11865522
58833.529794 25.075053 0.12234933
58833.530369 24.938653 0.068802629
58833.530936 25.040726 0.066826232
58833.531508 25.068385 0.054890062
58833.532068 25.068783 0.054899034
58833.532639 25.089107 0.057894111
58833.533201 25.096004 0.051908932
58833.533765 24.956932 0.046911616
0.0 0.0 0.0
58833.534878 25.156493 0.055807202
58833.535457 25.029341 0.053821602
58833.536022 25.030687 0.042903189
58833.536586 25.056326 0.037922105
58833.537148 25.081954 0.039949601
58833.537706 25.069741 0.044874624
58833.538275 25.098477 0.037928907
58833.538843 25.067391 0.035930272
58833.539403 25.097962 0.036919846
58833.539961 25.050642 0.032939518
58833.540691 25.058892 0.033951948
58833.54127 25.099827 0.035927332
58833.541834 24.970881 0.029943161
58833.542384 25.073203 0.035939578
58833.542946 25.072022 0.035926797
58833.543507 25.03265 0.028964846
58833.544071 25.027209 0.029954954
58833.544644 25.061383 0.031921422
58833.545206 25.030984 0.033875617
58833.545767 25.102529 0.032950639
58833.54634 25.017574 0.029961395
58833.546924 25.030352 0.03194923
58833.547488 25.046745 0.03391377
58833.548053 25.070147 0.031936622
58833.548633 24.988465 0.029952849
58833.549203 25.123345 0.031959952
58833.549779 25.056188 0.027957413
58833.550355 25.046883 0.031946907
58833.550911 25.029293 0.02795851
58833.551466 25.032236 0.029941088
58833.552025 25.079787 0.035931708
58833.552609 25.056581 0.035938621
58833.553172 25.063459 0.031934851
58833.553736 25.080689 0.034932361
58833.554298 25.094563 0.03096167
58833.554862 25.025875 0.027964244
58833.55542 25.054647 0.03494223
58833.556007 25.115211 0.030975123
58833.556565 25.019512 0.034979821
58833.557125 25.044067 0.034962868
58833.557676 25.064527 0.037962736
58833.558245 25.068656 0.03195216
58833.558811 25.039855 0.029947373
58833.559373 25.025197 0.033937557
58833.559928 25.069417 0.036897101
58833.560497 25.012803 0.041800711
58833.561052 25.065737 0.031936151
58833.561629 25.024304 0.032875888
58833.562183 24.988393 0.034923989
58833.562742 25.076163 0.030943905
58833.563315 25.027212 0.031951284
58833.563889 25.157822 0.047879691
58833.564461 24.968791 0.035772591
58833.565019 25.076993 0.030882775
58833.565576 25.042688 0.021989733
58833.566153 25.023929 0.028927701
58833.566722 25.017056 0.029951323
58833.56729 25.002473 0.030945369
58833.56785 25.032405 0.028924706
58833.568406 25.063299 0.026963637
58833.568961 25.000194 0.025971784
58833.569533 25.023646 0.021985501
58833.570095 25.048774 0.024974966
58833.57065 25.066981 0.026979231
58833.57121 25.038703 0.02497425
58833.571768 25.053769 0.027966822
58833.572322 25.080759 0.025971269
58833.572898 25.022586 0.027953276
58833.573468 25.103952 0.033901974
58833.574037 25.061027 0.034912235
58833.574593 25.072511 0.032902289
58833.575159 25.036105 0.038694664
58833.575726 25.074922 0.032860676
58833.576286 25.058139 0.036806077
58833.576839 25.028008 0.031888062
58833.577403 25.059562 0.028929604
58833.577964 25.012522 0.027940078
58833.578544 25.040463 0.028940977
58833.579114 25.073127 0.031867009
58833.579688 25.037237 0.030920676
58833.580238 25.067803 0.031903853
58833.58081 25.0274 0.031879847
58833.581375 25.047763 0.03188589
58833.581944 25.024895 0.030911367
58833.582509 25.060985 0.029938521
58833.58308 25.062169 0.032906434
58833.583647 25.057889 0.032901441
58833.584215 24.97794 0.037820272
58833.584762 25.055916 0.030897782
58833.585316 25.089397 0.039790655
58833.585886 25.023304 0.026943862
58833.586442 25.085466 0.031905075
58833.587001 25.05038 0.030932054
58833.587566 25.170849 0.049776146
58833.58814 25.022627 0.040840474
58833.588711 25.098335 0.026970378
58833.589285 25.069571 0.025950768
58833.589857 25.105813 0.036823154
58833.590423 25.036198 0.035839584
58833.590994 24.970843 0.039832582
0.0 0.0 0.0
58833.592112 25.025931 0.045727721
58833.592665 25.007813 0.04871081
58833.593224 25.060634 0.057618454
58833.593796 24.940511 0.059735638
58833.594369 24.986931 0.055598846
58833.59492 25.037419 0.057706874
58833.595528 25.045519 0.046772966
58833.596082 25.067668 0.044837857
58833.596665 25.09027 0.045864532
58833.597231 25.044517 0.038843973
58833.597797 25.057366 0.038894509
58833.59838 25.045566 0.030929229
58833.598947 25.019174 0.027953961
58833.599512 25.105186 0.036917807
58833.60009 25.033451 0.033932375
58833.600655 25.034997 0.032949772
58833.601221 25.047732 0.031933299
58833.601788 25.026804 0.031936439
58833.602358 25.075144 0.031935039
58833.602926 25.047698 0.036934376
58833.60349 25.016195 0.042817202
58833.604047 25.027066 0.030935571
58833.604615 25.015938 0.034895877
58833.605171 25.002529 0.038883665
58833.605736 25.027767 0.038897456
58833.606292 25.118438 0.041892877
58833.606846 25.027152 0.038864508
58833.607409 24.999152 0.038824873
58833.607972 25.004275 0.03786687
58833.608554 25.011297 0.039887887
58833.609122 24.981922 0.038882977
58833.609691 25.163174 0.044845624
58833.61027 25.039568 0.035885486
58833.610843 25.053641 0.034850546
58833.611415 24.974296 0.030868149
58833.611993 25.031694 0.034857563
58833.612577 24.965849 0.03185067
58833.613137 25.07824 0.040831484
58833.613696 25.050366 0.035840749
58833.614278 25.023638 0.03285548
58833.614853 25.018251 0.03482218
58833.615407 24.997886 0.033884465
58833.615983 25.043848 0.035875891
58833.616534 25.029819 0.033895632
58833.617093 25.034194 0.040883262
58833.617655 25.058878 0.036924302
58833.618216 25.032449 0.03591099
58833.618781 25.037264 0.036934064
58833.619336 25.034995 0.035930237
58833.619908 25.00406 0.038911693
58833.620489 25.025802 0.030922424
58833.621073 25.051187 0.031943741
58833.621643 25.096633 0.0398502
58833.622212 25.046991 0.033910833
58833.622786 25.023239 0.035878124
58833.623339 25.035262 0.036850341
58833.623898 25.044017 0.039845001
58833.624467 25.016907 0.033930098
58833.625042 25.083613 0.035915277
58833.625625 25.045754 0.031934369
58833.626195 25.050791 0.029951594
58833.626758 25.182027 0.035947074
58833.627345 25.039068 0.03094608
58833.627901 25.041504 0.02995755
58833.628481 25.064438 0.033931084
58833.629058 25.048449 0.030950656
58833.629625 25.044613 0.031930201
58833.630194 25.025906 0.028957651
58833.630754 25.046958 0.031961154
58833.631339 25.051342 0.035882411
58833.631919 25.097157 0.042826079
58833.632476 25.02147 0.042815215
58833.633035 25.099645 0.041836554
58833.633609 25.021935 0.03682492
58833.634176 25.130793 0.048930681
58833.63477 25.047838 0.038904289
58833.63533 25.01233 0.034907183
58833.635896 25.029913 0.0359202
58833.636454 25.066987 0.029961761
58833.637031 25.074354 0.03592872
58833.637603 25.032548 0.034907906
58833.638178 25.05365 0.035904918
58833.638751 25.038179 0.03593196
58833.639317 25.024558 0.032953497
58833.639885 25.07246 0.034937426
58833.640451 25.057925 0.031956581
58833.641017 25.02634 0.02997448
58833.641587 25.072242 0.031967925
58833.642165 25.084247 0.034962383
58833.642733 25.078882 0.032960322
58833.643298 25.055876 0.036929771
58833.643881 25.046762 0.031945815
58833.644463 25.035011 0.03196608
58833.645038 25.054342 0.034961173
58833.645621 25.051062 0.031937804
58833.646196 25.06386 0.03493976
58833.646775 25.039917 0.032938566
58833.647352 25.040427 0.03194321
58833.647947 25.009171 0.033957636
58833.648518 25.029045 0.033968628
58833.649091 25.103404 0.03594798
58833.649661 25.045806 0.032943418
58833.650234 25.040398 0.03196741
58833.650812 25.069618 0.034950366
58833.651385 25.057763 0.034939643
58833.651942 25.038825 0.03593851
58833.652501 25.121898 0.035961484
58833.653051 25.0172 0.033966831
58833.653627 25.048723 0.032963372
58833.654196 25.028702 0.036936866
58833.654761 25.061974 0.031966678
58833.655332 25.020566 0.035962974
58833.655903 25.066564 0.032969283
58833.656459 25.038118 0.030970798
58833.657018 25.023499 0.031974163
58833.657575 25.092315 0.034952005
58833.658134 25.033814 0.033943953
58833.658729 25.065307 0.038940648
58833.659291 25.002894 0.030969165
58833.659866 24.998167 0.033970671
58833.660428 25.079144 0.034939073
58833.660996 25.012435 0.033966714
58833.661568 25.066486 0.035958462
58833.662129 25.099684 0.034946551
58833.662686 25.009263 0.038903038
58833.663254 25.053546 0.03594877
58833.663845 25.055781 0.038953784
58833.664399 25.050424 0.042957885
58833.664959 25.02474 0.037973884
58833.66553 25.024305 0.031972823
58833.666087 25.088501 0.040971715
58833.666661 25.040802 0.035975452
58833.66724 25.058063 0.034968891
58833.667808 25.04677 0.03597393
58833.668374 25.051917 0.038974152
58833.66894 25.1085 0.041972667
58833.669515 25.021583 0.037968363
58833.670105 25.006815 0.039960749
58833.670664 25.061607 0.038958952
58833.671231 25.01624 0.039947513
58833.671792 25.072074 0.040944338
58833.672357 24.987815 0.037956507
58833.672921 25.029484 0.036954451
58833.6735 25.151174 0.04696361
58833.674063 25.095476 0.037955119
58833.674632 25.038372 0.044928347
58833.675223 25.050837 0.043897466
58833.67579 25.004447 0.044947033
58833.67635 25.072978 0.044928275
58833.676916 25.012343 0.047927045
58833.677484 25.031001 0.048940242
58833.678056 25.037082 0.049929935
58833.678616 25.00354 0.052846245
58833.679182 25.011472 0.049834171
58833.679761 25.01974 0.055794681
58833.680323 24.930349 0.068684968
58833.680894 25.047608 0.059763136
58833.681455 24.98717 0.064775819
58833.68202 25.051498 0.063843575
58833.682591 25.009166 0.062700026
58833.683157 25.023554 0.055859501
58833.683728 25.099425 0.053792357
58833.68429 24.948216 0.058790226
58833.684864 25.060821 0.055908183
58833.685427 25.134771 0.055866793
58833.686006 25.083515 0.050892158
58833.68663 25.0219 0.045939177
58833.687197 24.981211 0.047949632
58833.687766 25.015005 0.047949575
58833.688335 25.038384 0.046927013
58833.6889 25.026606 0.046945441
58833.689473 25.13817 0.049905681
58833.690035 24.97512 0.041908028
58833.690606 24.964072 0.04591176
58833.691182 25.161008 0.045943555
58833.691769 25.042526 0.046893941
58833.692334 24.979754 0.046817393
58833.692912 25.049723 0.049860364
58833.693482 25.096051 0.040926399
58833.694055 25.121427 0.047899097
58833.694629 25.022453 0.043946355
58833.695214 25.08662 0.047940298
58833.695788 25.015516 0.045938035
58833.696709 25.062676 0.048869771
58833.697282 25.027371 0.055845698
58833.697854 25.049779 0.055876786
58833.698426 25.055161 0.052946939
58833.698997 25.085492 0.06390742
58833.699574 25.073358 0.050941413
58833.700162 25.085011 0.047953746
58833.700738 25.067013 0.053906768
58833.701314 24.957434 0.042953175
58833.701879 24.988888 0.071944067
58833.702433 25.012525 0.050943309
58833.702997 25.058761 0.043971067
58833.703569 25.048311 0.049964467
58833.704138 25.046994 0.046971825
58833.704693 25.012829 0.046964413
58833.705269 25.093554 0.043944193
58833.705842 25.027707 0.046949661
58833.706416 25.047771 0.054927714
58833.706995 25.020537 0.046963353
58833.70756 24.991553 0.039965512
58833.708139 25.072281 0.042960946
58833.708701 25.010253 0.040933608
58833.709269 25.102262 0.049952424
58833.709837 25.094132 0.047962143
58833.710398 25.034189 0.042953747
58833.710961 25.031583 0.046949503
58833.711531 25.092549 0.054930228
58833.712096 25.077797 0.046946894
58833.712678 25.019537 0.042914067
58833.713245 25.024183 0.046907484
58833.713811 25.051931 0.039930276
58833.71438 25.034728 0.040926392
58833.714942 25.078759 0.042932721
58833.715515 25.01001 0.038957826
58833.716099 25.04177 0.037966131
58833.716662 25.036719 0.036971406
58833.717217 25.058535 0.041940712
58833.717786 25.050176 0.044967093
58833.718352 25.068353 0.043960477
58833.718933 25.037696 0.048945961
58833.719515 25.044032 0.046933486
58833.720081 25.089309 0.051873127
58833.720652 25.06206 0.041956271
58833.721229 25.020078 0.043941954
58833.721798 25.080218 0.046922936
58833.722365 25.079882 0.039934237
58833.722938 25.057736 0.039956685
58833.723517 25.038312 0.042948046
58833.724095 25.011355 0.037944117
58833.724659 25.130157 0.046945157
58833.725228 25.041261 0.03893009
58833.725794 25.04135 0.044928806
58833.726369 24.98554 0.043897996
58833.726949 25.074949 0.047911461
58833.727521 24.997323 0.044885058
58833.728085 24.985068 0.040903116
58833.728659 25.001253 0.042936961
58833.729226 25.012156 0.041945857
58833.729803 25.079932 0.043910655
58833.730359 25.02161 0.044949756
58833.730924 25.076051 0.037959713
58833.731502 25.055903 0.04594159
58833.732059 25.057137 0.04887726
58833.732632 25.029074 0.05191149
58833.733194 24.968334 0.045908712
58833.733759 25.104351 0.053818093
58833.734321 25.013555 0.04884828
58833.734879 25.010985 0.052867111
58833.735444 25.092745 0.057835695
58833.736003 25.045297 0.063859361
58833.736571 25.010654 0.064761314
58833.737136 25.081872 0.063779909
58833.737691 25.07392 0.056884554
0.0 0.0 0.0
58833.738823 25.010735 0.051866721
58833.739382 24.976631 0.048852534
58833.739948 24.927361 0.052833395
58833.740522 24.915019 0.050861466
58833.741085 24.91906 0.05973866
58833.741647 24.910159 0.049868711
58833.742215 25.083037 0.055843432
58833.742788 25.1035 0.055799559
58833.743365 24.967797 0.053876647
58833.743953 24.984881 0.052879374
58833.744526 25.036663 0.050892548
58833.745093 25.084646 0.049893286
58833.745664 25.046823 0.050908876
58833.746226 25.107051 0.052918271
58833.746789 25.028611 0.041933404
58833.747358 25.038453 0.04691512
58833.747921 25.002473 0.04290152
58833.748478 25.096037 0.043946833
58833.749035 25.022361 0.043955255
58833.749599 25.00044 0.039950635
58833.750168 25.003827 0.044852726
58833.750733 25.044472 0.050840141
58833.751298 25.020484 0.051815949
58833.751854 25.061215 0.057810922
58833.752416 25.086044 0.051862023
58833.752988 24.988543 0.044872368
58833.753539 25.028184 0.044913515
58833.7541 25.067004 0.046891152
58833.754655 25.057009 0.041920253
58833.75523 25.030626 0.041963305
58833.755803 25.127412 0.04893807
58833.756377 24.988649 0.049903577
58833.756948 25.113318 0.04496534
58833.757519 25.055236 0.051966586
58833.758074 25.025908 0.044965226
58833.758639 24.983674 0.053913604
58833.759204 24.97283 0.051914248
58833.759765 25.058159 0.050951629
58833.760341 25.025335 0.051951889
58833.760921 25.056147 0.056953751
58833.761489 25.062785 0.064901963
58833.76205 25.052966 0.054942265
58833.762618 25.108982 0.059936335
58833.763196 25.105504 0.051926568
58833.763771 25.008141 0.047935274
58833.764345 25.067002 0.050964815
58833.764904 25.049136 0.048957726
58833.765469 24.987372 0.048938781
58833.766035 25.09138 0.05295646
58833.766604 24.996428 0.045948164
58833.767179 25.015094 0.050964015
58833.767754 24.997771 0.0469648
58833.768337 25.000407 0.042954815
58833.768906 25.087544 0.045960756
58833.769468 25.005124 0.051951658
58833.770037 25.038141 0.050910492
58833.770609 25.03605 0.058940563
58833.771176 25.018315 0.055883772
58833.77175 25.110845 0.0638854
58833.772312 25.058593 0.065874373
58833.772873 25.025485 0.067839924
58833.773436 25.094507 0.0828587
0.0 0.0 0.0
58833.774581 25.020008 0.068838321
58833.775149 25.068826 0.071828833
58833.775718 25.050498 0.066884445
58833.776274 25.085866 0.063881174
58833.776849 24.989962 0.056918075
58833.777425 25.090626 0.073908061
58833.777996 25.024352 0.062887737
58833.778564 25.120145 0.068911421
58833.779126 25.00682 0.059882467
58833.779701 25.042008 0.065796455
58833.780275 25.087103 0.063892485
58833.780836 25.006611 0.066849856
58833.781394 25.074975 0.071859877
58833.781959 25.127889 0.062914226
58833.78252 25.072356 0.06078088
58833.783078 25.033935 0.059879114
58833.783656 25.038233 0.062896816
58833.784224 25.027138 0.060915529
58833.784791 24.95676 0.052937345
58833.785359 25.01773 0.053914344
58833.785923 25.078173 0.057908272
58833.786499 25.08316 0.058934226
58833.787075 25.056539 0.057936191
58833.787657 25.142813 0.066937729
58833.788243 25.114486 0.063933568
58833.788815 25.009974 0.049958387
58833.789431 25.09075 0.048961469
58833.789993 25.046939 0.052952976
58833.790558 25.015843 0.045960827
58833.791114 25.092698 0.052952043
58833.791692 25.127561 0.052968457
58833.792254 25.020557 0.045964169
58833.792819 25.03194 0.046949604
58833.793386 25.00282 0.037962635
58833.793945 25.074309 0.047936938
58833.794517 25.066712 0.042963149
58833.79508 25.029776 0.041948126
58833.795646 25.072118 0.039965031
58833.796225 25.093592 0.040973674
58833.79679 25.000118 0.036977363
58833.797352 25.053751 0.039950184
58833.797908 25.053995 0.034975114
58833.798484 25.08255 0.039973757
58833.799061 24.985854 0.035970003
58833.799624 25.015061 0.04395733
58833.800185 25.059456 0.045935191
58833.800756 25.089255 0.043968457
58833.801313 24.98862 0.038970418
58833.801876 25.063212 0.039963892
58833.802443 25.045116 0.041961914
58833.803031 25.001087 0.047968118
58833.803608 25.019057 0.041964424
58833.804175 25.051641 0.037978301
58833.804741 25.031188 0.038976581
58833.805316 25.022689 0.042973336
58833.805876 25.09175 0.047967468
58833.806445 25.003466 0.039979267
58833.807016 25.00827 0.043967623
58833.807582 25.01624 0.04796493
58833.80816 24.973749 0.041947029
58833.808724 25.043854 0.040969218
58833.809281 25.041588 0.042967202
58833.809857 25.061182 0.04696616
58833.810432 25.03285 0.050964159
58833.811002 25.105919 0.052967784
58833.81157 25.039467 0.043975841
58833.812141 25.033088 0.043978569
58833.81271 25.118735 0.033979248
58833.813283 25.081408 0.048969805
58833.81385 25.068676 0.038979444
58833.814425 25.03496 0.039979148
58833.81499 25.126718 0.043979109
58833.815567 25.112567 0.045979793
58833.816133 25.086808 0.043951543
58833.816698 25.059161 0.045965292
58833.817289 24.971692 0.042957231
58833.817864 24.999435 0.04395318
58833.818429 25.146905 0.047943879
58833.819011 25.036519 0.041959191
58833.819573 24.997092 0.048942433
58833.820146 25.1004 0.045963155
58833.82073 25.056774 0.040966686
58833.821295 25.012952 0.043962307
58833.821869 25.049908 0.051953605
58833.822431 24.990426 0.044959839
58833.822986 25.043454 0.052971427
58833.823546 25.025612 0.054951296
58833.824122 24.994029 0.050960747
58833.82469 25.033045 0.058950554
58833.82527 25.092337 0.061960649
58833.825842 25.071096 0.059964478
58833.826414 25.047313 0.060938923
58833.826987 25.011058 0.049960769
58833.827559 25.000674 0.050957893
58833.828123 25.084159 0.053967895
58833.828694 25.007611 0.046948683
58833.829263 25.094389 0.050911349
58833.829826 25.054698 0.040969853
58833.830398 25.031589 0.045950993
58833.830961 25.053766 0.045946817
58833.831526 25.088015 0.039968412
58833.832097 25.009331 0.041970265
58833.83267 25.081144 0.042954326
58833.833228 25.025624 0.040968935
58833.833798 25.048896 0.044918272
58833.834371 25.01921 0.046944027
58833.834936 25.020459 0.040961265
58833.83551 25.11134 0.040958683
58833.836083 25.051922 0.044955582
58833.836648 25.072337 0.047957038
58833.837231 25.087542 0.04994199
58833.837806 25.03023 0.053922527
58833.83839 25.027738 0.045925084
58833.838952 25.126402 0.060905991
58833.839512 25.050885 0.05295624
58833.840078 25.062156 0.056927077
58833.840638 25.019627 0.046960169
58833.841214 25.040514 0.051964206
58833.841784 25.073501 0.049959593
58833.842354 25.081209 0.047958402
58833.842932 25.078149 0.04995998
58833.8435 25.065671 0.053960505
58833.844068 25.030358 0.04696956
58833.84464 25.033234 0.047960044
58833.845192 25.009758 0.046967449
58833.845764 25.067457 0.052973045
58833.846315 25.113109 0.051967961
58833.846882 25.057857 0.04897187
58833.847447 25.048765 0.060968793
58833.848017 25.084379 0.059969498
58833.848583 24.958072 0.057967481
58833.849139 25.000292 0.057957672
58833.849713 25.079114 0.054964768
58833.850286 25.186757 0.060969775
