HJD mag magerr
0.0 0.0 0.0
0.0 0.0 0.0
58833.527497 25.711691 0.20382454
0.0 0.0 0.0
58833.52864 25.990482 0.18882459
0.0 0.0 0.0
0.0 0.0 0.0
58833.530369 25.680823 0.14575209
58833.530936 25.742031 0.12489432
58833.531508 25.732471 0.1038867
58833.532068 25.654108 0.095903824
58833.532639 25.751549 0.094892567
58833.533201 25.613663 0.084929413
58833.533765 25.559383 0.074935358
58833.534319 25.963642 0.12471908
58833.534878 25.872599 0.10280301
58833.535457 25.757559 0.092827141
58833.536022 25.748126 0.08192173
58833.536586 25.722358 0.069939034
58833.537148 25.660252 0.063933624
58833.537706 25.740356 0.068881954
58833.538275 25.74461 0.068924802
58833.538843 25.66318 0.059929351
58833.539403 25.683106 0.057929876
58833.539961 25.718315 0.057941915
58833.540691 25.750745 0.055960485
58833.54127 25.823259 0.063926406
58833.541834 25.762391 0.053943705
58833.542384 25.715006 0.059937072
0.0 0.0 0.0
0.0 0.0 0.0
58833.544071 25.700739 0.04896908
0.0 0.0 0.0
0.0 0.0 0.0
0.0 0.0 0.0
58833.54634 25.689443 0.044961097
58833.546924 25.740703 0.051942303
58833.547488 25.811297 0.056935408
58833.548053 25.847412 0.055941141
58833.548633 25.826975 0.052960825
58833.549203 25.675682 0.045957926
58833.549779 25.750018 0.05495537
58833.550355 25.712411 0.056941121
58833.550911 25.72881 0.04793422
58833.551466 25.685793 0.048940507
58833.552025 25.73948 0.058913972
58833.552609 25.719588 0.057913651
58833.553172 25.769958 0.060940886
58833.553736 25.839925 0.053950208
58833.554298 25.749185 0.051963635
58833.554862 25.624157 0.046962575
58833.55542 25.748631 0.048975163
58833.556007 25.775579 0.058978932
58833.556565 25.733006 0.058976728
58833.557125 25.752076 0.055972302
58833.557676 25.716059 0.060978082
58833.558245 25.673408 0.05396183
58833.558811 25.736491 0.058945002
58833.559373 25.739237 0.055933502
58833.559928 25.688963 0.060859746
58833.560497 25.762557 0.084793174
58833.561052 25.761311 0.053909503
58833.561629 25.746233 0.071901219
58833.562183 25.720503 0.058941001
58833.562742 25.662149 0.049945953
58833.563315 25.708017 0.053947432
58833.563889 25.895797 0.067830199
58833.564461 25.662277 0.068760706
58833.565019 25.772862 0.041956967
58833.565576 25.692639 0.035987268
58833.566153 25.804409 0.060920322
58833.566722 25.856002 0.059940062
58833.56729 25.643705 0.050938615
58833.56785 25.655882 0.048904333
58833.568406 25.73875 0.043971938
58833.568961 25.67412 0.039973881
58833.569533 25.697144 0.037980263
58833.570095 25.738323 0.036972112
58833.57065 25.672482 0.038983131
58833.57121 25.771783 0.037973319
58833.571768 25.692466 0.039973735
58833.572322 25.776543 0.042968321
58833.572898 25.745464 0.048957107
58833.573468 25.954253 0.06185889
58833.574037 25.736161 0.053895005
58833.574593 25.725075 0.045907821
0.0 0.0 0.0
58833.575726 25.627156 0.053802721
58833.576286 25.750468 0.064837461
58833.576839 25.560331 0.045871963
58833.577403 25.653476 0.047950518
58833.577964 25.712116 0.047956129
58833.578544 25.667771 0.052934669
58833.579114 25.71474 0.047954885
58833.579688 25.68622 0.051916975
58833.580238 25.73279 0.05490577
58833.58081 25.74725 0.053918469
58833.581375 25.571214 0.054798865
58833.581944 25.723095 0.053907622
58833.582509 25.700521 0.046944523
58833.58308 25.734605 0.053907732
58833.583647 25.763991 0.061868462
0.0 0.0 0.0
58833.584762 25.782412 0.059878409
58833.585316 25.846013 0.065841992
58833.585886 25.680191 0.043919925
58833.586442 25.787513 0.053929161
58833.587001 25.68595 0.051918371
58833.587566 25.870813 0.082858176
58833.58814 25.74433 0.069887848
58833.588711 25.684299 0.039963986
58833.589285 25.691694 0.045932749
58833.589857 25.913737 0.067763562
58833.590423 25.788982 0.077760388
58833.590994 25.929091 0.083792945
58833.591559 25.95876 0.12171923
58833.592112 25.710018 0.08475189
58833.592665 25.838098 0.096735713
58833.593224 25.68608 0.085812269
58833.593796 25.797419 0.11181258
58833.594369 25.656698 0.12150458
0.0 0.0 0.0
58833.595528 25.931224 0.095773949
58833.596082 25.762575 0.080857833
58833.596665 25.693704 0.079858203
58833.597231 25.72838 0.06883298
58833.597797 25.804239 0.060908677
58833.59838 25.75178 0.050946926
58833.598947 25.723714 0.050936544
58833.599512 25.740178 0.061916819
58833.60009 25.793975 0.061937055
58833.600655 25.650684 0.053946127
58833.601221 25.660339 0.050921863
58833.601788 25.757407 0.060944184
58833.602358 25.707453 0.054929453
58833.602926 25.800916 0.071894815
58833.60349 25.905357 0.090810095
58833.604047 25.725782 0.056924646
58833.604615 25.617309 0.062885949
58833.605171 25.747501 0.071830167
58833.605736 25.739664 0.066887434
58833.606292 25.77107 0.073887604
58833.606846 25.792861 0.075862855
58833.607409 25.743398 0.067880214
58833.607972 25.752683 0.072906646
58833.608554 25.647251 0.071849216
58833.609122 25.879471 0.075897432
58833.609691 25.672722 0.071836925
58833.61027 25.706504 0.057893529
58833.610843 25.630318 0.054889729
58833.611415 25.722823 0.054872783
58833.611993 25.734245 0.060853747
58833.612577 25.680765 0.056849311
58833.613137 25.78427 0.069847975
58833.613696 25.719876 0.06382682
58833.614278 25.770413 0.060870111
58833.614853 25.74318 0.066803567
58833.615407 25.756039 0.063841758
58833.615983 25.660102 0.060870053
58833.616534 25.782609 0.061898836
58833.617093 25.682776 0.066893447
58833.617655 25.696365 0.05792551
58833.618216 25.647158 0.061929231
58833.618781 25.781051 0.064938366
58833.619336 25.734107 0.056927673
58833.619908 25.727643 0.064915518
58833.620489 25.670676 0.050923677
58833.621073 25.817969 0.059933162
58833.621643 25.717754 0.065903353
58833.622212 25.696297 0.05391572
58833.622786 25.74156 0.076877611
58833.623339 25.766186 0.062924307
58833.623898 25.627107 0.061910188
58833.624467 25.833081 0.065932468
58833.625042 25.788671 0.059921308
58833.625625 25.673512 0.052930187
58833.626195 25.68423 0.04894113
58833.626758 25.722993 0.061893846
58833.627345 25.774094 0.052956131
58833.627901 25.717396 0.050956041
58833.628481 25.707126 0.05095729
58833.629058 25.787234 0.049953514
58833.629625 25.772466 0.046957879
58833.630194 25.70245 0.046958764
58833.630754 25.651832 0.052962877
58833.631339 25.704284 0.058899609
58833.631919 25.80674 0.072802038
58833.632476 25.878231 0.08482996
58833.633035 25.707575 0.063879824
58833.633609 25.749341 0.065871882
58833.634176 25.729541 0.090919831
58833.63477 25.926264 0.075902529
58833.63533 25.762054 0.0589467
58833.635896 25.663396 0.057918937
58833.636454 25.776415 0.05296108
58833.637031 25.79556 0.062889952
58833.637603 25.683952 0.059937836
58833.638178 25.705964 0.053902376
58833.638751 25.766869 0.059957113
58833.639317 25.700339 0.053954824
58833.639885 25.733243 0.05395885
58833.640451 25.743156 0.05697676
58833.641017 25.764963 0.054973894
58833.641587 25.682745 0.053958097
58833.642165 25.619389 0.054961964
58833.642733 25.692535 0.054961765
58833.643298 25.672726 0.056956226
58833.643881 25.778198 0.059945604
58833.644463 25.689944 0.049976354
58833.645038 25.667646 0.054963944
58833.645621 25.797913 0.056942324
58833.646196 25.692449 0.054944324
58833.646775 25.722225 0.052961311
58833.647352 25.856081 0.060964922
58833.647947 25.694575 0.055937726
58833.648518 25.712991 0.057978139
58833.649091 25.76576 0.056966693
58833.649661 25.731211 0.054974617
58833.650234 25.678044 0.054974537
58833.650812 25.74617 0.054968372
58833.651385 25.651476 0.059960988
58833.651942 25.712682 0.054961869
58833.652501 25.711075 0.060972152
58833.653051 25.770797 0.061977937
58833.653627 25.724309 0.057973722
58833.654196 25.777232 0.067957617
58833.654761 25.710452 0.049966093
58833.655332 25.710961 0.050973514
58833.655903 25.742097 0.059976815
58833.656459 25.739215 0.055977241
58833.657018 25.793974 0.052980662
58833.657575 25.750597 0.058980598
58833.658134 25.738494 0.0599729
58833.658729 25.681839 0.055962532
58833.659291 25.774365 0.059967351
58833.659866 25.737443 0.052979353
58833.660428 25.721716 0.055962973
58833.660996 25.714136 0.059964879
58833.661568 25.762383 0.06196285
58833.662129 25.73132 0.065946885
58833.662686 25.708034 0.067939806
58833.663254 25.748282 0.061976079
58833.663845 25.736097 0.078919143
58833.664399 25.653428 0.060960087
58833.664959 25.792006 0.065976178
58833.66553 25.702909 0.061971639
58833.666087 25.796154 0.069978553
58833.666661 25.773857 0.063979675
58833.66724 25.759531 0.053983953
58833.667808 25.677138 0.051981441
58833.668374 25.681282 0.054978277
58833.66894 25.634607 0.059972888
58833.669515 25.722946 0.069969548
58833.670105 25.702817 0.070961693
58833.670664 25.676058 0.062960002
58833.671231 25.603626 0.064963938
58833.671792 25.60835 0.058959081
58833.672357 25.775731 0.069960416
58833.672921 25.675806 0.062958008
58833.6735 25.69779 0.065973528
58833.674063 25.762885 0.063977063
58833.674632 25.650181 0.064958494
58833.675223 25.690853 0.078906778
58833.67579 25.625046 0.071948569
58833.67635 25.771708 0.078939496
58833.676916 25.640602 0.07995837
58833.677484 25.824078 0.092952273
58833.678056 25.785326 0.081946995
58833.678616 25.701313 0.099849069
58833.679182 25.658866 0.086870006
58833.679761 25.719068 0.10679835
58833.680323 25.612778 0.11859119
58833.680894 25.672127 0.10380196
58833.681455 25.753421 0.1246725
58833.68202 25.808062 0.10978286
58833.682591 25.848783 0.12677459
58833.683157 25.773614 0.097876875
58833.683728 25.898361 0.11486309
58833.68429 25.719165 0.11177164
58833.684864 25.82257 0.099920166
58833.685427 25.71243 0.093912819
58833.686006 25.697672 0.08988734
58833.68663 25.736072 0.083947429
58833.687197 25.686917 0.08596224
58833.687766 25.845865 0.1059497
58833.688335 25.67983 0.082959037
58833.6889 25.809052 0.082947379
58833.689473 25.724705 0.0829419
58833.690035 25.72434 0.084940856
58833.690606 25.873335 0.085916707
58833.691182 25.770973 0.075950363
58833.691769 25.665629 0.070931444
58833.692334 25.706904 0.09988722
58833.692912 25.862743 0.098915791
58833.693482 25.716104 0.070932755
58833.694055 25.702574 0.080934664
58833.694629 25.753396 0.081957092
58833.695214 25.855842 0.092950508
58833.695788 25.702517 0.086944116
58833.696709 25.751645 0.098943411
58833.697282 25.744398 0.10990532
58833.697854 25.737369 0.10292496
58833.698426 25.841278 0.096944339
58833.698997 25.57582 0.08993045
58833.699574 25.666425 0.088962501
58833.700162 25.703895 0.071967522
58833.700738 25.613507 0.089954582
58833.701314 25.622078 0.077955834
58833.701879 25.743265 0.12695898
58833.702433 25.81589 0.10797236
58833.702997 25.76444 0.072975544
58833.703569 25.631664 0.084962816
58833.704138 25.765686 0.075978535
58833.704693 25.815688 0.086973357
58833.705269 25.686417 0.076963813
58833.705842 25.786254 0.085951642
58833.706416 25.834428 0.094940133
58833.706995 25.824402 0.081972094
58833.70756 25.637938 0.082957301
58833.708139 25.589491 0.066960462
58833.708701 25.690495 0.067967633
58833.709269 25.742633 0.08796765
58833.709837 25.843789 0.084964939
58833.710398 25.80138 0.076968935
58833.710961 25.744016 0.089934016
58833.711531 25.825672 0.094953453
58833.712096 25.702712 0.088950028
58833.712678 25.770018 0.07794815
58833.713245 25.843455 0.08395649
58833.713811 25.653722 0.070959516
58833.71438 25.677767 0.068966397
58833.714942 25.611823 0.06496125
58833.715515 25.765451 0.076958957
58833.716099 25.700938 0.072971952
58833.716662 25.68726 0.06897375
58833.717217 25.602437 0.062970895
58833.717786 25.84314 0.085958118
58833.718352 25.686428 0.078951173
58833.718933 25.601253 0.074956848
58833.719515 25.632934 0.072954131
58833.720081 25.673775 0.080942513
58833.720652 25.609531 0.067957544
58833.721229 25.674106 0.074945921
58833.721798 25.778663 0.078944983
58833.722365 25.775522 0.070954063
58833.722938 25.688862 0.061971224
58833.723517 25.710107 0.079955194
58833.724095 25.685346 0.061962368
58833.724659 25.708969 0.074956986
58833.725228 25.685046 0.065959459
58833.725794 25.643592 0.066958333
58833.726369 25.695539 0.078938112
58833.726949 25.759816 0.084920842
58833.727521 25.743465 0.08088663
58833.728085 25.756294 0.078907523
58833.728659 25.775422 0.083942482
58833.729226 25.661184 0.077944866
58833.729803 25.659707 0.072959437
58833.730359 25.758827 0.075948426
58833.730924 25.745376 0.066961194
58833.731502 25.775765 0.075957008
58833.732059 25.657195 0.095890314
58833.732632 25.852078 0.085936229
58833.733194 25.845294 0.094912614
58833.733759 25.678312 0.086869827
58833.734321 25.82138 0.10190707
58833.734879 25.699405 0.09388854
58833.735444 25.705002 0.094839068
58833.736003 25.717905 0.10785735
58833.736571 25.672995 0.11485106
58833.737136 25.828331 0.12285318
58833.737691 25.661215 0.090897696
58833.738267 25.795155 0.11877677
58833.738823 25.700478 0.092874541
58833.739382 25.775661 0.10089116
58833.739948 25.871141 0.1308306
58833.740522 25.701676 0.10383805
58833.741085 26.040013 0.15480083
58833.741647 25.714985 0.093896694
58833.742215 25.648462 0.084919056
58833.742788 25.640168 0.088835581
58833.743365 25.778601 0.10389267
58833.743953 25.813901 0.11188126
58833.744526 25.691866 0.084906805
58833.745093 25.844364 0.086936351
58833.745664 25.798042 0.092920365
58833.746226 25.960645 0.093932063
58833.746789 25.68357 0.077931983
58833.747358 25.812197 0.086949861
58833.747921 25.747401 0.083944249
58833.748478 25.691116 0.067952017
58833.749035 25.672673 0.071950611
58833.749599 25.663103 0.073947599
58833.750168 25.848929 0.088897162
58833.750733 25.632113 0.082906611
58833.751298 25.744276 0.086858625
58833.751854 25.752386 0.10386752
58833.752416 25.72666 0.092910283
58833.752988 25.671721 0.080916525
58833.753539 25.707555 0.077925855
58833.7541 25.766362 0.076934538
58833.754655 25.764921 0.070950143
58833.75523 25.723602 0.073965299
0.0 0.0 0.0
58833.756377 25.763723 0.087941309
58833.756948 25.786087 0.078965573
58833.757519 25.680533 0.078969114
58833.758074 25.84598 0.092964448
58833.758639 25.72777 0.088921394
58833.759204 25.737133 0.12590739
58833.759765 25.71319 0.095956655
58833.760341 25.828615 0.097957413
58833.760921 25.781986 0.093957998
58833.761489 25.703286 0.11892025
58833.76205 25.725483 0.10095943
58833.762618 25.712201 0.086944967
58833.763196 25.674057 0.078955818
58833.763771 25.743022 0.07797338
58833.764345 25.795603 0.091965487
58833.764904 25.772893 0.083971488
58833.765469 25.717312 0.087978748
58833.766035 25.580131 0.071969373
58833.766604 25.727671 0.084950618
58833.767179 25.79438 0.094972615
58833.767754 25.719632 0.095971792
58833.768337 25.697404 0.078964671
58833.768906 25.704918 0.081967515
0.0 0.0 0.0
58833.770037 25.773422 0.094961577
58833.770609 25.697825 0.095955005
58833.771176 25.800925 0.10789889
58833.77175 25.609076 0.098922532
58833.772312 25.665939 0.11889929
58833.772873 25.801537 0.13687738
0.0 0.0 0.0
58833.774013 25.521867 0.12286321
0.0 0.0 0.0
0.0 0.0 0.0
58833.775718 25.756909 0.11790485
0.0 0.0 0.0
0.0 0.0 0.0
58833.777425 25.875847 0.14394125
58833.777996 25.680741 0.11191971
58833.778564 25.905326 0.12094026
58833.779126 25.710707 0.11792584
58833.779701 25.786778 0.1199241
58833.780275 25.70785 0.10493669
58833.780836 25.822341 0.12785179
58833.781394 25.700769 0.13485179
58833.781959 25.685458 0.10293106
58833.78252 25.756264 0.10194411
58833.783078 25.778785 0.12189598
58833.783656 25.803156 0.11691374
58833.784224 25.718012 0.11694446
58833.784791 25.708306 0.093949653
0.0 0.0 0.0
0.0 0.0 0.0
0.0 0.0 0.0
0.0 0.0 0.0
0.0 0.0 0.0
0.0 0.0 0.0
0.0 0.0 0.0
58833.789431 25.758514 0.081968024
58833.789993 25.793417 0.087958906
58833.790558 25.799982 0.092972407
58833.791114 25.719164 0.098950682
58833.791692 25.598897 0.070969227
58833.792254 25.848581 0.081950926
58833.792819 25.782833 0.082963126
58833.793386 25.885455 0.081952924
58833.793945 25.564093 0.070960075
58833.794517 25.729386 0.072964161
58833.79508 25.647886 0.072963901
58833.795646 25.772754 0.071967739
58833.796225 25.787031 0.062963738
58833.79679 25.619476 0.066976581
58833.797352 25.651531 0.060981558
58833.797908 25.681146 0.069975545
58833.798484 25.827769 0.078977604
58833.799061 25.871372 0.077972785
58833.799624 25.753874 0.073969998
58833.800185 25.710612 0.06697474
58833.800756 25.732068 0.08295956
58833.801313 25.761553 0.070967062
58833.801876 25.657271 0.065969098
58833.802443 25.591146 0.060954303
58833.803031 25.634664 0.067977895
58833.803608 25.711334 0.071970253
58833.804175 25.678387 0.067978086
58833.804741 25.858795 0.084976752
58833.805316 25.702149 0.070976399
58833.805876 25.665965 0.0749694
58833.806445 25.772835 0.081979777
58833.807016 25.722953 0.080975244
58833.807582 25.829892 0.092960074
58833.80816 25.713959 0.083974567
58833.808724 25.66194 0.071976528
58833.809281 25.673144 0.071971499
58833.809857 25.849317 0.082976001
58833.810432 25.701755 0.09196891
58833.811002 25.742498 0.082973801
58833.81157 25.737395 0.088978201
58833.812141 25.766664 0.072978155
58833.81271 25.728707 0.066980267
58833.813283 25.643615 0.066981841
58833.81385 25.647507 0.065981234
58833.814425 25.600265 0.059980657
58833.81499 25.752429 0.072981001
58833.815567 25.792158 0.084977196
58833.816133 25.787119 0.08097626
58833.816698 25.677732 0.080955872
58833.817289 25.58823 0.063968749
58833.817864 25.635363 0.072962593
58833.818429 25.727026 0.083964214
58833.819011 25.689136 0.075964611
58833.819573 25.737566 0.075973104
58833.820146 25.580471 0.068959893
58833.82073 25.794103 0.073968037
58833.821295 25.667151 0.078967781
58833.821869 25.629015 0.087966934
58833.822431 25.72211 0.087973727
58833.822986 25.708106 0.091975993
58833.823546 25.642628 0.093958829
58833.824122 25.587359 0.094956658
58833.82469 25.819948 0.10997201
58833.82527 25.665687 0.10897386
58833.825842 25.728587 0.10097028
58833.826414 25.788518 0.10195516
58833.826987 25.776379 0.099957885
58833.827559 25.87679 0.11496346
58833.828123 25.640659 0.084970323
58833.828694 25.579104 0.067955741
58833.829263 25.725181 0.077963595
58833.829826 25.73032 0.079953212
58833.830398 25.727839 0.086963279
58833.830961 25.676293 0.071965416
58833.831526 25.748866 0.081955151
58833.832097 25.688163 0.076970733
58833.83267 25.93202 0.087964904
58833.833228 25.756546 0.088965119
58833.833798 25.749882 0.078971881
58833.834371 25.585165 0.081951906
58833.834936 25.718483 0.066971876
58833.83551 25.668528 0.078968725
58833.836083 25.634627 0.075967141
58833.836648 25.600627 0.077969136
58833.837231 25.564963 0.076968899
58833.837806 25.823311 0.099932806
58833.83839 25.749443 0.085949289
58833.838952 25.890589 0.10893167
58833.839512 25.726446 0.088961551
58833.840078 25.893227 0.10595222
58833.840638 25.736864 0.084966332
58833.841214 25.659631 0.084964285
58833.841784 25.716092 0.0849727
58833.842354 25.751781 0.089968868
58833.842932 25.630663 0.080965745
58833.8435 25.675422 0.081969138
58833.844068 25.703738 0.075970744
58833.84464 25.866457 0.10096843
58833.845192 25.874928 0.093974285
58833.845764 25.653165 0.088976416
58833.846315 25.771884 0.08797672
58833.846882 25.709146 0.082979707
58833.847447 25.49973 0.08696713
58833.848017 25.766924 0.10297522
58833.848583 25.67953 0.1039691
58833.849139 25.727923 0.10197233
58833.849713 25.707477 0.10596057
58833.850286 25.539412 0.087975941
