HJD mag magerr
0.0 0.0 0.0
0.0 0.0 0.0
58833.527497 25.628753 0.1718948
0.0 0.0 0.0
0.0 0.0 0.0
0.0 0.0 0.0
0.0 0.0 0.0
0.0 0.0 0.0
0.0 0.0 0.0
0.0 0.0 0.0
0.0 0.0 0.0
0.0 0.0 0.0
0.0 0.0 0.0
0.0 0.0 0.0
0.0 0.0 0.0
0.0 0.0 0.0
0.0 0.0 0.0
0.0 0.0 0.0
0.0 0.0 0.0
58833.537148 25.738616 0.069925162
58833.537706 25.832762 0.081894935
58833.538275 25.672012 0.066892959
58833.538843 25.818853 0.064933435
58833.539403 25.690953 0.061925755
58833.539961 25.744026 0.057936004
58833.540691 25.684164 0.056928699
58833.54127 25.698594 0.052935025
58833.541834 25.666562 0.0509489
58833.542384 25.682036 0.054936078
58833.542946 25.650803 0.053939552
58833.543507 25.709172 0.055934084
58833.544071 25.673745 0.046936907
58833.544644 25.639721 0.043960736
58833.545206 25.707785 0.053917287
58833.545767 25.820188 0.052953076
58833.54634 25.679016 0.047965048
58833.546924 25.641673 0.051945107
58833.547488 25.722007 0.054922289
58833.548053 25.645614 0.053925815
58833.548633 25.713216 0.047950964
58833.549203 25.781317 0.054960288
58833.549779 25.766442 0.050958219
58833.550355 25.742272 0.055939845
58833.550911 25.737355 0.056958413
58833.551466 25.734789 0.046943836
58833.552025 25.744692 0.060932573
58833.552609 25.69115 0.055946526
58833.553172 25.779421 0.056946048
58833.553736 25.714507 0.05393838
58833.554298 25.624776 0.050958976
58833.554862 25.775143 0.054957774
58833.55542 25.722868 0.059962897
58833.556007 25.657925 0.052951568
58833.556565 25.710214 0.065974563
58833.557125 25.49083 0.050970363
58833.557676 25.815267 0.072975266
58833.558245 25.730633 0.054964065
58833.558811 25.688464 0.05794782
58833.559373 25.675552 0.053934823
58833.559928 25.64482 0.052886206
58833.560497 25.690561 0.07462301
58833.561052 25.689406 0.053908498
58833.561629 25.93568 0.074919769
58833.562183 25.741432 0.061919615
58833.562742 25.689097 0.048936862
58833.563315 25.598975 0.053948595
58833.563889 25.764343 0.067851304
58833.564461 25.521242 0.060551935
58833.565019 25.548736 0.042924071
58833.565576 25.591639 0.032988556
58833.566153 25.755834 0.056900978
58833.566722 25.678291 0.045964594
58833.56729 25.685189 0.054939365
58833.56785 25.729098 0.051948027
58833.568406 25.683214 0.04296685
58833.568961 25.578003 0.036960765
58833.569533 25.599922 0.036971001
58833.570095 25.702058 0.038974357
58833.57065 25.66503 0.038979062
58833.57121 25.650777 0.039971502
58833.571768 25.711792 0.042949614
58833.572322 25.633104 0.03897808
58833.572898 25.590079 0.040958218
58833.573468 25.794753 0.057926622
58833.574037 25.721548 0.055906737
58833.574593 25.795159 0.051910475
58833.575159 25.774039 0.081589043
58833.575726 25.627719 0.052837542
58833.576286 25.58446 0.054838976
58833.576839 25.583477 0.049883239
58833.577403 25.682198 0.047922204
58833.577964 25.76446 0.047956088
58833.578544 25.684523 0.047944379
58833.579114 25.668895 0.04494222
58833.579688 25.616728 0.050912752
58833.580238 25.701708 0.060903119
58833.58081 25.65898 0.057859399
58833.581375 25.670298 0.050908017
58833.581944 25.741969 0.048924358
58833.582509 25.640214 0.042938817
58833.58308 25.770148 0.054920804
58833.583647 25.548335 0.058881799
58833.584215 25.662951 0.062787168
58833.584762 25.54422 0.050860626
58833.585316 25.683773 0.053817744
58833.585886 25.617209 0.043923773
58833.586442 25.671284 0.047928949
58833.587001 25.615717 0.049914974
58833.587566 25.651842 0.07784174
58833.58814 25.583891 0.061853613
58833.588711 25.759199 0.044955764
58833.589285 25.628568 0.04392874
58833.589857 25.59555 0.055754847
58833.590423 25.712673 0.065845373
58833.590994 25.503554 0.063770157
58833.591559 25.589768 0.086687442
58833.592112 25.535871 0.072722686
58833.592665 25.568008 0.085720671
58833.593224 25.663331 0.09975415
58833.593796 25.735587 0.098830029
58833.594369 25.516343 0.095703971
58833.59492 25.371006 0.07965139
58833.595528 25.614442 0.076785182
58833.596082 25.737607 0.075835082
58833.596665 25.661809 0.071857295
58833.597231 25.679876 0.065880519
58833.597797 25.722332 0.059904268
58833.59838 25.624058 0.055943926
58833.598947 25.670557 0.050948143
58833.599512 25.671983 0.057917579
58833.60009 25.731102 0.054934877
58833.600655 25.673052 0.058950253
58833.601221 25.633365 0.04694148
58833.601788 25.679224 0.065915719
58833.602358 25.687362 0.054951631
58833.602926 25.731501 0.062936227
58833.60349 25.692244 0.079810534
58833.604047 25.674792 0.05594111
58833.604615 25.728055 0.059895859
58833.605171 25.639304 0.072880977
58833.605736 25.787105 0.070897595
58833.606292 25.639347 0.067918815
58833.606846 25.560419 0.060851947
58833.607409 25.580586 0.061886116
58833.607972 25.569859 0.076867236
58833.608554 25.802688 0.075880382
58833.609122 25.586855 0.067888813
58833.609691 25.636214 0.064857309
58833.61027 25.775543 0.062890549
58833.610843 25.719212 0.059901778
58833.611415 25.690001 0.051860828
58833.611993 25.665213 0.062830852
58833.612577 25.562869 0.048850718
58833.613137 25.533832 0.057794824
58833.613696 25.541273 0.051771184
58833.614278 25.589978 0.051835923
58833.614853 25.416123 0.050815017
58833.615407 25.628399 0.05883935
58833.615983 25.628961 0.061869844
58833.616534 25.734476 0.064851485
58833.617093 25.787448 0.076880574
58833.617655 25.619089 0.053923643
58833.618216 25.65763 0.055916229
58833.618781 25.721999 0.060910409
58833.619336 25.727329 0.060905354
58833.619908 25.733351 0.065914316
58833.620489 25.698072 0.052930832
58833.621073 25.567694 0.050939878
58833.621643 25.6223 0.06185722
58833.622212 25.607494 0.056912993
58833.622786 25.734448 0.072889552
58833.623339 25.728466 0.064899321
58833.623898 25.697377 0.062932779
58833.624467 25.733175 0.066937366
58833.625042 25.675561 0.061922503
58833.625625 25.666978 0.058934096
58833.626195 25.673946 0.050937782
58833.626758 25.716209 0.059937542
58833.627345 25.670838 0.053949238
58833.627901 25.728381 0.047961728
58833.628481 25.69602 0.056956122
58833.629058 25.730795 0.054928307
58833.629625 25.746955 0.051963308
58833.630194 25.732535 0.054962245
58833.630754 25.716878 0.052958394
58833.631339 25.607979 0.055906862
58833.631919 25.650972 0.068881886
58833.632476 25.731493 0.071883159
58833.633035 25.626541 0.061853998
58833.633609 25.557824 0.063781923
58833.634176 25.760615 0.090927972
58833.63477 25.709747 0.062896652
58833.63533 25.598307 0.053931732
58833.635896 25.686492 0.056895159
58833.636454 25.662275 0.05495947
58833.637031 25.69375 0.057934638
58833.637603 25.755202 0.064919841
58833.638178 25.739727 0.064906479
58833.638751 25.669802 0.05094006
58833.639317 25.73 0.059936964
58833.639885 25.739527 0.046944466
58833.640451 25.675121 0.048959168
58833.641017 25.746391 0.055953574
58833.641587 25.739042 0.051966116
58833.642165 25.673479 0.059957584
58833.642733 25.691155 0.055940466
58833.643298 25.777531 0.066958649
58833.643881 25.660827 0.056965757
58833.644463 25.63057 0.047965458
58833.645038 25.811679 0.066948456
58833.645621 25.744536 0.057944698
58833.646196 25.669441 0.059946025
58833.646775 25.74545 0.053966377
58833.647352 25.735351 0.069948256
58833.647947 25.7651 0.06394354
58833.648518 25.751019 0.069973079
0.0 0.0 0.0
58833.649661 25.646808 0.06596586
58833.650234 25.877115 0.061969246
58833.650812 25.671754 0.053953751
58833.651385 25.684411 0.064946047
58833.651942 25.683243 0.055941166
58833.652501 25.665744 0.055962989
58833.653051 25.710336 0.054976028
58833.653627 25.691141 0.053975609
58833.654196 25.737807 0.064943729
58833.654761 25.645945 0.056968416
58833.655332 25.726178 0.060947413
58833.655903 25.790496 0.067972203
58833.656459 25.739568 0.069971838
58833.657018 25.653985 0.047974222
58833.657575 25.705493 0.070958557
58833.658134 25.670647 0.0589655
58833.658729 25.750299 0.060946207
58833.659291 25.721117 0.056970188
58833.659866 25.720331 0.062970457
58833.660428 25.775677 0.071944754
58833.660996 25.744533 0.053951966
58833.661568 25.764217 0.06894642
58833.662129 25.642069 0.065948535
58833.662686 25.657451 0.073917504
58833.663254 25.766642 0.067951474
58833.663845 25.725197 0.072950388
58833.664399 25.692046 0.069943845
58833.664959 25.801655 0.076966917
58833.66553 25.641566 0.066973266
58833.666087 25.599384 0.053972393
58833.666661 25.712067 0.066975851
58833.66724 25.785417 0.06197805
58833.667808 25.617694 0.068973742
58833.668374 25.752036 0.060980684
58833.66894 25.740019 0.063973622
58833.669515 25.732995 0.068969248
58833.670105 25.716148 0.074965677
58833.670664 25.783858 0.07196233
58833.671231 25.621406 0.080956426
58833.671792 25.686062 0.063960565
58833.672357 25.641952 0.061957186
58833.672921 25.789629 0.071972299
58833.6735 25.68845 0.069952392
58833.674063 25.794692 0.079969538
0.0 0.0 0.0
58833.675223 25.713908 0.082898866
58833.67579 25.648851 0.071924846
58833.67635 25.655284 0.079930776
58833.676916 25.642019 0.077950964
58833.677484 25.609952 0.085948684
58833.678056 25.642768 0.081888742
58833.678616 25.549761 0.088856479
58833.679182 25.56499 0.082866154
58833.679761 25.610925 0.096810071
58833.680323 25.409241 0.10670203
58833.680894 25.586701 0.10078061
58833.681455 25.670224 0.11877632
58833.68202 25.497019 0.087846519
58833.682591 25.552684 0.093711931
58833.683157 25.711397 0.10488258
58833.683728 25.70041 0.094822357
58833.68429 25.735556 0.11577692
58833.684864 25.638389 0.089918495
58833.685427 25.552319 0.078914536
58833.686006 25.826557 0.090890275
58833.68663 25.768709 0.088919297
58833.687197 25.727821 0.087949112
58833.687766 25.824563 0.10095489
58833.688335 25.736828 0.094921878
58833.6889 25.641278 0.10391819
58833.689473 25.694073 0.084942504
58833.690035 25.52036 0.078913941
58833.690606 25.789677 0.076922862
58833.691182 25.691381 0.074935829
58833.691769 25.754209 0.096891769
58833.692334 25.617625 0.082882515
58833.692912 25.712017 0.086865419
58833.693482 25.653903 0.077932889
58833.694055 25.649169 0.081897955
58833.694629 25.74028 0.098947773
58833.695214 25.775788 0.091921945
58833.695788 25.694108 0.084947677
58833.696709 25.59414 0.082944725
58833.697282 25.739353 0.10489589
58833.697854 25.707174 0.084897507
58833.698426 25.692315 0.088939018
58833.698997 25.64428 0.096920477
58833.699574 25.651951 0.080948221
58833.700162 25.710796 0.081937702
58833.700738 25.687225 0.086922694
58833.701314 25.624101 0.073951496
58833.701879 25.798338 0.13195815
58833.702433 25.810859 0.10596024
58833.702997 25.6241 0.07596687
58833.703569 25.663917 0.082964721
58833.704138 25.774273 0.084975811
58833.704693 25.710168 0.077966468
58833.705269 25.70701 0.07596042
58833.705842 25.752019 0.095930658
58833.706416 25.872623 0.11095039
58833.706995 25.73956 0.085973261
58833.70756 25.786693 0.094958002
58833.708139 25.713973 0.078964517
58833.708701 25.691317 0.077938796
58833.709269 25.68554 0.081956421
58833.709837 25.740075 0.090928176
58833.710398 25.600858 0.074934913
58833.710961 25.664854 0.080936331
58833.711531 25.706288 0.088939548
58833.712096 25.746657 0.075954391
58833.712678 25.665778 0.069951689
58833.713245 25.621026 0.071947069
58833.713811 25.704073 0.081939075
58833.71438 25.792419 0.081949924
58833.714942 25.604359 0.064957672
58833.715515 25.738218 0.073958327
58833.716099 25.795317 0.079967969
58833.716662 25.729135 0.07796455
58833.717217 25.605527 0.063962405
58833.717786 25.585206 0.071939416
58833.718352 25.667362 0.078950431
58833.718933 25.610395 0.070955099
58833.719515 25.753052 0.089942452
58833.720081 25.719379 0.083891181
58833.720652 25.744415 0.081959071
58833.721229 25.729157 0.079950717
58833.721798 25.685055 0.081949709
58833.722365 25.673577 0.073958671
58833.722938 25.664235 0.066958818
58833.723517 25.695971 0.072935753
58833.724095 25.737132 0.070965419
58833.724659 25.723048 0.079955325
58833.725228 25.788668 0.086956001
58833.725794 25.745198 0.095906683
58833.726369 25.609371 0.079895293
58833.726949 25.733156 0.081915407
58833.727521 25.653929 0.081893042
58833.728085 25.56144 0.073906268
58833.728659 25.675782 0.06894477
58833.729226 25.591212 0.069924221
58833.729803 25.669422 0.074919901
58833.730359 25.677657 0.075952954
58833.730924 25.689069 0.06695974
58833.731502 25.645751 0.069943211
58833.732059 25.738255 0.086892828
58833.732632 25.641996 0.078911095
58833.733194 25.638769 0.075910217
58833.733759 25.560868 0.077896766
58833.734321 25.791115 0.099870559
58833.734879 25.649998 0.096900693
58833.735444 25.491904 0.08085342
58833.736003 25.561491 0.10087346
58833.736571 25.637347 0.10684465
58833.737136 25.649525 0.10481603
58833.737691 25.610973 0.085902363
58833.738267 25.771242 0.11276924
58833.738823 25.648632 0.089885289
58833.739382 25.592215 0.081875619
58833.739948 25.681976 0.09784748
58833.740522 25.514242 0.088835641
0.0 0.0 0.0
58833.741647 25.750766 0.10290159
58833.742215 25.655965 0.094900072
58833.742788 25.711464 0.096859241
58833.743365 25.626886 0.094891977
58833.743953 25.634267 0.092895863
58833.744526 25.606726 0.073917834
58833.745093 25.759269 0.08490057
58833.745664 25.628895 0.072921779
58833.746226 25.630582 0.079937272
58833.746789 25.635631 0.066935285
58833.747358 25.823054 0.080951052
58833.747921 25.681621 0.077947657
58833.748478 25.867924 0.083954227
58833.749035 25.658301 0.074954466
58833.749599 25.814866 0.075954397
58833.750168 25.574594 0.069904926
58833.750733 25.661003 0.075899406
58833.751298 25.515945 0.083788344
58833.751854 25.856895 0.11687586
58833.752416 25.734723 0.092913084
58833.752988 25.773122 0.091915412
58833.753539 25.761849 0.081894565
58833.7541 25.611841 0.070901214
58833.754655 25.65272 0.071933348
58833.75523 25.671655 0.0729557
58833.755803 25.698142 0.081943439
58833.756377 25.622178 0.082944933
58833.756948 25.71826 0.073969894
58833.757519 25.767777 0.10096423
58833.758074 25.651478 0.083968202
58833.758639 25.662602 0.082924368
58833.759204 25.862517 0.12792979
58833.759765 25.898006 0.10693372
58833.760341 25.654767 0.093950839
58833.760921 25.857013 0.10996011
58833.761489 25.709602 0.11291639
58833.76205 25.609165 0.086943984
58833.762618 25.639462 0.089942769
58833.763196 25.755341 0.091936529
58833.763771 25.641503 0.088966463
58833.764345 25.706099 0.078955801
58833.764904 25.699736 0.081939846
58833.765469 25.823348 0.095970505
58833.766035 25.826573 0.092966826
58833.766604 25.586222 0.079961214
58833.767179 25.735678 0.07895832
58833.767754 25.885592 0.096966752
58833.768337 25.69502 0.076956703
58833.768906 25.871685 0.093963855
58833.769468 25.934533 0.10495871
58833.770037 25.615735 0.079954142
58833.770609 25.768782 0.097962759
58833.771176 25.645143 0.098899971
58833.77175 25.694449 0.10492986
58833.772312 25.728107 0.10890771
58833.772873 25.761366 0.12887417
58833.773436 25.603692 0.12385713
58833.774013 25.951113 0.17386768
58833.774581 25.712567 0.12190773
58833.775149 25.580987 0.11586423
58833.775718 25.579033 0.1078995
58833.776274 25.767428 0.12289206
58833.776849 25.542831 0.089947325
58833.777425 25.64165 0.10294728
58833.777996 25.669622 0.11391421
58833.778564 25.79635 0.12092514
58833.779126 25.81124 0.11690229
58833.779701 25.60076 0.1048944
58833.780275 25.664562 0.093901313
58833.780836 25.851989 0.13087549
58833.781394 25.887402 0.15586795
58833.781959 25.765069 0.11193071
58833.78252 25.608058 0.10993077
58833.783078 25.87129 0.13091025
58833.783656 25.595031 0.093920252
58833.784224 25.702952 0.10592923
58833.784791 25.624988 0.092951875
58833.785359 25.844212 0.09895131
58833.785923 25.603698 0.08296073
58833.786499 25.654015 0.099947744
58833.787075 25.72274 0.10090839
58833.787657 25.778367 0.10796027
58833.788243 25.661632 0.096949558
58833.788815 25.758161 0.095949544
58833.789431 25.673086 0.089966192
58833.789993 25.710909 0.089964762
58833.790558 25.774875 0.096971474
58833.791114 25.69466 0.088954212
58833.791692 25.878391 0.096965691
58833.792254 25.63492 0.077962904
58833.792819 25.669458 0.083951035
58833.793386 25.684672 0.081949394
58833.793945 25.748311 0.085959211
58833.794517 25.734519 0.071961459
58833.79508 25.657669 0.07295622
58833.795646 25.633767 0.068954196
58833.796225 25.678982 0.060965523
58833.79679 25.74297 0.083971674
58833.797352 25.773845 0.076973805
58833.797908 25.762271 0.089972809
58833.798484 25.731811 0.072973784
58833.799061 25.728853 0.075959092
58833.799624 25.745838 0.077966934
58833.800185 25.72759 0.071964237
58833.800756 25.582117 0.077968769
58833.801313 25.724041 0.07396896
58833.801876 25.61127 0.067958511
58833.802443 25.794148 0.074954174
58833.803031 25.730326 0.081973573
58833.803608 25.688708 0.080970622
58833.804175 25.554669 0.080975802
58833.804741 25.753864 0.079970553
58833.805316 25.563458 0.061980172
58833.805876 25.827019 0.086965655
58833.806445 25.769213 0.088977759
58833.807016 25.861239 0.09096652
58833.807582 25.527153 0.066963377
58833.80816 25.858208 0.10297129
58833.808724 25.768774 0.083971808
58833.809281 25.70404 0.072966294
58833.809857 25.544976 0.085970171
58833.810432 25.695055 0.096972018
58833.811002 25.875584 0.10697418
58833.81157 25.772547 0.08697615
58833.812141 25.856781 0.095977502
58833.81271 25.602178 0.058980714
58833.813283 25.777081 0.076974209
58833.81385 25.713564 0.067975277
58833.814425 25.710887 0.081978735
58833.81499 25.590683 0.064973538
58833.815567 25.73695 0.079975729
58833.816133 25.737066 0.077967226
58833.816698 25.745336 0.088973432
58833.817289 25.646299 0.075965031
58833.817864 25.921806 0.11995938
58833.818429 25.66578 0.082967403
58833.819011 25.853164 0.093962899
58833.819573 25.722431 0.09796469
58833.820146 25.780362 0.091945792
58833.82073 25.734618 0.080957831
58833.821295 25.819277 0.084966269
58833.821869 25.758362 0.10896654
58833.822431 25.756102 0.10696593
58833.822986 25.719775 0.10096775
58833.823546 25.824271 0.10796397
58833.824122 25.650107 0.091959882
58833.82469 25.695222 0.094969738
58833.82527 25.666515 0.099965447
58833.825842 25.612388 0.10296172
58833.826414 25.725459 0.11096015
58833.826987 25.575196 0.079964945
58833.827559 25.77013 0.10395987
58833.828123 25.762641 0.092971142
58833.828694 25.678932 0.075967047
58833.829263 25.588177 0.071962495
58833.829826 25.687238 0.079963372
58833.830398 25.724779 0.093957797
58833.830961 25.715658 0.080954041
58833.831526 25.739663 0.078969654
58833.832097 25.812062 0.084968829
58833.83267 25.706912 0.075970142
58833.833228 25.642185 0.081955098
58833.833798 25.698492 0.078964114
58833.834371 25.675107 0.085961246
58833.834936 25.900287 0.091965752
58833.83551 25.675777 0.076969005
58833.836083 25.636355 0.08196864
58833.836648 25.824041 0.084947362
58833.837231 25.622039 0.078948993
58833.837806 25.771092 0.10690843
58833.83839 25.544468 0.071948801
58833.838952 25.511178 0.084932414
58833.839512 25.741281 0.088959259
58833.840078 25.78627 0.10795396
58833.840638 25.737916 0.090965402
58833.841214 25.765045 0.090964404
58833.841784 25.709735 0.091962586
58833.842354 25.64012 0.079968848
58833.842932 25.547486 0.080966741
58833.8435 25.787227 0.09096154
58833.844068 25.684937 0.082963424
58833.84464 25.685747 0.08196304
58833.845192 25.708445 0.095957553
58833.845764 25.591216 0.082974946
58833.846315 25.672848 0.084975935
58833.846882 25.765932 0.078976219
58833.847447 25.589973 0.099974608
58833.848017 25.636927 0.11496554
58833.848583 25.741016 0.11797037
58833.849139 25.525651 0.098957084
58833.849713 25.622882 0.11996267
58833.850286 25.712964 0.10797019
