HJD mag magerr
58833.526351 24.86053 0.14277351
58833.526938 24.938369 0.12663349
58833.527497 25.102691 0.1278263
58833.528073 24.963487 0.11268269
58833.52864 25.151482 0.093827896
58833.529223 25.123811 0.11961439
58833.529794 24.990158 0.11061439
58833.530369 25.057823 0.082756822
58833.530936 25.131031 0.079896583
58833.531508 25.204471 0.070888605
58833.532068 25.177108 0.059906142
58833.532639 25.193549 0.060895
58833.533201 25.123663 0.056931499
58833.533765 25.170383 0.054936996
58833.534319 25.172642 0.066726511
58833.534878 25.074599 0.050810786
58833.535457 25.207559 0.059831151
58833.536022 25.212126 0.048925102
58833.536586 25.157358 0.044941661
58833.537148 25.185252 0.041936657
58833.537706 25.219356 0.05188427
58833.538275 25.16961 0.037928678
58833.538843 25.08918 0.036932643
58833.539403 25.161106 0.03793274
58833.539961 25.119315 0.037944282
58833.540691 25.144745 0.034962987
58833.54127 25.218259 0.04192901
58833.541834 25.290391 0.04294489
58833.542384 25.290006 0.04593885
58833.542946 25.249841 0.038935465
58833.543507 25.162959 0.03395333
58833.544071 25.206739 0.031971163
58833.544644 25.203962 0.029965211
58833.545206 25.13249 0.034939321
58833.545767 25.239124 0.033953557
58833.54634 25.191443 0.030963601
58833.546924 25.288703 0.037944727
58833.547488 25.140297 0.034939616
58833.548053 25.201412 0.035944582
58833.548633 25.206975 0.031963785
58833.549203 25.202682 0.033959497
58833.549779 25.152018 0.032957908
58833.550355 25.179411 0.034944106
58833.550911 25.11781 0.03193657
58833.551466 25.152793 0.031943654
58833.552025 25.17848 0.036917896
58833.552609 25.189588 0.040916393
58833.553172 25.237958 0.039944387
58833.553736 25.156925 0.031954065
58833.554298 25.175185 0.034965676
58833.554862 25.232157 0.035964066
58833.55542 25.240631 0.030977374
58833.556007 25.151579 0.037980303
58833.556565 25.178006 0.036978365
58833.557125 25.105076 0.033974202
58833.557676 25.174059 0.040979279
58833.558245 25.429408 0.046962426
58833.558811 25.177491 0.036947496
58833.559373 25.276237 0.038936509
58833.559928 25.254963 0.043864766
58833.560497 25.099557 0.048802671
58833.561052 25.164311 0.038912444
58833.561629 25.269233 0.049904449
58833.562183 25.185503 0.038943944
58833.562742 25.141149 0.033949066
58833.563315 25.117017 0.034950587
58833.563889 25.165797 0.041838858
58833.564461 25.255277 0.045768195
58833.565019 25.165862 0.027963263
58833.565576 25.193639 0.024988617
58833.566153 25.162409 0.031932476
58833.566722 25.265002 0.036943649
58833.56729 25.166705 0.034941949
58833.56785 25.243882 0.042906293
58833.568406 25.15075 0.027975249
58833.568961 25.17512 0.026976045
58833.569533 25.178144 0.02598196
58833.570095 25.157323 0.027973447
58833.57065 25.148482 0.027984297
58833.57121 25.151783 0.025975134
58833.571768 25.134466 0.025976196
58833.572322 25.181543 0.028970165
58833.572898 25.132464 0.029960612
58833.573468 25.190253 0.034864522
58833.574037 25.272161 0.040898604
58833.574593 25.206075 0.036910166
58833.575159 25.028527 0.043731091
58833.575726 25.164156 0.03780992
58833.576286 25.131468 0.037849776
58833.576839 25.278331 0.035876795
58833.577403 25.162476 0.030954085
58833.577964 25.149116 0.032958711
58833.578544 25.163771 0.032938218
58833.579114 25.16774 0.031957827
58833.579688 25.15722 0.034920632
58833.580238 25.19979 0.037909275
58833.58081 25.10325 0.032924302
58833.581375 25.393214 0.046802456
58833.581944 25.144095 0.032912797
58833.582509 25.231521 0.030948393
58833.58308 25.113605 0.035911704
58833.583647 25.173991 0.039873644
58833.584215 25.049536 0.03979242
58833.584762 25.094412 0.032893887
58833.585316 25.210013 0.039856058
58833.585886 25.256191 0.032923809
58833.586442 25.210513 0.033933807
58833.587001 25.07395 0.031923107
58833.587566 25.177813 0.04486755
58833.58814 25.19233 0.043893044
58833.588711 25.206299 0.030966696
58833.589285 25.134694 0.028945696
58833.589857 25.071737 0.034782726
58833.590423 25.202982 0.046771397
58833.590994 25.111091 0.0448069
58833.591559 25.06676 0.055735942
58833.592112 25.243018 0.059758225
58833.592665 25.176098 0.053744442
58833.593224 25.16608 0.05581835
58833.593796 25.327419 0.076818753
58833.594369 25.177698 0.078520484
58833.59492 24.997219 0.056756734
58833.595528 25.134224 0.048788336
58833.596082 25.148575 0.04886391
58833.596665 25.346704 0.053862677
58833.597231 25.14938 0.043838893
58833.597797 25.195239 0.04091189
58833.59838 25.13778 0.031950739
58833.598947 25.172714 0.034939229
58833.599512 25.201178 0.039920067
58833.60009 25.091975 0.035941288
58833.600655 25.170684 0.038947866
58833.601221 25.165339 0.033925516
58833.601788 25.163407 0.037947355
58833.602358 25.211453 0.037932818
58833.602926 25.204916 0.0448985
58833.60349 25.151357 0.049817028
58833.604047 25.217782 0.039927158
58833.604615 25.154309 0.039890543
58833.605171 25.069501 0.046835461
58833.605736 25.166664 0.04589069
58833.606292 25.08907 0.042892233
58833.606846 25.172861 0.04286871
58833.607409 25.165398 0.047883302
58833.607972 25.142683 0.044910956
58833.608554 25.234251 0.054851871
58833.609122 25.125471 0.042901784
58833.609691 25.215722 0.047841681
58833.61027 25.211504 0.03989723
58833.610843 25.204318 0.03989314
58833.611415 25.095823 0.035878471
58833.611993 25.212245 0.040858944
58833.612577 25.141765 0.036855903
58833.613137 25.20127 0.044854609
58833.613696 25.132876 0.040835456
58833.614278 25.171413 0.037877567
58833.614853 25.12218 0.038812937
58833.615407 25.214039 0.040847878
58833.615983 25.104102 0.03787586
58833.616534 25.108609 0.033906729
58833.617093 25.172776 0.042897258
58833.617655 25.135365 0.036928814
58833.618216 25.160158 0.038933063
58833.618781 25.166051 0.043940296
58833.619336 25.117107 0.036930792
58833.619908 25.129643 0.039919063
58833.620489 25.161676 0.037926053
58833.621073 25.200969 0.038935826
58833.621643 25.098754 0.038907798
58833.622212 25.107297 0.034919681
58833.622786 25.11556 0.052880534
58833.623339 25.066186 0.038928506
58833.623898 25.181107 0.040913441
58833.624467 25.137081 0.036936008
58833.625042 25.150671 0.035925272
58833.625625 25.159512 0.034933359
58833.626195 25.18323 0.031944243
58833.626758 25.139993 0.037897205
58833.627345 25.214094 0.03595794
58833.627901 25.133396 0.031958505
58833.628481 25.139126 0.03495909
58833.629058 25.186234 0.030956298
58833.629625 25.156466 0.032959733
58833.630194 25.16745 0.032960578
58833.630754 25.185832 0.034965032
58833.631339 25.107284 0.039904254
58833.631919 25.12974 0.046808385
58833.632476 25.109231 0.043837726
58833.633035 25.195575 0.043884588
58833.633609 25.236341 0.045875484
58833.634176 25.170541 0.059922129
58833.63477 25.132264 0.043906428
58833.63533 25.194054 0.040948445
58833.635896 25.156396 0.03892199
58833.636454 25.114415 0.03396355
58833.637031 25.14356 0.040892802
58833.637603 25.135952 0.037940514
58833.638178 25.172964 0.039904369
58833.638751 25.208869 0.039958685
58833.639317 25.123339 0.035956752
58833.639885 25.184243 0.037960309
58833.640451 25.177156 0.032978524
58833.641017 25.188963 0.032975792
58833.641587 25.208745 0.037959583
58833.642165 25.135389 0.03796377
58833.642733 25.171535 0.035963447
58833.643298 25.118726 0.038957811
58833.643881 25.096198 0.032947988
58833.644463 25.126944 0.034977581
58833.645038 25.173646 0.035965529
58833.645621 25.182913 0.036944043
58833.646196 25.166449 0.037945747
58833.646775 25.177225 0.037962627
58833.647352 25.218081 0.03496685
58833.647947 25.147575 0.042938748
58833.648518 25.200991 0.037979281
58833.649091 25.20976 0.035968242
58833.649661 25.183211 0.035976051
58833.650234 25.185044 0.034976104
58833.650812 25.21117 0.034969887
58833.651385 25.132476 0.037962661
58833.651942 25.165682 0.039963033
58833.652501 25.145075 0.034974118
58833.653051 25.174797 0.03697931
58833.653627 25.189309 0.037975095
58833.654196 25.208232 0.037959755
58833.654761 25.230452 0.039966868
58833.655332 25.125961 0.034974945
58833.655903 25.209097 0.054977005
58833.656459 25.173215 0.035978565
58833.657018 25.209974 0.033981886
58833.657575 25.158597 0.031982582
58833.658134 25.151494 0.034974777
58833.658729 25.223839 0.040963617
58833.659291 25.192365 0.038968644
58833.659866 25.215443 0.042979986
58833.660428 25.203716 0.038964265
58833.660996 25.119136 0.037966384
58833.661568 25.159383 0.040964574
58833.662129 25.12932 0.037948681
58833.662686 25.159034 0.049941124
58833.663254 25.118282 0.037977464
58833.663845 25.191097 0.052920526
58833.664399 25.133428 0.044961083
58833.664959 25.188006 0.041977316
58833.66553 25.158909 0.043972439
58833.666087 25.250154 0.038979901
58833.666661 25.164857 0.03698099
58833.66724 25.145531 0.034984911
58833.667808 25.169138 0.041981933
58833.668374 25.199282 0.039979132
58833.66894 25.114607 0.04297366
58833.669515 25.140946 0.040970854
58833.670105 25.171817 0.048962686
58833.670664 25.146058 0.041961371
58833.671231 25.154626 0.043965395
58833.671792 25.15035 0.044960287
58833.672357 25.183731 0.046961562
58833.672921 25.121806 0.042959339
58833.6735 25.18079 0.045974477
58833.674063 25.194885 0.04297803
58833.674632 25.109181 0.043959789
58833.675223 25.177853 0.047908924
58833.67579 25.105046 0.049949854
58833.67635 25.150708 0.051941091
58833.676916 25.196602 0.046960718
58833.677484 25.116078 0.052954243
58833.678056 25.149326 0.05494863
58833.678616 25.013313 0.057853323
58833.679182 25.150866 0.057872031
58833.679761 25.062068 0.062801846
58833.680323 25.209778 0.087594402
58833.680894 25.093127 0.070804285
58833.681455 25.146421 0.076676799
58833.68202 25.075062 0.068785943
58833.682591 25.208783 0.084777824
58833.683157 25.200614 0.064879315
58833.683728 25.143361 0.059867252
58833.68429 25.265165 0.080773655
58833.684864 25.14157 0.059922203
58833.685427 25.30243 0.060914751
58833.686006 25.085672 0.0548895
58833.68663 25.141072 0.04994913
58833.687197 25.173917 0.053963572
58833.687766 25.202865 0.059951502
58833.688335 25.26683 0.055960256
58833.6889 25.087052 0.049949054
58833.689473 25.117705 0.050943654
58833.690035 25.21434 0.050942703
58833.690606 25.124335 0.0499195
58833.691182 25.200973 0.059951261
58833.691769 25.240629 0.055932489
58833.692334 25.147904 0.06088999
58833.692912 25.154743 0.065917402
58833.693482 25.157104 0.047934633
58833.694055 25.196574 0.050936568
58833.694629 25.182396 0.055958339
58833.695214 25.175842 0.048952398
58833.695788 25.113517 0.05394566
58833.696709 25.237645 0.06294503
58833.697282 25.092398 0.063907654
58833.697854 25.077369 0.053927519
58833.698426 25.277278 0.06994517
58833.698997 25.28382 0.081930732
58833.699574 25.205425 0.054963825
58833.700162 25.167895 0.050968505
58833.700738 25.031507 0.05195647
58833.701314 25.175078 0.055956716
58833.701879 25.332265 0.087959652
58833.702433 25.22289 0.061973293
58833.702997 25.18544 0.045976596
58833.703569 25.145664 0.052963857
58833.704138 25.215686 0.051979367
58833.704693 25.166688 0.052974362
58833.705269 25.224417 0.055964512
58833.705842 25.174254 0.052953023
58833.706416 25.160428 0.057941682
58833.706995 25.174402 0.043973651
58833.70756 25.116938 0.052958454
58833.708139 25.152491 0.04296186
58833.708701 25.202495 0.053968287
58833.709269 25.146633 0.05096902
58833.709837 25.142789 0.045966771
58833.710398 25.22938 0.049970078
58833.710961 25.157016 0.055935753
58833.711531 25.179672 0.056955095
58833.712096 25.215712 0.05895147
58833.712678 25.179018 0.049949654
58833.713245 25.184455 0.048958416
58833.713811 25.242722 0.049960495
58833.71438 25.160767 0.044967805
58833.714942 25.146823 0.04296255
58833.715515 25.171451 0.041960808
58833.716099 25.251938 0.044973236
58833.716662 25.17826 0.046974709
58833.717217 25.150437 0.043971998
58833.717786 25.21114 0.050959443
58833.718352 25.204428 0.051952458
58833.718933 25.198253 0.045958785
58833.719515 25.203934 0.050955564
58833.720081 25.042775 0.04694522
58833.720652 25.100531 0.046959052
58833.721229 25.187106 0.05194721
58833.721798 25.150663 0.054946557
58833.722365 25.142522 0.045955523
58833.722938 25.194862 0.046972037
58833.723517 25.179107 0.041957296
58833.724095 25.100346 0.039963826
58833.724659 25.138969 0.047958698
58833.725228 25.209046 0.048960345
58833.725794 25.178592 0.048959836
58833.726369 25.179539 0.051940236
58833.726949 25.090816 0.051923197
58833.727521 25.152465 0.049889057
58833.728085 25.154294 0.043910192
58833.728659 25.175422 0.050944249
58833.729226 25.191184 0.049946465
58833.729803 25.256707 0.054960389
58833.730359 25.119827 0.046950142
58833.730924 25.177376 0.045962301
58833.731502 25.153765 0.045958974
58833.732059 25.222195 0.060893608
58833.732632 25.152078 0.056938155
58833.733194 25.114294 0.053915346
58833.733759 25.173312 0.058872621
58833.734321 25.18838 0.065908945
58833.734879 25.147405 0.063890677
58833.735444 25.259002 0.074840787
58833.736003 25.073905 0.068860164
58833.736571 25.260995 0.079853157
58833.737136 25.218331 0.067856786
58833.737691 25.253215 0.064899425
58833.738267 25.125155 0.073779728
58833.738823 25.183478 0.06687655
58833.739382 25.134661 0.064894123
58833.739948 25.152141 0.071834528
58833.740522 25.113676 0.066841325
58833.741085 25.213013 0.079805213
58833.741647 25.232985 0.063898671
58833.742215 25.124462 0.055921
58833.742788 25.231168 0.062837633
58833.743365 25.164601 0.066894822
58833.743953 25.174901 0.073883278
58833.744526 25.133866 0.053909304
58833.745093 25.123364 0.04893862
58833.745664 25.165042 0.055922569
58833.746226 25.117645 0.051934355
58833.746789 25.16157 0.048934081
58833.747358 25.122197 0.045951933
58833.747921 25.167401 0.050945961
58833.748478 25.123116 0.045953429
58833.749035 25.100673 0.046952118
58833.749599 25.096103 0.044949492
58833.750168 25.266929 0.060899224
58833.750733 25.189113 0.054908888
58833.751298 25.061276 0.051863018
58833.751854 25.272386 0.06687019
58833.752416 25.29366 0.066911711
58833.752988 25.123721 0.052918705
58833.753539 25.159555 0.053927548
58833.7541 25.174362 0.050936291
58833.754655 25.148921 0.049951351
58833.75523 25.170602 0.04396702
58833.755803 25.246855 0.059940589
58833.756377 25.062723 0.049943325
58833.756948 25.159087 0.048966972
58833.757519 25.184533 0.05996989
58833.758074 25.17298 0.053965847
58833.758639 25.15377 0.056923331
58833.759204 25.151133 0.070909484
58833.759765 25.12019 0.058958071
58833.760341 25.180615 0.057958911
58833.760921 25.092986 0.055959527
58833.761489 25.197286 0.076922004
58833.76205 25.163483 0.057960916
58833.762618 25.322201 0.072945427
58833.763196 25.100057 0.052956913
58833.763771 25.211022 0.061973829
58833.764345 25.118603 0.049967102
58833.764904 25.151893 0.052972508
58833.765469 25.162312 0.051979794
58833.766035 25.174131 0.055970008
58833.766604 25.163671 0.057951673
58833.767179 25.27338 0.059973643
58833.767754 25.106632 0.051973332
58833.768337 25.170404 0.054965679
58833.768906 25.090918 0.054968738
58833.769468 25.227529 0.065947076
58833.770037 25.325422 0.067962369
58833.770609 25.179825 0.05895613
58833.771176 25.160925 0.066901047
58833.77175 25.345076 0.075923414
58833.772312 25.157939 0.068901569
58833.772873 25.114537 0.074880079
58833.773436 25.210303 0.085847229
58833.774013 25.290867 0.10586385
58833.774581 25.234715 0.080907267
58833.775149 25.322998 0.085903353
58833.775718 25.152909 0.072906683
58833.776274 25.177038 0.080933204
58833.776849 25.293057 0.083946247
58833.777425 25.346847 0.10194202
58833.777996 25.047741 0.061921887
58833.778564 25.056326 0.06494232
58833.779126 25.301707 0.074927573
58833.779701 25.125778 0.062926889
58833.780275 25.19085 0.067938294
0.0 0.0 0.0
58833.781394 25.178769 0.084854126
58833.781959 25.093458 0.064932988
58833.78252 25.159264 0.071945222
58833.783078 25.145785 0.065898676
58833.783656 25.216156 0.075915196
58833.784224 25.166012 0.069946344
58833.784791 25.203306 0.066950721
58833.785359 25.156004 0.059955066
58833.785923 25.255628 0.057964649
58833.786499 25.232831 0.070948663
58833.787075 24.991068 0.054955592
58833.787657 25.189198 0.065955332
58833.788243 25.301721 0.07095104
58833.788815 25.174933 0.058962507
58833.789431 25.152514 0.054969008
58833.789993 25.214417 0.064959732
58833.790558 25.193982 0.062973269
58833.791114 25.178164 0.061952157
58833.791692 25.201897 0.049970194
58833.792254 25.193581 0.05595202
58833.792819 25.142833 0.046964909
58833.793386 25.218455 0.050954318
58833.793945 25.131093 0.048961422
58833.794517 25.186386 0.048965437
58833.79508 25.129886 0.045965456
58833.795646 25.197754 0.046969014
58833.796225 25.108031 0.038965287
58833.79679 25.225476 0.051977238
58833.797352 25.205531 0.042982416
58833.797908 25.233146 0.049976288
58833.798484 25.193769 0.044978739
58833.799061 25.209372 0.041974392
58833.799624 25.104874 0.041971672
58833.800185 25.139612 0.040976061
58833.800756 25.179068 0.050960778
58833.801313 25.182553 0.038969166
58833.801876 25.141271 0.047970048
58833.802443 25.127146 0.048955078
58833.803031 25.156664 0.044978993
58833.803608 25.161334 0.044971587
58833.804175 25.167387 0.048978904
58833.804741 25.205795 0.047978089
58833.805316 25.160149 0.052976994
58833.805876 25.092965 0.048970543
58833.806445 25.179835 0.044981301
58833.807016 25.188953 0.046976659
58833.807582 25.217892 0.054961574
58833.80816 25.132959 0.04797601
58833.808724 25.22294 0.051977336
58833.809281 25.149144 0.044972777
58833.809857 25.183317 0.050977148
58833.810432 25.169755 0.052970173
58833.811002 25.140498 0.052974926
58833.81157 25.168395 0.052979238
58833.812141 25.247664 0.052978879
58833.81271 25.190707 0.046981093
58833.813283 25.180615 0.050982492
58833.81385 25.221507 0.043982181
58833.814425 25.108265 0.045981319
58833.81499 25.169429 0.044982059
58833.815567 25.165158 0.045978645
58833.816133 25.172119 0.043977567
58833.816698 25.152732 0.051957083
58833.817289 25.21123 0.043969973
58833.817864 25.172363 0.050964018
58833.818429 25.203026 0.05096564
58833.819011 25.176136 0.053965599
58833.819573 25.100566 0.0459746
58833.820146 25.153471 0.050960987
58833.82073 25.145103 0.044969529
58833.821295 25.104151 0.046969246
58833.821869 25.230015 0.06496775
58833.822431 25.24311 0.052975174
58833.822986 25.063106 0.049977363
58833.823546 25.127628 0.063959848
58833.824122 25.264359 0.061957867
58833.82469 25.252948 0.068972911
58833.82527 25.134687 0.064975174
58833.825842 25.144587 0.05797161
58833.826414 25.061518 0.057957191
58833.826987 25.150379 0.054959614
58833.827559 25.07179 0.051965372
58833.828123 25.217659 0.059971226
58833.828694 25.161104 0.054956366
58833.829263 25.262181 0.055964542
58833.829826 25.11232 0.049954622
58833.830398 25.035839 0.051964738
58833.830961 25.119293 0.048966615
58833.831526 25.179866 0.04595689
58833.832097 25.185163 0.04597239
58833.83267 25.17602 0.047966626
58833.833228 25.203546 0.049966692
58833.833798 25.142882 0.048973274
58833.834371 25.173165 0.056953224
58833.834936 25.180483 0.046973055
58833.83551 25.157528 0.051970031
58833.836083 25.160627 0.052968338
58833.836648 25.138627 0.049970553
58833.837231 25.228963 0.057969734
58833.837806 25.240311 0.064934594
58833.83839 25.076443 0.052951176
58833.838952 25.178589 0.060934098
58833.839512 25.138446 0.053963297
58833.840078 25.211227 0.065953559
58833.840638 25.225864 0.051967627
58833.841214 25.308631 0.072964707
58833.841784 25.222092 0.061973437
58833.842354 25.151781 0.051970447
58833.842932 25.186663 0.055966932
58833.8435 25.161422 0.0549703
58833.844068 25.107738 0.054971678
58833.84464 25.107457 0.051970242
58833.845192 25.151928 0.049975786
58833.845764 25.158165 0.061977125
58833.846315 25.270884 0.053977758
58833.846882 25.254146 0.055980574
58833.847447 25.20873 0.058968241
58833.848017 25.143924 0.060976396
58833.848583 25.27853 0.076969721
58833.849139 25.050923 0.067973148
58833.849713 25.171477 0.064961715
58833.850286 25.209412 0.063976683
