HJD mag magerr
58833.526351 25.402482 0.1977118
58833.526938 25.357152 0.17071885
58833.527497 25.743753 0.19789444
58833.528073 25.217945 0.15073394
58833.52864 25.516761 0.12882842
58833.529223 25.20552 0.13663848
0.0 0.0 0.0
58833.530369 25.580489 0.11479974
58833.530936 25.56636 0.10881934
58833.531508 25.611771 0.090880836
58833.532068 25.799347 0.095921641
58833.532639 25.5948 0.087840303
58833.533201 25.826315 0.091913723
58833.533765 25.61268 0.079914529
58833.534319 25.773462 0.11580244
58833.534878 25.705519 0.096830072
58833.535457 25.50753 0.079779219
58833.536022 25.742391 0.079928026
0.0 0.0 0.0
58833.537148 25.634616 0.056926148
0.0 0.0 0.0
58833.538275 25.747012 0.070892714
58833.538843 25.671853 0.053934295
58833.539403 25.691953 0.06092586
58833.539961 25.727026 0.056936084
58833.540691 25.685164 0.053928901
58833.54127 25.744594 0.055934744
58833.541834 25.664562 0.053948659
58833.542384 25.723036 0.060935599
58833.542946 25.650803 0.050939836
58833.543507 25.683172 0.046934757
0.0 0.0 0.0
58833.544644 25.671721 0.044960617
58833.545206 25.572785 0.047918125
58833.545767 25.648188 0.044953771
58833.54634 25.634016 0.046965138
58833.546924 25.654673 0.050945224
0.0 0.0 0.0
58833.548053 25.749614 0.051926043
58833.548633 25.641216 0.042951507
58833.549203 25.589317 0.0399615
58833.549779 25.635442 0.043958802
58833.550355 25.601272 0.046940738
58833.550911 25.655355 0.042959453
58833.551466 25.627789 0.042944348
58833.552025 25.682692 0.054933075
58833.552609 25.66615 0.054946622
58833.553172 25.696421 0.053946337
58833.553736 25.717507 0.055938207
58833.554298 25.672776 0.046959279
58833.554862 25.787143 0.049958104
58833.55542 25.727868 0.051963296
58833.556007 25.670925 0.049951731
58833.556565 25.720214 0.054974973
58833.557125 25.69083 0.055970072
58833.557676 25.764267 0.06397551
58833.558245 25.725633 0.052964202
58833.558811 25.673464 0.054948026
58833.559373 25.604552 0.048935518
58833.559928 25.58982 0.054885766
0.0 0.0 0.0
58833.561052 25.722406 0.05190878
58833.561629 25.81668 0.063920716
58833.562183 25.591432 0.049920929
58833.562742 25.699097 0.055935946
58833.563315 25.592975 0.050948909
58833.563889 25.697343 0.063852026
0.0 0.0 0.0
58833.565019 25.601736 0.041924437
58833.565576 25.671639 0.03398847
0.0 0.0 0.0
58833.566722 25.566291 0.038965433
58833.56729 25.648189 0.05193972
58833.56785 25.672098 0.04294924
58833.568406 25.655214 0.039967206
58833.568961 25.628003 0.035961
58833.569533 25.602922 0.03297164
58833.570095 25.599058 0.031975104
58833.57065 25.67903 0.036979207
58833.57121 25.699777 0.040971418
58833.571768 25.672792 0.038950014
58833.572322 25.656104 0.036978276
58833.572898 25.644079 0.042957861
58833.573468 25.583753 0.045928476
0.0 0.0 0.0
58833.574593 26.040159 0.072908406
0.0 0.0 0.0
0.0 0.0 0.0
58833.576286 25.54546 0.053839348
58833.576839 25.551477 0.043884691
0.0 0.0 0.0
58833.577964 25.63646 0.045956321
58833.578544 25.663523 0.049944173
0.0 0.0 0.0
58833.579688 25.631728 0.047913227
58833.580238 25.636708 0.052904128
58833.58081 25.62398 0.051860601
0.0 0.0 0.0
58833.581944 25.595969 0.046924653
58833.582509 25.706214 0.045938384
58833.58308 25.640148 0.052921037
58833.583647 25.676335 0.056882184
0.0 0.0 0.0
58833.584762 25.66822 0.054858772
0.0 0.0 0.0
58833.585886 25.601209 0.039925066
58833.586442 25.695284 0.047928949
58833.587001 25.626717 0.050914783
58833.587566 25.625842 0.06784362
58833.58814 25.588891 0.060853822
58833.588711 25.595199 0.038956689
58833.589285 25.624568 0.039931894
58833.589857 25.67155 0.059753212
58833.590423 25.687673 0.057847109
58833.590994 25.626554 0.072767795
58833.591559 25.721768 0.10468436
0.0 0.0 0.0
58833.592665 25.432008 0.078722135
58833.593224 25.438331 0.081756824
58833.593796 25.681587 0.095830577
58833.594369 25.672343 0.10170228
0.0 0.0 0.0
58833.595528 25.523442 0.068787599
58833.596082 25.678607 0.071835701
58833.596665 25.861809 0.078856394
58833.597231 25.605876 0.058881666
58833.597797 25.633332 0.056904619
58833.59838 25.572058 0.042945653
58833.598947 25.604557 0.046948526
58833.599512 25.698983 0.053918024
0.0 0.0 0.0
58833.600655 25.636052 0.052950654
58833.601221 25.586365 0.044941733
58833.601788 25.624224 0.056916545
58833.602358 25.520362 0.044952741
58833.602926 25.640501 0.055937059
58833.60349 25.723244 0.074811152
58833.604047 25.602792 0.049941815
58833.604615 25.663055 0.059895859
58833.605171 25.727304 0.071881066
58833.605736 25.630105 0.063898225
58833.606292 25.765347 0.071918472
58833.606846 25.561419 0.057852473
58833.607409 25.923586 0.079884462
58833.607972 25.653859 0.073867508
58833.608554 25.615688 0.060882392
58833.609122 25.722855 0.069888626
58833.609691 25.679214 0.064857309
58833.61027 25.670543 0.054891603
58833.610843 25.673212 0.051902845
58833.611415 25.676001 0.05486019
58833.611993 25.555213 0.050833545
0.0 0.0 0.0
58833.613137 25.719832 0.06879175
58833.613696 25.495273 0.051771184
58833.614278 25.640978 0.053835409
58833.614853 25.652123 0.058812861
58833.615407 25.697399 0.060838975
58833.615983 25.651961 0.054870965
58833.616534 25.560476 0.052853656
58833.617093 25.619448 0.065881592
58833.617655 25.637089 0.057923228
58833.618216 25.59763 0.052916591
58833.618781 25.681999 0.062910278
58833.619336 25.766329 0.061905284
0.0 0.0 0.0
58833.620489 25.576072 0.045931709
58833.621073 25.669694 0.053939508
58833.621643 25.6853 0.057857677
0.0 0.0 0.0
58833.622786 25.696448 0.066890088
58833.623339 25.582466 0.059899848
58833.623898 25.542377 0.049934293
58833.624467 25.611175 0.053938288
58833.625042 25.477561 0.045924363
58833.625625 25.670978 0.052934629
58833.626195 25.608946 0.045938188
58833.626758 25.633209 0.051938216
58833.627345 25.652838 0.045949955
58833.627901 25.754381 0.054961284
58833.628481 25.70502 0.04895666
58833.629058 25.641795 0.050928609
58833.629625 25.613955 0.043963879
58833.630194 25.703535 0.046962752
58833.630754 25.722878 0.047958751
58833.631339 25.564979 0.05390728
58833.631919 25.714972 0.068881886
58833.632476 25.619493 0.060884692
58833.633035 25.511541 0.058854647
58833.633609 25.448824 0.053785392
58833.634176 25.488615 0.07392887
58833.63477 25.708747 0.058897111
58833.63533 25.572307 0.049932033
58833.635896 25.690492 0.059894895
58833.636454 25.654275 0.045960286
58833.637031 25.63675 0.055934807
58833.637603 25.692202 0.058920191
58833.638178 25.634727 0.053907313
58833.638751 25.655802 0.057939644
58833.639317 25.67 0.052937363
58833.639885 25.660527 0.045944546
58833.640451 25.618121 0.048959168
58833.641017 25.626391 0.044954182
58833.641587 25.662042 0.047966354
58833.642165 25.608479 0.047958335
58833.642733 25.604155 0.051940705
58833.643298 25.634531 0.057959036
58833.643881 25.678827 0.050966057
58833.644463 25.57657 0.044965675
58833.645038 25.638679 0.051949081
58833.645621 25.609536 0.046945357
58833.646196 25.610441 0.050946484
58833.646775 25.64245 0.053966377
58833.647352 25.587351 0.044949437
58833.647947 25.6061 0.049944247
58833.648518 25.590019 0.052973579
58833.649091 25.5311 0.042968962
58833.649661 25.613808 0.051966433
58833.650234 25.703115 0.052969595
58833.650812 25.591754 0.0509539
58833.651385 25.610411 0.05594642
58833.651942 25.569243 0.050941468
58833.652501 25.610744 0.051963205
58833.653051 25.535336 0.044976576
58833.653627 25.610141 0.044976122
58833.654196 25.634807 0.055944118
58833.654761 25.630945 0.048968803
58833.655332 25.658178 0.052947785
58833.655903 25.578496 0.047972908
58833.656459 25.693568 0.05397232
58833.657018 25.627985 0.049974127
58833.657575 25.665493 0.053959065
58833.658134 25.540647 0.048966007
58833.658729 25.514299 0.047946902
58833.659291 25.646117 0.048970552
58833.659866 25.536331 0.052970822
58833.660428 25.666677 0.053945461
58833.660996 25.737533 0.063951571
58833.661568 25.743217 0.067946451
58833.662129 25.597069 0.053949021
58833.662686 25.632451 0.07091763
58833.663254 25.640642 0.05395199
58833.663845 25.705197 0.067950584
58833.664399 25.723046 0.05994421
58833.664959 25.689655 0.056967514
58833.66553 25.626566 0.051973737
58833.666087 25.593384 0.054972353
58833.666661 25.667067 0.051976276
58833.66724 25.572417 0.044978619
58833.667808 25.700694 0.058974
58833.668374 25.571036 0.048981108
58833.66894 25.731019 0.062973648
58833.669515 25.626995 0.055969665
58833.670105 25.720148 0.064965952
58833.670664 25.777858 0.067962451
58833.671231 25.581406 0.065956897
58833.671792 25.712062 0.070960249
58833.672357 25.632952 0.067956942
58833.672921 25.593629 0.055973002
58833.6735 25.57045 0.063952564
58833.674063 25.517692 0.053970264
58833.674632 25.61443 0.066934445
58833.675223 25.620908 0.066899638
58833.67579 25.681851 0.077924634
58833.67635 25.556284 0.068931309
58833.676916 25.709019 0.078950924
58833.677484 25.488952 0.071949261
58833.678056 25.585768 0.072889183
58833.678616 25.705761 0.10085577
58833.679182 25.68199 0.097865522
58833.679761 25.608925 0.095810123
0.0 0.0 0.0
58833.680894 25.764701 0.1047804
58833.681455 25.684224 0.11777638
58833.68202 25.617019 0.10084568
58833.682591 25.621684 0.10071138
58833.683157 25.679397 0.099882787
58833.683728 25.69641 0.098822165
58833.68429 25.443556 0.091778191
58833.684864 25.757389 0.097918222
58833.685427 25.763319 0.092913922
58833.686006 25.768557 0.099890002
58833.68663 25.726709 0.085919377
58833.687197 25.711821 0.083949214
58833.687766 25.656563 0.07795553
58833.688335 25.726828 0.082922179
58833.6889 25.732278 0.082918684
58833.689473 25.723073 0.084942504
58833.690035 25.67836 0.076914015
0.0 0.0 0.0
58833.691182 25.710381 0.078935662
58833.691769 25.645209 0.068892943
58833.692334 25.652625 0.084882388
58833.692912 25.693017 0.084865513
58833.693482 25.748903 0.076932932
58833.694055 25.572169 0.075898211
58833.694629 25.66528 0.077948299
58833.695214 25.715788 0.085922094
58833.695788 25.565108 0.068948222
58833.696709 25.58714 0.074945079
58833.697282 25.804353 0.11989544
58833.697854 25.630174 0.079897702
58833.698426 25.603315 0.079939306
58833.698997 25.52828 0.094920541
58833.699574 25.737951 0.080948221
58833.700162 25.709796 0.078937776
58833.700738 25.726225 0.10292235
58833.701314 25.629101 0.071951567
58833.701879 25.728338 0.12495823
58833.702433 25.577859 0.084960579
58833.702997 25.6961 0.066967097
58833.703569 25.686917 0.069965022
58833.704138 25.695273 0.07097609
58833.704693 25.590168 0.07296658
58833.705269 25.67801 0.073960474
58833.705842 25.838019 0.095930658
58833.706416 25.574623 0.072951509
58833.706995 25.72356 0.074973486
58833.70756 25.734693 0.081958261
58833.708139 25.610973 0.067964797
58833.708701 25.697317 0.069939032
58833.709269 25.68054 0.078956497
58833.709837 25.728075 0.077928512
58833.710398 25.647858 0.068935113
58833.710961 25.612854 0.078936407
58833.711531 25.738288 0.085939636
58833.712096 25.633657 0.070954605
58833.712678 25.596778 0.069951689
58833.713245 25.766026 0.081946724
58833.713811 25.537073 0.060939757
58833.71438 25.646419 0.068950366
58833.714942 25.737359 0.07495733
58833.715515 25.681218 0.066958557
58833.716099 25.639317 0.067968241
58833.716662 25.761135 0.07796455
58833.717217 25.703527 0.068962235
58833.717786 25.698206 0.0759393
58833.718352 25.586362 0.061951103
58833.718933 25.597395 0.069955134
58833.719515 25.656052 0.082942652
58833.720081 25.812379 0.091890893
58833.720652 25.710415 0.075959267
0.0 0.0 0.0
58833.721798 25.686055 0.079949785
58833.722365 25.599577 0.063959013
58833.722938 25.691235 0.065958855
58833.723517 25.651971 0.066935964
58833.724095 25.696132 0.058965814
58833.724659 25.625048 0.068955773
58833.725228 25.681668 0.065956616
58833.725794 25.761198 0.083907034
58833.726369 25.753371 0.085894946
58833.726949 25.653156 0.073915835
58833.727521 25.645929 0.077893217
58833.728085 25.72844 0.068906515
58833.728659 25.911782 0.090944027
58833.729226 25.690212 0.072924102
58833.729803 25.670422 0.077919793
58833.730359 25.530657 0.06595332
58833.730924 25.645069 0.056960167
58833.731502 25.644751 0.079942818
58833.732059 25.934255 0.10689171
58833.732632 25.654996 0.078911095
58833.733194 25.596769 0.079909989
58833.733759 25.598868 0.081896519
58833.734321 25.688115 0.083871185
58833.734879 25.665998 0.094900772
58833.735444 25.699904 0.10185201
58833.736003 25.615491 0.095873696
58833.736571 25.897347 0.13784348
58833.737136 25.654525 0.1008162
58833.737691 25.710973 0.092902044
58833.738267 25.786242 0.11876898
58833.738823 25.668632 0.083885631
58833.739382 25.638215 0.088875167
58833.739948 25.682976 0.1028472
0.0 0.0 0.0
58833.741085 25.50306 0.097634722
58833.741647 25.683766 0.09390192
58833.742215 25.632965 0.080900751
58833.742788 25.709464 0.091859533
58833.743365 25.641886 0.093892021
58833.743953 25.578267 0.090895954
58833.744526 25.697726 0.080917464
58833.745093 25.740269 0.085900535
58833.745664 25.707895 0.087921079
58833.746226 25.634582 0.084937097
58833.746789 25.682631 0.075934835
58833.747358 25.641054 0.07395127
58833.747921 25.722621 0.075947725
58833.748478 25.670924 0.066954758
58833.749035 25.751301 0.07295453
58833.749599 25.733866 0.077954338
58833.750168 25.697594 0.082904099
58833.750733 25.693003 0.090898575
58833.751298 25.780945 0.10178719
58833.751854 25.770895 0.099876506
58833.752416 25.722723 0.0899132
0.0 0.0 0.0
58833.753539 25.872849 0.085894411
58833.7541 25.566841 0.065901501
58833.754655 25.70672 0.079933105
58833.75523 25.667655 0.070955766
58833.755803 25.627142 0.074943684
58833.756377 25.722178 0.081944964
58833.756948 25.70526 0.077969789
58833.757519 25.692777 0.0869645
58833.758074 25.706478 0.085968159
58833.758639 25.767602 0.094923938
58833.759204 25.748517 0.10893023
58833.759765 25.884006 0.11093364
58833.760341 25.615767 0.079951179
58833.760921 25.770013 0.10596017
58833.761489 26.028602 0.15491547
58833.76205 25.581165 0.075944335
58833.762618 25.705462 0.090942744
58833.763196 25.680341 0.079936791
58833.763771 25.701503 0.091966403
58833.764345 25.631099 0.081955723
58833.764904 25.676736 0.081939846
58833.765469 25.648348 0.072970978
58833.766035 25.675573 0.075967216
58833.766604 25.931222 0.10696062
58833.767179 25.784678 0.085958158
58833.767754 25.669592 0.078967131
58833.768337 25.66102 0.075956732
58833.768906 25.757685 0.089963938
58833.769468 25.845533 0.11495855
58833.770037 25.734735 0.086953968
58833.770609 25.710782 0.094962817
58833.771176 25.724143 0.10789967
0.0 0.0 0.0
58833.772312 25.919107 0.12790726
58833.772873 25.580366 0.10287505
58833.773436 25.810692 0.16185619
58833.774013 25.642113 0.12886859
58833.774581 25.584567 0.10990802
58833.775149 25.740987 0.12886395
58833.775718 25.794033 0.12089915
58833.776274 25.911428 0.15289146
58833.776849 25.693831 0.12094661
58833.777425 25.92565 0.14994654
58833.777996 25.851622 0.12291402
58833.778564 25.73535 0.11192532
58833.779126 25.73524 0.12290215
58833.779701 25.80776 0.12889373
58833.780275 25.647562 0.093901313
58833.780836 25.616989 0.10687625
58833.781394 25.910402 0.14886809
58833.781959 25.662069 0.095931201
58833.78252 25.816058 0.12593049
58833.783078 25.55529 0.11091068
58833.783656 25.936031 0.13191937
58833.784224 25.860952 0.11692893
58833.784791 25.710988 0.10195166
58833.785359 25.717212 0.086951637
58833.785923 25.617698 0.075960947
58833.786499 25.614015 0.092947933
58833.787075 25.71274 0.093908554
58833.787657 25.759367 0.1019604
58833.788243 25.829632 0.10494937
58833.788815 25.726161 0.086949744
58833.789431 25.753086 0.078966447
58833.789993 25.639909 0.082964961
58833.790558 25.733875 0.082971769
58833.791114 25.90466 0.10995374
58833.791692 25.631391 0.07796611
58833.792254 25.61292 0.069963178
58833.792819 25.766458 0.084951009
58833.793386 25.572672 0.066949926
58833.793945 25.684311 0.07295963
58833.794517 25.699519 0.071961459
58833.79508 25.615669 0.070956286
58833.795646 25.599767 0.062954448
58833.796225 25.677982 0.06296545
58833.79679 25.75997 0.06997201
58833.797352 25.631845 0.058974338
58833.797908 25.687271 0.067973293
58833.798484 25.555811 0.059974186
58833.799061 25.707853 0.063959486
58833.799624 25.798838 0.073967049
58833.800185 25.70159 0.064964447
58833.800756 25.773117 0.072968907
58833.801313 25.707041 0.060969421
58833.801876 25.77127 0.072958348
58833.802443 25.624148 0.067954419
58833.803031 25.812326 0.076973701
58833.803608 25.561708 0.053971557
58833.804175 25.616669 0.066976188
58833.804741 25.539864 0.061971096
58833.805316 25.578458 0.069979936
58833.805876 25.618019 0.071966062
58833.806445 25.596213 0.06897828
58833.807016 25.708239 0.086966602
0.0 0.0 0.0
58833.80816 25.659208 0.081971717
58833.808724 25.679774 0.070972114
58833.809281 25.64204 0.066966505
58833.809857 25.690976 0.081970254
58833.810432 25.725055 0.08497226
58833.811002 25.790584 0.095974339
58833.81157 26.024547 0.11697573
58833.812141 25.783781 0.087977629
58833.81271 25.813178 0.070980355
58833.813283 25.595081 0.065974557
58833.81385 25.711564 0.069975223
58833.814425 25.714887 0.065979123
58833.81499 25.569683 0.060973679
58833.815567 25.70095 0.064976164
58833.816133 25.645066 0.069967468
58833.816698 25.513336 0.067973994
58833.817289 25.686299 0.066965345
58833.817864 25.612806 0.075960313
58833.818429 25.79578 0.083967374
58833.819011 25.576164 0.068963603
58833.819573 25.525431 0.076965167
58833.820146 25.729362 0.078946154
58833.82073 25.707618 0.076957933
58833.821295 25.750277 0.08196634
58833.821869 25.601362 0.087966964
58833.822431 25.751102 0.10996588
58833.822986 25.641775 0.085968013
58833.823546 25.745271 0.09596421
58833.824122 25.672107 0.096959774
58833.82469 25.626222 0.087969889
58833.82527 25.599515 0.090965649
58833.825842 25.759388 0.10096175
58833.826414 25.521459 0.088960673
58833.826987 25.673196 0.086964731
58833.827559 25.63613 0.085960258
58833.828123 25.611641 0.079971444
58833.828694 25.648932 0.073967106
58833.829263 25.709177 0.084962095
58833.829826 25.707238 0.088963144
58833.830398 25.631779 0.082958086
58833.830961 25.699658 0.080954041
58833.831526 25.772663 0.073969784
58833.832097 25.750062 0.083968856
58833.83267 25.646912 0.062970557
0.0 0.0 0.0
58833.833798 25.666492 0.071964336
58833.834371 25.623107 0.081961379
58833.834936 25.576287 0.058966797
58833.83551 25.657777 0.074969072
58833.836083 25.616355 0.075968824
58833.836648 25.718041 0.073947711
58833.837231 25.712039 0.084948821
58833.837806 25.740092 0.094908823
58833.83839 25.687468 0.078948482
58833.838952 25.576178 0.088932239
58833.839512 25.745281 0.089959229
58833.840078 25.73427 0.10395404
58833.840638 25.660916 0.076965741
58833.841214 25.570045 0.077964797
58833.841784 25.584735 0.073963071
58833.842354 25.61912 0.075968974
58833.842932 25.649486 0.085966595
58833.8435 25.650227 0.092961496
58833.844068 25.612937 0.077963564
58833.84464 25.719747 0.085962937
58833.845192 25.652445 0.084957764
58833.845764 25.639216 0.074975142
58833.846315 25.824848 0.09597574
58833.846882 25.698932 0.093975928
58833.847447 25.630973 0.10697449
58833.848017 25.611927 0.09196589
58833.848583 25.511016 0.090970799
58833.849139 25.606651 0.098957084
58833.849713 25.610882 0.085963388
58833.850286 25.642964 0.092970447
