HJD mag magerr
58833.526351 24.464413 0.087786075
58833.526938 24.650023 0.10462103
58833.527497 24.53357 0.081799991
58833.528073 24.472866 0.065774836
58833.52864 24.594131 0.055809337
58833.529223 24.511588 0.066639661
58833.529794 24.569849 0.072491291
58833.530369 24.492189 0.052739304
58833.530936 24.520434 0.04283478
58833.531508 24.602225 0.041897105
58833.532068 24.594007 0.035912066
58833.532639 24.534214 0.035860731
58833.533201 24.541594 0.036916026
58833.533765 24.530447 0.032919501
58833.534319 24.428428 0.036796828
58833.534878 24.547632 0.033880348
58833.535457 24.464851 0.031871391
58833.536022 24.503935 0.030873211
58833.536586 24.486396 0.028922659
58833.537148 24.538347 0.028924722
58833.537706 24.481032 0.029873363
58833.538275 24.543748 0.027935585
58833.538843 24.542214 0.025934841
58833.539403 24.544522 0.025926962
58833.539961 24.511412 0.022929874
58833.540691 24.542466 0.025953099
58833.54127 24.514376 0.024917466
58833.541834 24.50785 0.024951976
58833.542384 24.502256 0.026901128
58833.542946 24.481622 0.02493203
58833.543507 24.511517 0.022966635
58833.544071 24.527368 0.023962901
58833.544644 24.511423 0.02096381
58833.545206 24.506049 0.022940932
58833.545767 24.514516 0.022948843
58833.54634 24.581889 0.025925886
58833.546924 24.470141 0.021928333
58833.547488 24.53848 0.022931234
58833.548053 24.597624 0.025926861
58833.548633 24.669584 0.025935892
58833.549203 24.522786 0.019967892
58833.549779 24.521533 0.022952097
58833.550355 24.502271 0.024953797
58833.550911 24.500409 0.020964484
58833.551466 24.561434 0.025929398
58833.552025 24.581303 0.025874805
58833.552609 24.448994 0.023932471
58833.553172 24.509836 0.027913416
58833.553736 24.484704 0.02194242
58833.554298 24.44379 0.020963542
58833.554862 24.571714 0.024951442
58833.55542 24.575644 0.024969289
58833.556007 24.548244 0.025967922
58833.556565 24.517813 0.027972558
58833.557125 24.535296 0.025967664
58833.557676 24.555606 0.025968936
58833.558245 24.496257 0.024957235
58833.558811 24.538921 0.023952813
58833.559373 24.531779 0.024925568
58833.559928 24.534187 0.026892046
58833.560497 24.513081 0.032774491
58833.561052 24.519242 0.023929032
58833.561629 24.54138 0.028901994
58833.562183 24.514697 0.026928366
58833.562742 24.560572 0.022947478
58833.563315 24.567973 0.024930448
58833.563889 24.523025 0.025882956
58833.564461 24.525629 0.028733956
58833.565019 24.506987 0.01796447
58833.565576 24.486688 0.018988057
58833.566153 24.534975 0.020954096
58833.566722 24.530613 0.024937688
58833.56729 24.587615 0.02293453
58833.56785 24.48072 0.021907344
58833.568406 24.45492 0.018958408
58833.568961 24.524492 0.01897261
58833.569533 24.529391 0.019979614
58833.570095 24.494319 0.02097123
58833.57065 24.525255 0.020980434
58833.57121 24.483374 0.018981614
58833.571768 24.498676 0.021962525
58833.572322 24.543559 0.020973916
58833.572898 24.560512 0.024939162
58833.573468 24.551398 0.022925055
58833.574037 24.504169 0.021925123
58833.574593 24.545821 0.021934397
58833.575159 24.481832 0.027746527
58833.575726 24.516073 0.023838145
58833.576286 24.387496 0.021829089
58833.576839 24.544735 0.025846057
58833.577403 24.544275 0.022919944
58833.577964 24.556128 0.02194736
58833.578544 24.534468 0.023947842
58833.579114 24.568202 0.023924099
58833.579688 24.539533 0.024902735
58833.580238 24.574083 0.025913857
58833.58081 24.546673 0.02289677
58833.581375 24.414309 0.023874761
58833.581944 24.487335 0.021896851
58833.582509 24.532676 0.021942921
58833.58308 24.523399 0.025910088
58833.583647 24.493275 0.024892471
58833.584215 24.414407 0.024772096
58833.584762 24.540939 0.022880776
58833.585316 24.519081 0.023885251
58833.585886 24.499113 0.018945528
58833.586442 24.524635 0.022905878
58833.587001 24.523495 0.02093834
58833.587566 24.494282 0.029842036
58833.58814 24.529481 0.028881983
58833.588711 24.462225 0.019947844
58833.589285 24.5353 0.017959622
58833.589857 24.487776 0.019924612
58833.590423 24.435026 0.028772254
58833.590994 24.495898 0.025884012
58833.591559 24.655846 0.042601792
58833.592112 24.588255 0.034718472
58833.592665 24.438613 0.031785541
58833.593224 24.546924 0.036825283
58833.593796 24.527269 0.039783261
58833.594369 24.624141 0.0552183
58833.59492 24.644421 0.045534096
58833.595528 24.555873 0.029842103
58833.596082 24.505048 0.030813465
58833.596665 24.566283 0.03581383
58833.597231 24.512616 0.029854877
58833.597797 24.486698 0.026899039
58833.59838 24.524167 0.022929118
58833.598947 24.535146 0.025924571
58833.599512 24.537322 0.026912009
58833.60009 24.502638 0.024919773
58833.600655 24.566846 0.025941046
58833.601221 24.540153 0.02590601
58833.601788 24.536622 0.024932177
58833.602358 24.522246 0.024922853
58833.602926 24.544336 0.027914186
58833.60349 24.514081 0.032751075
58833.604047 24.51655 0.023919258
58833.604615 24.535177 0.027860962
58833.605171 24.455067 0.027882028
58833.605736 24.489439 0.030863953
58833.606292 24.472837 0.029879962
58833.606846 24.598868 0.031843216
58833.607409 24.518755 0.027875815
58833.607972 24.542629 0.029871168
58833.608554 24.530316 0.03284786
58833.609122 24.527265 0.027919161
58833.609691 24.518434 0.030759951
58833.61027 24.465722 0.02387675
58833.610843 24.505689 0.024889811
58833.611415 24.530209 0.024857847
58833.611993 24.543495 0.025838553
58833.612577 24.451919 0.023826663
58833.613137 24.485336 0.024857658
58833.613696 24.436912 0.023797501
58833.614278 24.554749 0.023861994
58833.614853 24.563479 0.026808519
58833.615407 24.469542 0.025816605
58833.615983 24.483712 0.024860107
58833.616534 24.517973 0.024895992
58833.617093 24.512453 0.028877183
58833.617655 24.527151 0.025916789
58833.618216 24.617189 0.029870223
58833.618781 24.511721 0.025946115
58833.619336 24.505076 0.024918499
58833.619908 24.546399 0.028890769
58833.620489 24.50998 0.024910843
58833.621073 24.503748 0.02394054
58833.621643 24.550223 0.027894938
58833.622212 24.560733 0.026907097
58833.622786 24.522695 0.029870456
58833.623339 24.518199 0.026890173
58833.623898 24.543894 0.02790278
58833.624467 24.566332 0.027925312
58833.625042 24.511523 0.024917605
58833.625625 24.542359 0.025918381
58833.626195 24.509655 0.021949776
58833.626758 24.525648 0.025922217
58833.627345 24.499658 0.022948325
58833.627901 24.50556 0.022950176
58833.628481 24.520433 0.02594916
58833.629058 24.534792 0.024945628
58833.629625 24.509997 0.021967246
58833.630194 24.500022 0.023964823
58833.630754 24.5053 0.023958447
58833.631339 24.618166 0.029830252
58833.631919 24.527773 0.031745082
58833.632476 24.579917 0.030851462
58833.633035 24.48681 0.026866848
58833.633609 24.532254 0.028882287
58833.634176 24.628526 0.039893767
58833.63477 24.502078 0.026905785
58833.63533 24.457738 0.021955131
58833.635896 24.536621 0.02691473
58833.636454 24.510252 0.021958595
58833.637031 24.489913 0.023918073
58833.637603 24.519825 0.025934241
58833.638178 24.472131 0.024932875
58833.638751 24.48211 0.022952869
58833.639317 24.51446 0.025943254
58833.639885 24.544591 0.023950996
58833.640451 24.555695 0.020979342
58833.641017 24.494301 0.022970162
58833.641587 24.544955 0.023953625
58833.642165 24.530137 0.023953874
58833.642733 24.502194 0.023955419
58833.643298 24.500374 0.024965266
58833.643881 24.481632 0.023962632
58833.644463 24.526079 0.021974543
58833.645038 24.515726 0.024957196
58833.645621 24.550893 0.024952557
58833.646196 24.508711 0.024925456
58833.646775 24.521866 0.024955805
58833.647352 24.548678 0.023956772
58833.647947 24.494105 0.027922797
58833.648518 24.514148 0.023973493
58833.649091 24.496846 0.022959624
58833.649661 24.496843 0.024954954
58833.650234 24.508837 0.024964346
58833.650812 24.534924 0.022971605
58833.651385 24.497243 0.024954543
58833.651942 24.471908 0.023952523
58833.652501 24.504518 0.025952512
58833.653051 24.519675 0.024973557
58833.653627 24.466886 0.023958992
58833.654196 24.566464 0.026964263
58833.654761 24.493654 0.023959771
58833.655332 24.571154 0.023971281
58833.655903 24.515449 0.02297881
58833.656459 24.54663 0.023977349
58833.657018 24.548707 0.024975767
58833.657575 24.56481 0.023978832
58833.658134 24.526983 0.024957548
58833.658729 24.51493 0.024967929
58833.659291 24.533441 0.024970717
58833.659866 24.528451 0.025976129
58833.660428 24.522471 0.024954422
58833.660996 24.514839 0.022968845
58833.661568 24.528395 0.024963388
58833.662129 24.482622 0.02893873
58833.662686 24.504109 0.028924394
58833.663254 24.502362 0.025971146
58833.663845 24.527235 0.029933092
58833.664399 24.505591 0.025955739
58833.664959 24.527526 0.027956762
58833.66553 24.502945 0.027966795
58833.666087 24.514956 0.023979743
58833.666661 24.523842 0.022981771
58833.66724 24.525308 0.023979749
58833.667808 24.482775 0.024973456
58833.668374 24.521521 0.024978658
58833.66894 24.481991 0.02397537
58833.669515 24.548546 0.025977641
58833.670105 24.503165 0.026967315
58833.670664 24.505635 0.026947617
58833.671231 24.521869 0.027951592
58833.671792 24.500844 0.026949256
58833.672357 24.505401 0.027945438
58833.672921 24.524203 0.027956642
58833.6735 24.467312 0.027967446
58833.674063 24.529546 0.024970141
58833.674632 24.465169 0.027943547
58833.675223 24.502542 0.031912178
58833.67579 24.510215 0.029934188
58833.67635 24.515389 0.030918977
58833.676916 24.558738 0.031947504
58833.677484 24.503169 0.031932591
58833.678056 24.537281 0.033928681
58833.678616 24.538548 0.038817891
58833.679182 24.49265 0.037877253
58833.679761 24.531567 0.037841573
58833.680323 24.463766 0.043640819
58833.680894 24.558445 0.042744455
58833.681455 24.571141 0.044831188
58833.68202 24.524332 0.043750434
58833.682591 24.533354 0.043736901
58833.683157 24.585865 0.041843733
58833.683728 24.490757 0.036855197
58833.68429 24.463046 0.039816625
58833.684864 24.497147 0.035889928
58833.685427 24.560331 0.036888981
58833.686006 24.493352 0.035869716
58833.68663 24.481941 0.036930314
58833.687197 24.465916 0.033928749
58833.687766 24.492791 0.03193524
58833.688335 24.500854 0.033941715
58833.6889 24.534378 0.034924975
58833.689473 24.550881 0.031918135
58833.690035 24.481314 0.031923151
58833.690606 24.543104 0.031937109
58833.691182 24.474303 0.031943651
58833.691769 24.524678 0.033913605
58833.692334 24.534291 0.034901777
58833.692912 24.492324 0.033885452
58833.693482 24.453449 0.029909669
58833.694055 24.526263 0.032917396
58833.694629 24.534445 0.031950992
58833.695214 24.534296 0.035925499
58833.695788 24.493451 0.034921525
58833.696709 24.543622 0.034900247
58833.697282 24.521082 0.041865015
58833.697854 24.485122 0.034905387
58833.698426 24.488803 0.033922617
58833.698997 24.47416 0.036903412
58833.699574 24.558208 0.035944556
58833.700162 24.488694 0.031952601
58833.700738 24.562367 0.034941286
58833.701314 24.49201 0.031949888
58833.701879 24.424078 0.041939255
58833.702433 24.486745 0.033963562
58833.702997 24.509949 0.026968424
58833.703569 24.512926 0.029968734
58833.704138 24.450742 0.028972707
58833.704693 24.533966 0.033962549
58833.705269 24.531203 0.031957228
58833.705842 24.489942 0.034948376
58833.706416 24.444821 0.034937938
58833.706995 24.507502 0.03097329
58833.70756 24.49062 0.033955042
58833.708139 24.504816 0.02995938
58833.708701 24.509114 0.030958761
58833.709269 24.478894 0.029960807
58833.709837 24.462755 0.031931341
58833.710398 24.5244 0.033953724
58833.710961 24.518957 0.033945476
58833.711531 24.574005 0.037934604
58833.712096 24.499269 0.031921949
58833.712678 24.451072 0.030956922
58833.713245 24.5213 0.03291919
58833.713811 24.56123 0.028951069
58833.71438 24.49047 0.028954795
58833.714942 24.459467 0.027946757
58833.715515 24.519338 0.027954804
58833.716099 24.507813 0.026975854
58833.716662 24.45588 0.027965358
58833.717217 24.497326 0.026965903
58833.717786 24.50141 0.028940966
58833.718352 24.505127 0.027935272
58833.718933 24.521238 0.03192934
58833.719515 24.509197 0.033953118
58833.720081 24.583267 0.034920448
58833.720652 24.490775 0.027944285
58833.721229 24.529636 0.031938389
58833.721798 24.489562 0.032934335
58833.722365 24.533008 0.025959282
58833.722938 24.496082 0.026959872
58833.723517 24.525897 0.028955871
58833.724095 24.519339 0.025963523
58833.724659 24.545744 0.031927153
58833.725228 24.514456 0.026943789
58833.725794 24.46466 0.029954962
58833.726369 24.485805 0.03090081
58833.726949 24.530579 0.035895161
58833.727521 24.526252 0.032870258
58833.728085 24.522619 0.029923308
58833.728659 24.538985 0.032947175
58833.729226 24.504915 0.030930231
58833.729803 24.51957 0.028955129
58833.730359 24.528449 0.028954471
58833.730924 24.562559 0.028962461
58833.731502 24.497493 0.030943216
58833.732059 24.586073 0.034910297
58833.732632 24.50152 0.031924223
58833.733194 24.537565 0.033931849
58833.733759 24.551023 0.041848372
58833.734321 24.461173 0.032883405
58833.734879 24.508348 0.039860004
58833.735444 24.580029 0.041816323
58833.736003 24.529754 0.04288298
58833.736571 24.590059 0.046803659
58833.737136 24.525872 0.042864708
58833.737691 24.539829 0.039861521
58833.738267 24.526132 0.041728358
58833.738823 24.546402 0.037861337
58833.739382 24.499681 0.037843828
58833.739948 24.532753 0.036827681
58833.740522 24.561917 0.044789236
58833.741085 24.512518 0.042758961
58833.741647 24.525213 0.039869178
58833.742215 24.478954 0.035891684
58833.742788 24.474124 0.035802594
58833.743365 24.50015 0.040875629
58833.743953 24.489948 0.035866707
58833.744526 24.553177 0.03688129
58833.745093 24.523568 0.032915832
58833.745664 24.490588 0.032902015
58833.746226 24.506699 0.034908291
58833.746789 24.533247 0.032913747
58833.747358 24.526341 0.029935021
58833.747921 24.494081 0.028931679
58833.748478 24.526461 0.026953331
58833.749035 24.556869 0.029954509
58833.749599 24.517297 0.029955204
58833.750168 24.533538 0.032877627
58833.750733 24.481356 0.034881212
58833.751298 24.492754 0.034793009
58833.751854 24.483297 0.0348675
58833.752416 24.537665 0.035890273
58833.752988 24.464973 0.033906033
58833.753539 24.485543 0.032903968
58833.7541 24.455311 0.028923271
58833.754655 24.51109 0.028951775
58833.75523 24.497039 0.030954084
58833.755803 24.489683 0.030947209
58833.756377 24.552925 0.033943877
58833.756948 24.519512 0.032969118
58833.757519 24.505981 0.033956195
58833.758074 24.523562 0.03493896
58833.758639 24.490752 0.036856828
58833.759204 24.537837 0.039909557
58833.759765 24.547252 0.035935401
58833.760341 24.499167 0.032952421
58833.760921 24.552906 0.03794255
58833.761489 24.462661 0.041876026
58833.76205 24.48864 0.034941743
58833.762618 24.552978 0.036921389
58833.763196 24.447655 0.032953383
58833.763771 24.496694 0.032957708
58833.764345 24.467508 0.032957154
58833.764904 24.427378 0.030969294
58833.765469 24.451476 0.032961119
58833.766035 24.489232 0.031957312
58833.766604 24.520201 0.034937922
58833.767179 24.434261 0.031954423
58833.767754 24.527059 0.034963546
58833.768337 24.469754 0.031955598
58833.768906 24.500957 0.033955646
58833.769468 24.454041 0.03394715
58833.770037 24.523786 0.031951521
58833.770609 24.47696 0.031951031
58833.771176 24.545103 0.043894192
58833.77175 24.505626 0.040897476
58833.772312 24.502931 0.038850454
58833.772873 24.580019 0.051826489
58833.773436 24.540799 0.053810948
58833.774013 24.522723 0.049846504
58833.774581 24.555305 0.04987395
58833.775149 24.494299 0.04486958
58833.775718 24.481311 0.044870445
58833.776274 24.5029 0.043899805
58833.776849 24.504306 0.042925277
58833.777425 24.499516 0.043914774
58833.777996 24.48269 0.044876109
58833.778564 24.584248 0.038929905
58833.779126 24.516169 0.042912539
58833.779701 24.516292 0.042872966
58833.780275 24.531461 0.039902235
58833.780836 24.547502 0.05083309
58833.781394 24.519593 0.04687203
58833.781959 24.457262 0.040912143
58833.78252 24.465136 0.03992609
58833.783078 24.557584 0.046867369
58833.783656 24.566483 0.041896761
58833.784224 24.466347 0.04393393
58833.784791 24.521146 0.040902139
58833.785359 24.468372 0.035927386
58833.785923 24.524347 0.033949306
58833.786499 24.501731 0.042931443
58833.787075 24.48067 0.035932538
58833.787657 24.543218 0.042930055
58833.788243 24.493608 0.035940629
58833.788815 24.499263 0.032945889
58833.789431 24.459093 0.031934267
58833.789993 24.53975 0.034941759
58833.790558 24.500826 0.034953117
58833.791114 24.515988 0.034952054
58833.791692 24.53311 0.034971948
58833.792254 24.466774 0.027956839
58833.792819 24.439482 0.027964042
58833.793386 24.510627 0.02795373
58833.793945 24.550945 0.035942924
58833.794517 24.519897 0.029931165
58833.79508 24.513463 0.029966266
58833.795646 24.517228 0.029956118
58833.796225 24.47743 0.027966844
58833.79679 24.481802 0.029970824
58833.797352 24.515652 0.027967094
58833.797908 24.495814 0.025974229
58833.798484 24.519991 0.026974573
58833.799061 24.492286 0.027961199
58833.799624 24.500858 0.027960969
58833.800185 24.497535 0.026972274
58833.800756 24.47536 0.025972927
58833.801313 24.473771 0.026947779
58833.801876 24.49176 0.026958803
58833.802443 24.468383 0.027957816
58833.803031 24.502346 0.03196727
58833.803608 24.507948 0.028958855
58833.804175 24.494772 0.028972025
58833.804741 24.504972 0.028970124
58833.805316 24.498854 0.03196358
58833.805876 24.491923 0.028957325
58833.806445 24.522078 0.026975197
58833.807016 24.540948 0.029967782
58833.807582 24.505713 0.030941332
58833.80816 24.524424 0.033959499
58833.808724 24.496931 0.030958088
58833.809281 24.513185 0.03095688
58833.809857 24.495573 0.029968794
58833.810432 24.485519 0.030967195
58833.811002 24.494848 0.030967951
58833.81157 24.489137 0.032967747
58833.812141 24.480219 0.030966756
58833.81271 24.483093 0.028971684
58833.813283 24.507106 0.028975129
58833.81385 24.539011 0.02897328
58833.814425 24.47357 0.029970872
58833.81499 24.504004 0.028975945
58833.815567 24.455875 0.028969306
58833.816133 24.515927 0.028972327
58833.816698 24.510512 0.033969491
58833.817289 24.46656 0.026969907
58833.817864 24.48313 0.03095996
58833.818429 24.524979 0.030952675
58833.819011 24.475242 0.030950103
58833.819573 24.535917 0.033958218
58833.820146 24.487924 0.029953335
58833.82073 24.462026 0.027958732
58833.821295 24.503197 0.029963297
58833.821869 24.501547 0.030966796
58833.822431 24.493798 0.032958566
58833.822986 24.549094 0.03296359
58833.823546 24.527478 0.037937544
58833.824122 24.498867 0.034960339
58833.82469 24.505553 0.042956525
58833.82527 24.540914 0.037949121
58833.825842 24.50259 0.037954248
58833.826414 24.494266 0.036942209
58833.826987 24.542272 0.036922974
58833.827559 24.450601 0.032946273
58833.828123 24.497986 0.033971643
58833.828694 24.526096 0.032952634
58833.829263 24.517744 0.031959789
58833.829826 24.490156 0.030965284
58833.830398 24.577109 0.034931688
58833.830961 24.533797 0.031955668
58833.831526 24.504932 0.029960442
58833.832097 24.552011 0.030961051
58833.83267 24.45941 0.027962043
58833.833228 24.463434 0.029959137
58833.833798 24.523835 0.031960569
58833.834371 24.539412 0.033939182
58833.834936 24.546959 0.027963149
58833.83551 24.503596 0.030964878
58833.836083 24.525392 0.030954502
58833.836648 24.471843 0.030933648
58833.837231 24.510534 0.032949005
58833.837806 24.452363 0.030937566
58833.83839 24.50504 0.030937348
58833.838952 24.608831 0.039903596
58833.839512 24.486928 0.033944164
58833.840078 24.49482 0.041945204
58833.840638 24.505128 0.033925405
58833.841214 24.512867 0.035945812
58833.841784 24.48751 0.029960271
58833.842354 24.524072 0.03196028
58833.842932 24.496282 0.031949668
58833.8435 24.458364 0.030961727
58833.844068 24.455753 0.030949718
58833.84464 24.455958 0.031924795
58833.845192 24.506599 0.034953773
58833.845764 24.466793 0.032964573
58833.846315 24.495938 0.028973087
58833.846882 24.534167 0.036962304
58833.847447 24.479537 0.032967502
58833.848017 24.431232 0.035965635
58833.848583 24.483616 0.035955676
58833.849139 24.499814 0.039952858
58833.849713 24.461678 0.033954707
58833.850286 24.52213 0.035966963
