HJD mag magerr
58833.526351 25.186489 0.17076889
58833.526938 25.173207 0.15366056
58833.527497 25.03023 0.11986327
58833.528073 24.987472 0.11969906
58833.52864 25.15727 0.091824784
58833.529223 25.081739 0.12043977
58833.529794 25.013112 0.11146471
58833.530369 25.022505 0.078708307
58833.530936 25.106492 0.073831003
58833.531508 25.04632 0.060876882
58833.532068 25.152001 0.056900005
58833.532639 25.06511 0.056818205
58833.533201 25.073561 0.053910129
58833.533765 25.151687 0.052929451
58833.534319 25.082526 0.060755464
58833.534878 25.043777 0.0547467
58833.535457 25.003765 0.049819193
58833.536022 25.0217 0.0419276
58833.536586 25.092785 0.045934691
58833.537148 25.096221 0.039941594
58833.537706 25.119967 0.044871368
58833.538275 25.123119 0.042920437
58833.538843 25.106763 0.035942404
58833.539403 25.095663 0.037917354
58833.539961 25.073071 0.037888644
58833.540691 25.123915 0.035947531
58833.54127 25.082729 0.033942923
58833.541834 25.122952 0.034954588
58833.542384 25.131636 0.038955764
58833.542946 25.081018 0.034927917
58833.543507 25.128296 0.032962629
58833.544071 25.097947 0.032966595
58833.544644 25.135373 0.032943166
58833.545206 25.135018 0.034940479
58833.545767 25.078406 0.030963972
58833.54634 25.047886 0.032968387
58833.546924 25.062714 0.032941051
58833.547488 25.047653 0.034915624
58833.548053 25.072816 0.029931724
58833.548633 25.065527 0.033961063
58833.549203 25.101299 0.029957725
58833.549779 25.159263 0.029964967
58833.550355 25.099957 0.033958293
58833.550911 25.137122 0.031951157
58833.551466 25.06965 0.03093335
58833.552025 25.087451 0.034924056
58833.552609 25.074989 0.035916739
58833.553172 25.085259 0.036932173
58833.553736 25.094393 0.0369296
58833.554298 25.151329 0.034968178
58833.554862 25.121813 0.030970481
58833.55542 25.117912 0.037969236
58833.556007 25.09137 0.03798077
58833.556565 25.09488 0.034978279
58833.557125 25.116251 0.035969449
58833.557676 25.127954 0.041975095
58833.558245 25.112038 0.036956868
58833.558811 25.06755 0.034958373
58833.559373 25.089803 0.03590907
0.0 0.0 0.0
0.0 0.0 0.0
58833.561052 25.046115 0.035906983
58833.561629 25.017838 0.039857974
58833.562183 25.063727 0.036917299
58833.562742 25.091142 0.036939394
58833.563315 25.067334 0.036952377
58833.563889 25.13191 0.042854126
58833.564461 25.047725 0.039744404
58833.565019 25.100976 0.028943189
58833.565576 25.105341 0.025984346
58833.566153 25.03761 0.033910931
58833.566722 25.088842 0.031921376
58833.56729 25.119545 0.0329461
58833.56785 25.049596 0.034918923
58833.568406 25.133642 0.030968263
58833.568961 25.059348 0.029971743
58833.569533 25.105225 0.028970024
58833.570095 25.107159 0.025977751
58833.57065 25.127266 0.025986286
58833.57121 25.057179 0.02597139
58833.571768 25.098344 0.028962009
58833.572322 25.125561 0.027975434
58833.572898 25.065522 0.02895644
58833.573468 25.061771 0.033901475
58833.574037 25.110433 0.036904009
58833.574593 25.111669 0.031924161
58833.575159 25.088179 0.046551426
0.0 0.0 0.0
58833.576286 25.136143 0.033889524
58833.576839 25.048311 0.031887407
58833.577403 25.090995 0.029932509
58833.577964 25.071519 0.030935239
58833.578544 25.085247 0.027949689
58833.579114 25.066853 0.030906076
58833.579688 25.072445 0.033913449
58833.580238 25.112017 0.036887065
58833.58081 25.054798 0.031876251
58833.581375 25.008753 0.03084783
58833.581944 25.088786 0.030929224
58833.582509 25.108307 0.028952362
58833.58308 25.113239 0.033906898
58833.583647 25.136919 0.038831355
58833.584215 24.982345 0.038802038
58833.584762 25.122395 0.032878087
58833.585316 25.069984 0.033846301
58833.585886 25.096105 0.028939035
58833.586442 25.086204 0.03290209
58833.587001 25.120054 0.033841392
0.0 0.0 0.0
58833.58814 25.015972 0.037811764
58833.588711 25.094203 0.022985491
58833.589285 25.071488 0.025939719
0.0 0.0 0.0
0.0 0.0 0.0
58833.590994 25.101846 0.045811056
58833.591559 25.00954 0.054741211
58833.592112 25.13447 0.053699274
58833.592665 25.078567 0.053713017
58833.593224 25.044883 0.05265284
58833.593796 25.039478 0.059788421
58833.594369 25.018078 0.066467189
58833.59492 24.986824 0.060677554
58833.595528 25.129706 0.053744912
58833.596082 25.04226 0.043858463
58833.596665 24.987425 0.043863477
58833.597231 25.016439 0.037845422
58833.597797 25.132798 0.040896739
58833.59838 25.176062 0.035915879
58833.598947 25.08774 0.031933795
58833.599512 25.060077 0.036909817
58833.60009 25.18635 0.03693692
58833.600655 25.093945 0.039943923
58833.601221 25.112432 0.033946155
58833.601788 25.076525 0.036910098
58833.602358 25.129081 0.037925672
58833.602926 25.138828 0.042925357
58833.60349 25.06319 0.04579931
58833.604047 25.067873 0.034929661
58833.604615 25.113801 0.04088399
58833.605171 25.127245 0.046864996
58833.605736 25.083308 0.041882732
58833.606292 25.12302 0.041869976
58833.606846 25.051068 0.037859494
58833.607409 25.158683 0.045870048
58833.607972 25.082964 0.045836772
58833.608554 25.039984 0.047843782
58833.609122 25.120663 0.04387062
58833.609691 25.045217 0.040857057
58833.61027 25.1102 0.036890507
58833.610843 25.010919 0.032887649
58833.611415 25.110683 0.036787009
58833.611993 25.04769 0.033861038
58833.612577 25.077579 0.03584462
58833.613137 25.028159 0.038822984
58833.613696 25.071435 0.035766663
58833.614278 25.088595 0.036846507
58833.614853 26.873338 0.21079461
58833.615407 25.093421 0.039768266
58833.615983 25.085278 0.037863609
58833.616534 25.146843 0.037814296
58833.617093 25.13414 0.045875387
58833.617655 25.077713 0.035911979
58833.618216 25.072182 0.036905897
58833.618781 25.073567 0.03994623
58833.619336 25.060893 0.036919676
58833.619908 25.142203 0.041907088
58833.620489 25.092049 0.035919878
58833.621073 25.105546 0.037914921
58833.621643 25.097521 0.040837748
58833.622212 25.061165 0.032914499
58833.622786 25.06737 0.045802765
58833.623339 25.129404 0.038893058
58833.623898 24.996848 0.037908413
58833.624467 25.170956 0.040925453
58833.625042 25.048078 0.034913467
58833.625625 25.056607 0.033945413
58833.626195 25.074583 0.032941826
58833.626758 25.181493 0.036923832
58833.627345 25.062432 0.03195223
58833.627901 25.120015 0.032966234
58833.628481 25.07122 0.034949214
58833.629058 25.119718 0.037961053
58833.629625 25.088273 0.031954997
58833.630194 25.094416 0.035956389
58833.630754 25.06389 0.033962444
58833.631339 25.068832 0.034922394
58833.631919 25.008453 0.040832115
58833.632476 25.060099 0.043830906
58833.633035 25.036951 0.039824447
58833.633609 25.032744 0.037899562
58833.634176 25.183704 0.056926915
58833.63477 25.099684 0.038855013
58833.63533 25.060027 0.035960424
58833.635896 25.044746 0.03592873
58833.636454 25.091301 0.032946863
58833.637031 25.088272 0.037880351
58833.637603 25.112472 0.043906867
58833.638178 25.084045 0.036890034
58833.638751 25.107002 0.03795143
58833.639317 25.087257 0.037953366
58833.639885 25.081047 0.033967732
58833.640451 25.079615 0.034977284
58833.641017 25.118821 0.033964705
58833.641587 25.100684 0.031964223
58833.642165 25.139383 0.035961896
58833.642733 25.100377 0.03495647
58833.643298 25.072395 0.035951988
58833.643881 25.13679 0.033958247
58833.644463 25.106396 0.034963996
58833.645038 25.127928 0.035959761
58833.645621 25.102406 0.036936195
58833.646196 25.092227 0.037933625
58833.646775 25.094448 0.035969386
58833.647352 25.108293 0.034969457
58833.647947 25.105551 0.037949857
58833.648518 25.139432 0.040974388
58833.649091 25.058707 0.034937223
58833.649661 25.076795 0.037972384
58833.650234 25.11529 0.032973943
58833.650812 25.112284 0.035964424
58833.651385 25.068941 0.035931993
58833.651942 25.106746 0.03695677
58833.652501 25.071268 0.035967688
58833.653051 25.13906 0.038945212
58833.653627 25.088177 0.035972419
58833.654196 25.065531 0.034954913
58833.654761 25.080963 0.034961009
58833.655332 25.084715 0.034959868
58833.655903 25.138565 0.040964996
58833.656459 25.074286 0.03297691
58833.657018 25.087185 0.037971388
58833.657575 25.093008 0.038973567
58833.658134 25.073085 0.038967685
58833.658729 25.101339 0.035961709
58833.659291 25.092749 0.037973162
58833.659866 25.11261 0.040973687
58833.660428 25.068882 0.036970397
58833.660996 25.092106 0.039961347
58833.661568 25.066145 0.035963071
58833.662129 25.120876 0.038959264
58833.662686 25.064208 0.047939051
58833.663254 25.071724 0.036973603
58833.663845 25.153318 0.046944341
58833.664399 25.073847 0.037956189
58833.664959 25.053707 0.038972254
58833.66553 25.073962 0.03597714
58833.666087 25.060197 0.036982039
58833.666661 25.185486 0.039978313
58833.66724 25.107945 0.037981918
58833.667808 25.034685 0.038977784
58833.668374 25.114108 0.036982991
58833.66894 25.046622 0.040977249
58833.669515 25.115223 0.03897538
58833.670105 25.099569 0.041963727
58833.670664 25.115318 0.04395476
58833.671231 25.109595 0.045961518
58833.671792 25.095074 0.046959835
58833.672357 25.09338 0.044952515
58833.672921 25.045235 0.042952749
58833.6735 25.031619 0.044976786
58833.674063 25.097716 0.038975808
58833.674632 25.086002 0.042953406
58833.675223 25.027175 0.04589871
58833.67579 25.078375 0.045945818
58833.67635 25.021587 0.049933061
58833.676916 25.045265 0.044956398
58833.677484 25.112885 0.048952114
58833.678056 25.077143 0.051941579
58833.678616 25.141396 0.057841805
58833.679182 25.1061 0.058854382
58833.679761 24.990268 0.057849671
0.0 0.0 0.0
58833.680894 25.167118 0.07384946
58833.681455 25.02264 0.066661405
58833.68202 25.0906 0.064750093
58833.682591 24.990717 0.058692568
58833.683157 25.056169 0.058865855
58833.683728 25.081458 0.061857498
58833.68429 25.012252 0.063740701
58833.684864 25.102506 0.051914227
58833.685427 25.090353 0.056916822
58833.686006 25.085008 0.054873169
58833.68663 25.017247 0.048946641
58833.687197 25.089061 0.053945634
58833.687766 25.034449 0.051917776
58833.688335 25.109375 0.049950318
58833.6889 25.111494 0.049959855
58833.689473 25.066437 0.050938169
58833.690035 25.098567 0.045930283
58833.690606 25.057374 0.043939484
58833.691182 25.077059 0.049925553
58833.691769 25.09505 0.048920289
58833.692334 25.064958 0.051872698
58833.692912 25.022253 0.047913649
58833.693482 25.103495 0.047930806
58833.694055 25.040006 0.047949141
58833.694629 25.138799 0.051932019
58833.695214 25.004061 0.047946634
58833.695788 25.040881 0.048939278
58833.696709 25.060468 0.049941968
58833.697282 25.095038 0.057858659
58833.697854 25.074097 0.049928686
58833.698426 25.056003 0.054940769
58833.698997 25.102886 0.061948085
58833.699574 25.0455 0.0539485
58833.700162 25.077436 0.047965541
58833.700738 25.114895 0.059940336
58833.701314 25.064881 0.048960821
58833.701879 25.072223 0.069942622
58833.702433 25.013995 0.054970285
58833.702997 25.130473 0.044974976
58833.703569 25.147513 0.05196144
58833.704138 25.13297 0.052971252
58833.704693 25.161182 0.051972136
58833.705269 25.066066 0.049956197
58833.705842 25.039052 0.050962617
58833.706416 25.146727 0.056948187
58833.706995 25.072348 0.046969529
58833.70756 25.037896 0.043966198
58833.708139 25.118615 0.045969693
58833.708701 25.152068 0.046967437
58833.709269 25.129446 0.047954954
58833.709837 25.107572 0.048961132
58833.710398 25.105909 0.049954382
58833.710961 25.044344 0.049944823
58833.711531 25.120068 0.053950617
58833.712096 25.027525 0.046952741
58833.712678 25.109351 0.046943622
58833.713245 25.142641 0.050954089
58833.713811 25.06442 0.042954697
58833.71438 25.088055 0.04896614
58833.714942 25.074872 0.03796958
58833.715515 25.080099 0.043952735
58833.716099 25.09402 0.043971675
58833.716662 25.101984 0.046972422
58833.717217 25.092772 0.041935093
58833.717786 25.084746 0.048953432
58833.718352 25.109537 0.045961078
58833.718933 25.110998 0.05195432
58833.719515 25.142917 0.050955813
58833.720081 25.005292 0.051924102
58833.720652 25.106462 0.050941618
58833.721229 25.104618 0.041958988
58833.721798 25.138531 0.056937017
58833.722365 25.0599 0.041965301
58833.722938 25.045232 0.038969645
58833.723517 25.083853 0.039965925
58833.724095 25.145759 0.040969251
58833.724659 25.092104 0.043951644
58833.725228 25.097098 0.044966329
58833.725794 25.082679 0.0459489
58833.726369 25.117347 0.051898583
58833.726949 25.176205 0.0528559
58833.727521 25.072825 0.048917549
58833.728085 25.071054 0.046933664
58833.728659 25.153605 0.049940445
58833.729226 25.093222 0.044947378
58833.729803 25.071759 0.044956994
58833.730359 25.084033 0.045946845
58833.730924 25.023282 0.037969574
58833.731502 25.079943 0.050953189
58833.732059 25.122314 0.054894232
58833.732632 25.017624 0.048907223
58833.733194 25.087216 0.047917156
58833.733759 24.997176 0.04881708
58833.734321 25.105664 0.052908993
58833.734879 25.023011 0.056883551
58833.735444 25.092233 0.06085206
58833.736003 25.120718 0.068854313
58833.736571 25.045127 0.068863103
58833.737136 25.125012 0.067847217
58833.737691 25.103515 0.056921891
58833.738267 25.078026 0.065755094
58833.738823 25.039735 0.055868529
58833.739382 25.096107 0.060870167
58833.739948 25.009952 0.059849896
58833.740522 25.097088 0.059822296
58833.741085 25.082569 0.073692948
58833.741647 25.054998 0.054895625
58833.742215 25.131481 0.056912629
58833.742788 25.125814 0.055851247
58833.743365 25.029259 0.05490768
58833.743953 25.186224 0.06487776
58833.744526 25.05513 0.049864283
58833.745093 25.097777 0.045933696
58833.745664 25.1174 0.052937502
58833.746226 25.052261 0.055932599
58833.746789 25.024422 0.042950234
58833.747358 25.039929 0.039958593
58833.747921 25.086852 0.051955285
58833.748478 25.038473 0.042951008
58833.749035 25.08771 0.046959891
58833.749599 25.156785 0.045961511
58833.750168 25.1233 0.051895763
58833.750733 25.116996 0.049909225
58833.751298 25.086766 0.047880744
58833.751854 25.03667 0.058783661
58833.752416 25.054337 0.047900664
58833.752988 25.060024 0.048910393
58833.753539 25.009665 0.045919682
58833.7541 25.059353 0.042950794
58833.754655 25.094207 0.042949176
58833.75523 25.088414 0.04296257
58833.755803 25.059837 0.047954011
58833.756377 25.119152 0.059958335
58833.756948 25.104861 0.049953938
58833.757519 25.057868 0.051960302
58833.758074 25.155715 0.053961971
58833.758639 25.13716 0.057934458
58833.759204 25.019331 0.060913129
58833.759765 24.991794 0.047956705
58833.760341 25.152435 0.0579604
58833.760921 25.076431 0.05295707
58833.761489 25.170757 0.074909985
58833.76205 25.061251 0.047958303
58833.762618 25.108879 0.062934719
58833.763196 25.000568 0.045971044
58833.763771 25.022991 0.045971608
58833.764345 25.097417 0.050965388
58833.764904 25.112421 0.049966039
58833.765469 25.001943 0.052968706
58833.766035 25.093581 0.057965411
58833.766604 25.064961 0.055962287
58833.767179 25.013137 0.047968357
58833.767754 25.1026 0.05897331
58833.768337 25.138484 0.052950608
58833.768906 25.135908 0.052965393
58833.769468 25.104123 0.055954882
58833.770037 25.097469 0.051962776
58833.770609 25.061203 0.060964821
58833.771176 25.064228 0.063921497
58833.77175 25.102102 0.063939337
58833.772312 25.045739 0.06592915
58833.772873 25.033345 0.068883523
58833.773436 25.001035 0.073859212
58833.774013 25.006954 0.076781939
58833.774581 25.044785 0.067857493
58833.775149 25.01462 0.065908278
58833.775718 25.031117 0.069898211
58833.776274 25.031862 0.069894309
58833.776849 25.161301 0.082939061
58833.777425 24.998118 0.065940773
58833.777996 25.052008 0.07590902
58833.778564 25.177262 0.072940789
58833.779126 25.018923 0.064924744
58833.779701 25.061958 0.065900058
58833.780275 25.097023 0.065907677
58833.780836 25.047166 0.065855471
58833.781394 25.083058 0.079893885
58833.781959 25.01712 0.059918093
58833.78252 25.133729 0.0749275
58833.783078 25.025772 0.065906824
58833.783656 25.086248 0.068934698
58833.784224 25.022372 0.062954834
58833.784791 25.136518 0.060943716
58833.785359 25.116752 0.059955036
58833.785923 25.121362 0.050958731
58833.786499 25.051597 0.054960269
58833.787075 25.20419 0.063946534
58833.787657 25.088777 0.05495944
58833.788243 25.059105 0.052951816
58833.788815 25.151073 0.056945132
58833.789431 25.167293 0.050964999
58833.789993 25.079852 0.057958703
58833.790558 25.098132 0.053977564
58833.791114 25.086424 0.056962237
58833.791692 25.086372 0.049974721
58833.792254 25.107017 0.049965032
58833.792819 25.127686 0.047969089
58833.793386 25.120341 0.042962036
58833.793945 25.073899 0.043967364
58833.794517 25.196327 0.049961656
58833.79508 25.074725 0.042962494
58833.795646 25.101478 0.039974907
58833.796225 25.189909 0.043972347
58833.79679 25.020789 0.043975784
58833.797352 25.105803 0.039977683
58833.797908 25.09309 0.046972438
58833.798484 25.106912 0.045973857
58833.799061 25.117599 0.041977687
58833.799624 25.044527 0.04595626
58833.800185 25.03849 0.044976484
58833.800756 25.164142 0.045968229
58833.801313 25.092915 0.041953958
58833.801876 25.210604 0.047965688
58833.802443 25.128059 0.046964976
58833.803031 25.0758 0.039976832
58833.803608 25.070697 0.044970215
58833.804175 25.101097 0.050975649
58833.804741 25.133758 0.044979642
58833.805316 25.053571 0.045978376
58833.805876 25.075424 0.049966628
58833.806445 25.141155 0.050978285
58833.807016 25.098446 0.043975108
58833.807582 25.13466 0.05196201
58833.80816 25.124697 0.057967955
58833.808724 25.03284 0.0439783
58833.809281 25.076332 0.046968448
58833.809857 25.018636 0.038975923
58833.810432 25.139111 0.047976511
58833.811002 25.103276 0.052973011
58833.81157 25.10778 0.047975261
58833.812141 25.071975 0.048976412
58833.81271 25.117688 0.042978391
58833.813283 25.168998 0.048972645
58833.81385 25.07719 0.043974395
58833.814425 25.161745 0.039977043
58833.81499 25.031343 0.04097958
58833.815567 25.001536 0.041973311
58833.816133 25.07739 0.04397685
58833.816698 25.084067 0.052971335
58833.817289 25.039474 0.044953344
58833.817864 25.172977 0.053967624
58833.818429 25.095801 0.049968342
58833.819011 25.050985 0.047963399
58833.819573 25.079031 0.046962613
58833.820146 25.11838 0.047959221
58833.82073 25.024441 0.039967246
58833.821295 25.173159 0.051960203
58833.821869 25.041676 0.055971331
58833.822431 25.044163 0.056968924
58833.822986 25.027509 0.051973272
58833.823546 25.05324 0.057965301
58833.824122 25.123066 0.058960867
58833.82469 25.135703 0.062949393
58833.82527 24.999159 0.056971103
58833.825842 25.157876 0.058968772
58833.826414 25.124842 0.063956953
58833.826987 25.148421 0.059965282
58833.827559 25.206188 0.066960488
58833.828123 25.198856 0.059968523
58833.828694 25.006768 0.051950367
58833.829263 25.035709 0.048962298
58833.829826 25.027525 0.046961239
58833.830398 25.122182 0.052941593
58833.830961 25.07562 0.048948771
58833.831526 25.124279 0.041968558
58833.832097 25.136089 0.04496151
58833.83267 25.039577 0.043953417
58833.833228 25.094573 0.049965361
58833.833798 25.063272 0.044963206
58833.834371 25.178602 0.055943058
58833.834936 25.139919 0.042963395
58833.83551 25.141011 0.046957973
58833.836083 25.078741 0.043969474
58833.836648 25.047311 0.049943038
58833.837231 25.09214 0.050962722
58833.837806 25.07904 0.053931635
58833.83839 25.025058 0.043950498
58833.838952 25.089781 0.05292907
58833.839512 25.039326 0.051960323
58833.840078 25.117288 0.057960795
58833.840638 25.169843 0.055953475
58833.841214 25.030116 0.05296535
58833.841784 25.077422 0.046970742
58833.842354 25.071064 0.04996796
58833.842932 25.055393 0.047964342
58833.8435 25.049043 0.048960794
58833.844068 25.046812 0.046970208
58833.84464 25.119823 0.055968748
58833.845192 25.053332 0.048972242
58833.845764 25.12699 0.056977996
58833.846315 25.115522 0.055973281
58833.846882 25.076482 0.0529756
58833.847447 25.244705 0.068974575
58833.848017 25.020829 0.057961556
58833.848583 25.229835 0.067969202
58833.849139 25.014966 0.06596631
58833.849713 25.02058 0.056958028
58833.850286 25.065742 0.057971532
