HJD mag magerr
58833.526351 25.335489 0.19376817
0.0 0.0 0.0
58833.527497 25.54223 0.18186148
58833.528073 25.255472 0.14769735
58833.52864 25.42027 0.1208231
58833.529223 25.195739 0.13843818
58833.529794 25.440112 0.17245837
58833.530369 25.537505 0.1277029
58833.530936 25.526492 0.10782825
58833.531508 25.34932 0.081874808
58833.532068 25.310001 0.067898833
58833.532639 25.61711 0.089814938
58833.533201 25.536561 0.080907855
58833.533765 25.577687 0.080926976
58833.534319 25.380526 0.078751704
0.0 0.0 0.0
0.0 0.0 0.0
58833.536022 25.3547 0.057924784
58833.536586 25.382785 0.049934025
58833.537148 25.321221 0.04893995
58833.537706 25.463967 0.062867735
58833.538275 25.382119 0.047919541
58833.538843 25.379763 0.045940168
58833.539403 25.387663 0.054914166
58833.539961 25.461071 0.047886592
58833.540691 25.400915 0.040946632
58833.54127 25.429729 0.043940396
58833.541834 25.433952 0.042953006
58833.542384 25.425636 0.045954454
58833.542946 25.423018 0.047925134
58833.543507 25.438296 0.03896144
58833.544071 25.390947 0.038965533
58833.544644 25.398373 0.038941759
58833.545206 25.457018 0.040938831
58833.545767 25.417406 0.037962462
58833.54634 25.366886 0.037967523
58833.546924 25.338714 0.036939715
58833.547488 25.441653 0.042913335
58833.548053 25.374816 0.040927382
58833.548633 25.446527 0.042959475
58833.549203 25.349299 0.035956402
58833.549779 25.412263 0.034963751
58833.550355 25.413957 0.04295659
58833.550911 25.340122 0.035950229
58833.551466 25.40665 0.038930936
58833.552025 25.519451 0.04692128
58833.552609 25.418989 0.050912412
58833.553172 25.445259 0.046929696
58833.553736 25.359393 0.038929104
58833.554298 25.466329 0.041966969
58833.554862 25.336813 0.035969343
58833.55542 25.393912 0.039968976
58833.556007 25.41637 0.039980573
58833.556565 25.39988 0.04497719
58833.557125 25.392251 0.044968359
58833.557676 25.348954 0.044974802
58833.558245 25.408038 0.04595542
58833.558811 25.45455 0.043956785
58833.559373 25.375803 0.042906992
58833.559928 25.406602 0.052830337
58833.560497 25.295512 0.055715912
0.0 0.0 0.0
58833.561629 25.346838 0.047853489
58833.562183 25.379727 0.045915144
58833.562742 25.378142 0.039938594
58833.563315 25.372334 0.044950919
58833.563889 25.45491 0.054849699
58833.564461 25.413725 0.05173724
58833.565019 25.350976 0.030941851
58833.565576 25.343341 0.027983989
58833.566153 25.33461 0.050901642
58833.566722 25.451842 0.039917969
58833.56729 25.385545 0.039944153
58833.56785 25.475596 0.041915304
58833.568406 25.465642 0.034967251
58833.568961 25.361348 0.032971112
58833.569533 25.372225 0.030969627
58833.570095 25.405159 0.031976463
58833.57065 25.391266 0.027985912
58833.57121 25.365179 0.028970654
58833.571768 25.437344 0.033960889
58833.572322 25.386561 0.03397426
58833.572898 25.376522 0.033954791
58833.573468 25.383771 0.041898603
58833.574037 25.338433 0.040902359
58833.574593 25.399669 0.038921199
0.0 0.0 0.0
58833.575726 25.373274 0.042846075
58833.576286 25.242143 0.039884238
58833.576839 25.366311 0.039883597
58833.577403 25.403995 0.03892962
58833.577964 25.400519 0.038932894
58833.578544 25.377247 0.037946165
58833.579114 25.356853 0.037903931
58833.579688 25.375445 0.041910932
58833.580238 25.454017 0.046883856
0.0 0.0 0.0
58833.581375 25.359753 0.03884222
58833.581944 25.405786 0.03592695
58833.582509 25.384307 0.035950003
58833.58308 25.388239 0.042903933
0.0 0.0 0.0
58833.584215 25.476345 0.055790363
58833.584762 25.353395 0.039870975
58833.585316 25.418984 0.046834468
58833.585886 25.329105 0.033936719
58833.586442 25.376204 0.046897529
58833.587001 25.347054 0.037839548
58833.587566 25.446505 0.058821761
58833.58814 25.337972 0.047806659
58833.588711 25.334203 0.026983641
58833.589285 25.499488 0.039922854
58833.589857 25.423792 0.045706201
58833.590423 25.375907 0.053672872
58833.590994 25.374846 0.057806073
0.0 0.0 0.0
58833.592112 25.31747 0.059696821
58833.592665 25.377567 0.066708547
0.0 0.0 0.0
0.0 0.0 0.0
58833.594369 25.305078 0.092449925
58833.59492 25.446824 0.079670758
58833.595528 25.304706 0.057742656
58833.596082 25.38226 0.059853423
58833.596665 25.539425 0.069856815
58833.597231 25.437439 0.055839148
58833.597797 25.349798 0.04689521
58833.59838 25.409062 0.041914186
58833.598947 25.40974 0.037932023
58833.599512 25.375077 0.04190836
58833.60009 25.43735 0.048934286
58833.600655 25.336945 0.04294345
58833.601221 25.405432 0.040944345
58833.601788 25.400525 0.048907192
58833.602358 25.398081 0.039925182
58833.602926 25.379828 0.044924888
0.0 0.0 0.0
58833.604047 25.384873 0.041927949
58833.604615 25.321801 0.048881802
58833.605171 25.376245 0.054862565
58833.605736 25.290308 0.050880431
58833.606292 25.30802 0.050867419
58833.606846 25.393068 0.05085492
58833.607409 25.343683 0.050868786
0.0 0.0 0.0
58833.608554 25.438984 0.063840216
58833.609122 25.435663 0.056867577
58833.609691 25.356217 0.052853346
58833.61027 25.3962 0.047887171
58833.610843 25.322919 0.041883793
58833.611415 25.619683 0.054780596
58833.611993 25.46069 0.046855231
58833.612577 25.328579 0.046839534
58833.613137 25.304159 0.048817148
58833.613696 25.363435 0.049757479
58833.614278 25.483595 0.050840912
0.0 0.0 0.0
58833.615407 25.404421 0.048764652
58833.615983 25.421278 0.044860844
58833.616534 25.360843 0.043810949
58833.617093 25.42114 0.055873217
58833.617655 25.370713 0.043909744
58833.618216 25.366182 0.047903038
58833.618781 25.373567 0.044945303
58833.619336 25.480893 0.049916934
58833.619908 25.383203 0.04690598
58833.620489 25.389049 0.042918051
58833.621073 25.422546 0.043913418
58833.621643 25.303521 0.048835612
58833.622212 25.349165 0.04191158
58833.622786 25.41437 0.058799819
58833.623339 25.371404 0.049890168
58833.623898 25.382848 0.046906164
58833.624467 25.395956 0.043924859
58833.625042 25.506078 0.050909624
58833.625625 25.368607 0.039943793
58833.626195 25.376583 0.042939692
58833.626758 25.381493 0.044922023
58833.627345 25.387432 0.040950489
58833.627901 25.305015 0.037965311
58833.628481 25.43122 0.039948282
58833.629058 25.388718 0.038960884
58833.629625 25.344273 0.037953798
58833.630194 25.420416 0.040955643
58833.630754 25.40789 0.041961045
58833.631339 25.453832 0.047918503
58833.631919 25.277453 0.052827735
58833.632476 25.437099 0.054827374
58833.633035 25.311951 0.045821652
58833.633609 25.363744 0.049896498
58833.634176 25.303704 0.061926354
58833.63477 25.330684 0.053851618
58833.63533 25.434027 0.040959548
58833.635896 25.354746 0.043926926
58833.636454 25.360301 0.042944916
58833.637031 25.412272 0.047878142
58833.637603 25.403472 0.047906305
58833.638178 25.353045 0.0438884
58833.638751 25.378002 0.041950829
58833.639317 25.361257 0.042952666
58833.639885 25.446047 0.039966778
58833.640451 25.400615 0.042976495
58833.641017 25.434821 0.037964132
58833.641587 25.413684 0.040962541
58833.642165 25.390383 0.043960654
58833.642733 25.369377 0.041955416
58833.643298 25.421395 0.04795035
58833.643881 25.32679 0.037957568
58833.644463 25.376396 0.040963228
58833.645038 25.321928 0.038959323
58833.645621 25.357406 0.04293537
58833.646196 25.483227 0.048932329
58833.646775 25.355448 0.04096871
58833.647352 25.372293 0.035969294
58833.647947 25.441551 0.047948534
58833.648518 25.395432 0.044974048
58833.649091 25.360707 0.04193617
58833.649661 25.381795 0.042971849
58833.650234 25.37729 0.038973116
58833.650812 25.390284 0.040963816
58833.651385 25.445941 0.046930489
58833.651942 25.387746 0.04495575
58833.652501 25.447268 0.046966347
58833.653051 25.37006 0.044944589
58833.653627 25.424177 0.039971917
58833.654196 25.285531 0.039954085
58833.654761 25.380963 0.041960066
58833.655332 25.393715 0.045958499
58833.655903 25.368565 0.041964899
58833.656459 25.383286 0.046975534
58833.657018 25.393185 0.04497082
58833.657575 25.383008 0.045972926
58833.658134 25.375085 0.042967201
58833.658729 25.386339 0.041960946
58833.659291 25.367749 0.043972554
58833.659866 25.44061 0.04997299
58833.660428 25.349882 0.039970008
58833.660996 25.350106 0.043960926
58833.661568 25.361145 0.044961752
58833.662129 25.403876 0.046958414
58833.662686 25.465208 0.061937812
58833.663254 25.363724 0.046972645
58833.663845 25.432318 0.062943038
58833.664399 25.375847 0.051954716
58833.664959 25.338707 0.045971581
58833.66553 25.407962 0.045976258
58833.666087 25.393197 0.047981186
58833.666661 25.456486 0.046977818
58833.66724 25.439945 0.044981453
58833.667808 25.376685 0.045977246
58833.668374 25.395108 0.045982298
58833.66894 25.451622 0.047976758
58833.669515 25.426223 0.052974365
58833.670105 25.376569 0.061962099
58833.670664 25.426318 0.051954044
58833.671231 25.480595 0.059960403
58833.671792 25.384074 0.05195936
58833.672357 25.39438 0.053951729
58833.672921 25.415235 0.051951882
58833.6735 25.412619 0.051976291
58833.674063 25.411716 0.053974761
58833.674632 25.387002 0.052952477
58833.675223 25.509175 0.07889602
58833.67579 25.364375 0.052945123
58833.67635 25.399587 0.063931812
58833.676916 25.641265 0.082953346
58833.677484 25.374885 0.059951106
58833.678056 25.506143 0.075939655
58833.678616 25.515396 0.086838115
0.0 0.0 0.0
58833.679761 25.542268 0.091845806
0.0 0.0 0.0
58833.680894 25.422118 0.089848062
58833.681455 25.42664 0.095657134
58833.68202 25.5016 0.098746469
58833.682591 25.388717 0.087687639
58833.683157 25.318169 0.074863874
58833.683728 25.394458 0.075855785
58833.68429 25.294252 0.083737998
58833.684864 25.654506 0.09791108
58833.685427 25.453353 0.083914931
58833.686006 25.345008 0.07687131
58833.68663 25.329247 0.070945216
58833.687197 25.365061 0.067944775
58833.687766 25.453449 0.064916439
58833.688335 25.423375 0.068948808
58833.6889 25.424494 0.070958551
58833.689473 25.469437 0.076936469
58833.690035 25.442567 0.066928222
0.0 0.0 0.0
58833.691182 25.437059 0.066923949
0.0 0.0 0.0
58833.692334 25.429958 0.070869933
58833.692912 25.436253 0.065911535
58833.693482 25.510495 0.065929118
58833.694055 25.453006 0.070947232
58833.694629 25.429799 0.069930614
58833.695214 25.377061 0.069945148
58833.695788 25.422881 0.062938097
58833.696709 25.435468 0.069940139
58833.697282 25.473038 0.07985679
58833.697854 25.501097 0.074926693
58833.698426 25.486003 0.071939724
58833.698997 25.379886 0.079947107
58833.699574 25.4655 0.074947405
58833.700162 25.384436 0.065964448
58833.700738 25.353895 0.065939968
58833.701314 25.433881 0.077959193
58833.701879 25.472223 0.091941872
58833.702433 25.465995 0.068969696
58833.702997 25.360473 0.0569743
58833.703569 25.372513 0.058961066
58833.704138 25.40497 0.066970636
58833.704693 25.525182 0.073971274
58833.705269 25.387066 0.055955791
58833.705842 25.541052 0.077961242
58833.706416 25.514727 0.085946577
58833.706995 25.355348 0.059968732
58833.70756 25.461896 0.059965014
58833.708139 25.349615 0.050969317
58833.708701 25.344068 0.052966986
58833.709269 25.344446 0.058954195
58833.709837 25.408572 0.062960147
58833.710398 25.387909 0.058953785
58833.710961 25.496344 0.080942523
58833.711531 25.550068 0.086948775
58833.712096 25.455525 0.070950841
58833.712678 25.437351 0.070941889
58833.713245 25.339641 0.056953558
58833.713811 25.34442 0.052953794
58833.71438 25.445055 0.054965712
58833.714942 25.424872 0.057967901
58833.715515 25.577099 0.068951038
58833.716099 25.28902 0.048971285
58833.716662 25.351984 0.051972096
58833.717217 25.272772 0.049934306
58833.717786 25.387746 0.052953118
58833.718352 25.346537 0.064959677
58833.718933 25.579998 0.085952458
58833.719515 25.348917 0.05995509
0.0 0.0 0.0
58833.720652 25.446462 0.064940575
58833.721229 25.402618 0.057957401
58833.721798 25.354531 0.064936284
58833.722365 25.3819 0.050964429
58833.722938 25.378232 0.049968593
58833.723517 25.376853 0.048964969
58833.724095 25.415759 0.048968509
58833.724659 25.469104 0.073949116
58833.725228 25.436098 0.050965813
58833.725794 25.422679 0.056947666
58833.726369 25.490347 0.078895814
58833.726949 25.293205 0.059854962
58833.727521 25.496825 0.069915402
58833.728085 25.336054 0.054932756
58833.728659 25.394605 0.056939812
58833.729226 25.413222 0.056946285
58833.729803 25.344759 0.053956067
58833.730359 25.397033 0.059945663
58833.730924 25.426282 0.043968884
58833.731502 25.367943 0.065952039
58833.732059 25.326314 0.060892957
58833.732632 25.433624 0.070904726
58833.733194 25.407216 0.066915052
58833.733759 25.543176 0.079812837
58833.734321 25.399664 0.072907036
58833.734879 25.416011 0.086880702
58833.735444 25.520233 0.089848936
58833.736003 25.441718 0.091852255
58833.736571 25.398127 0.10286058
58833.737136 25.421012 0.082845613
58833.737691 25.523515 0.083919563
58833.738267 25.490026 0.091752208
58833.738823 25.399735 0.074866074
58833.739382 25.377107 0.078868212
58833.739948 25.332952 0.078847453
58833.740522 25.344088 0.074819866
0.0 0.0 0.0
58833.741647 25.430998 0.084892896
58833.742215 25.361481 0.065911765
58833.742788 25.508814 0.078848061
58833.743365 25.352259 0.071905537
58833.743953 25.405224 0.081876214
58833.744526 25.41213 0.071861863
58833.745093 25.498777 0.073931357
58833.745664 25.4544 0.070935877
0.0 0.0 0.0
58833.746789 25.357422 0.061948171
58833.747358 25.413929 0.059956534
58833.747921 25.528852 0.072953941
58833.748478 25.304473 0.05295003
58833.749035 25.34771 0.049959593
58833.749599 25.388785 0.05196095
58833.750168 25.4343 0.064894062
58833.750733 25.404996 0.074906679
58833.751298 25.319766 0.062878164
58833.751854 25.33667 0.082780669
0.0 0.0 0.0
58833.752988 25.478024 0.074907712
58833.753539 25.334665 0.067917231
58833.7541 25.328353 0.054949322
58833.754655 25.461207 0.061947564
58833.75523 25.371414 0.058961193
58833.755803 25.281837 0.064952607
58833.756377 25.365152 0.071957725
58833.756948 25.425861 0.061953178
58833.757519 25.364868 0.067959321
58833.758074 25.382715 0.067961186
0.0 0.0 0.0
58833.759204 25.534331 0.10091092
58833.759765 25.467794 0.073954951
58833.760341 25.323435 0.066959911
58833.760921 25.332431 0.066956147
58833.761489 25.396757 0.10290837
58833.76205 25.482251 0.067956878
58833.762618 25.490879 0.08593363
58833.763196 25.417568 0.060969963
58833.763771 25.321991 0.064970588
58833.764345 25.359417 0.062964673
58833.764904 25.428421 0.074964802
58833.765469 25.372943 0.063968151
58833.766035 25.307581 0.066964983
58833.766604 25.604961 0.083961104
58833.767179 25.351137 0.072967109
58833.767754 25.3686 0.062973122
58833.768337 25.488484 0.072949554
58833.768906 25.466908 0.068964383
58833.769468 25.408123 0.083953464
58833.770037 25.394469 0.072961659
58833.770609 25.416203 0.06596459
58833.771176 25.568228 0.097919324
58833.77175 25.506102 0.090937897
58833.772312 25.467739 0.10492714
58833.772873 25.446345 0.11088108
58833.773436 25.413035 0.10585702
0.0 0.0 0.0
58833.774581 25.531785 0.10985539
58833.775149 25.43962 0.099906452
58833.775718 25.549117 0.11389608
58833.776274 25.565862 0.1208919
58833.776849 25.546301 0.10693826
58833.777425 25.543118 0.11793879
58833.777996 25.515008 0.10690772
58833.778564 25.304262 0.078940478
58833.779126 25.481923 0.096922798
58833.779701 25.497958 0.10189799
58833.780275 25.430023 0.093906058
58833.780836 25.412166 0.094852851
58833.781394 25.549058 0.12889143
58833.781959 25.63912 0.097915354
58833.78252 25.443729 0.091926822
58833.783078 25.369772 0.086905491
58833.783656 25.379248 0.084933793
58833.784224 25.407372 0.094953028
58833.784791 25.561518 0.10094184
58833.785359 25.581752 0.094953278
58833.785923 25.521362 0.070957485
58833.786499 25.425597 0.079958791
58833.787075 25.42819 0.088945332
58833.787657 25.534777 0.094957428
58833.788243 25.545105 0.096949633
58833.788815 25.322073 0.068944448
58833.789431 25.392293 0.060964375
58833.789993 25.483852 0.080957642
58833.790558 25.518132 0.070976786
58833.791114 25.439424 0.077961076
58833.791692 25.493372 0.073973619
58833.792254 25.374017 0.055964611
58833.792819 25.360686 0.051968741
58833.793386 25.362341 0.054960902
58833.793945 25.395899 0.059965962
58833.794517 25.452327 0.060960884
58833.79508 25.356725 0.054961374
58833.795646 25.424478 0.051973836
58833.796225 25.314909 0.048971967
58833.79679 25.360789 0.056974891
58833.797352 25.435803 0.05197673
58833.797908 25.47309 0.059971718
58833.798484 25.352912 0.053973371
58833.799061 25.347599 0.044977425
58833.799624 25.343527 0.052955701
58833.800185 25.29949 0.04997611
58833.800756 25.359142 0.054967578
58833.801313 25.318915 0.05195299
58833.801876 25.344604 0.048965604
58833.802443 25.361059 0.058964114
58833.803031 25.3608 0.052975783
58833.803608 25.381697 0.05796936
58833.804175 25.398097 0.064974954
58833.804741 25.299758 0.047979404
58833.805316 25.376571 0.055977786
58833.805876 25.268424 0.054966285
58833.806445 25.331155 0.053978094
58833.807016 25.317446 0.057974138
58833.807582 25.41466 0.065961161
58833.80816 25.440697 0.074967141
58833.808724 25.46484 0.06497718
58833.809281 25.397332 0.054967888
58833.809857 25.362636 0.064974118
58833.810432 25.465111 0.071975401
58833.811002 25.490276 0.075971991
58833.81157 25.44678 0.065974298
58833.812141 25.467975 0.065975567
58833.81271 25.306688 0.052977707
58833.813283 25.444998 0.054972223
58833.81385 25.44619 0.051973869
58833.814425 25.361745 0.053975947
58833.81499 25.268343 0.049978919
58833.815567 25.351536 0.057972047
58833.816133 25.46139 0.059975857
58833.816698 25.388067 0.064970666
58833.817289 25.496474 0.064951952
58833.817864 25.499977 0.07796641
58833.818429 25.456801 0.062967451
58833.819011 25.387985 0.06196243
58833.819573 25.397031 0.065961326
58833.820146 25.35438 0.06395803
58833.82073 25.472441 0.068965226
58833.821295 25.341159 0.059959638
58833.821869 25.456676 0.068970696
58833.822431 25.277163 0.07096822
58833.822986 25.687509 0.081972028
58833.823546 25.46624 0.087963989
58833.824122 25.455066 0.083959838
58833.82469 25.506703 0.097948281
58833.82527 25.387159 0.073970204
58833.825842 25.367876 0.087967654
58833.826414 25.453842 0.081956016
58833.826987 25.410421 0.066964889
58833.827559 25.508188 0.087959774
58833.828123 25.432856 0.073967881
58833.828694 25.487768 0.068949386
58833.829263 25.455709 0.069961022
58833.829826 25.573525 0.079959359
58833.830398 25.401182 0.06794058
58833.830961 25.66562 0.08094705
58833.831526 25.310279 0.04996784
58833.832097 25.358089 0.057960404
58833.83267 25.467577 0.055952401
58833.833228 25.350573 0.055964943
58833.833798 25.415272 0.063961821
58833.834371 25.415602 0.064942296
58833.834936 25.361919 0.053962372
58833.83551 25.426011 0.059956873
58833.836083 25.462741 0.065967848
58833.836648 25.462311 0.066941814
58833.837231 25.33114 0.05796223
58833.837806 25.50704 0.08392922
58833.83839 25.419058 0.058948463
58833.838952 25.482781 0.087926224
58833.839512 25.451326 0.076958675
58833.840078 25.514288 0.08295948
58833.840638 25.437843 0.065952956
58833.841214 25.252116 0.057964968
58833.841784 25.408422 0.055970042
58833.842354 25.393064 0.074966524
58833.842932 25.491393 0.0709627
58833.8435 25.496043 0.08495895
58833.844068 25.446812 0.067968861
58833.84464 25.435823 0.075967787
58833.845192 25.573332 0.091970477
58833.845764 25.46799 0.071977375
58833.846315 25.492522 0.077972403
58833.846882 25.351482 0.066974957
58833.847447 25.383705 0.07797426
58833.848017 25.461829 0.086960403
58833.848583 25.413835 0.078968806
58833.849139 25.495966 0.086965537
58833.849713 25.43758 0.07295717
58833.850286 25.597742 0.10297017
