HJD mag magerr
58833.526351 24.99053 0.15477308
58833.526938 24.799369 0.11163448
58833.527497 25.342691 0.16482523
58833.528073 25.251487 0.14468043
58833.52864 25.055482 0.08682845
58833.529223 25.040811 0.11461475
58833.529794 25.144158 0.12261312
58833.530369 25.158823 0.093755503
58833.530936 25.068031 0.06989752
58833.531508 25.100471 0.064889183
58833.532068 25.029108 0.050907314
58833.532639 25.079549 0.050896431
58833.533201 25.132663 0.058931277
58833.533765 25.062383 0.051937365
58833.534319 25.525642 0.093721818
58833.534878 25.103599 0.05380987
58833.535457 25.393559 0.077828502
58833.536022 25.119126 0.046925481
58833.536586 25.024358 0.04094243
58833.537148 25.054252 0.04293644
58833.537706 25.006356 0.044885826
58833.538275 25.02361 0.038928436
58833.538843 25.00218 0.034933185
58833.539403 25.024106 0.034933523
58833.539961 25.046315 0.034944929
58833.540691 25.082745 0.036962603
58833.54127 25.029259 0.035930406
58833.541834 25.051391 0.034946337
58833.542384 25.098006 0.03694084
58833.542946 25.028841 0.033936717
58833.543507 25.068959 0.032953557
58833.544071 25.056739 0.029971602
58833.544644 25.009962 0.028965516
58833.545206 25.07749 0.032940047
58833.545767 25.044124 0.03095429
58833.54634 25.070443 0.030963601
58833.546924 24.978703 0.031946565
58833.547488 25.023297 0.030941177
58833.548053 25.019412 0.029946732
58833.548633 25.077975 0.032963539
58833.549203 25.052682 0.028960657
58833.549779 25.095018 0.02995863
58833.550355 25.038411 0.032944628
58833.550911 25.02381 0.03193657
58833.551466 25.064793 0.030943978
58833.552025 25.00848 0.032919322
58833.552609 25.068588 0.038916907
58833.553172 25.033958 0.039944387
58833.553736 25.036925 0.030954402
58833.554298 25.037185 0.027967433
58833.554862 25.127157 0.033964464
58833.55542 25.080631 0.02997759
58833.556007 25.108579 0.031981087
58833.556565 25.104006 0.037978244
58833.557125 25.085076 0.034974053
58833.557676 25.087059 0.036979697
58833.558245 25.102408 0.032964544
58833.558811 25.029491 0.031948675
58833.559373 25.060237 0.03693708
58833.559928 25.033963 0.040866158
58833.560497 25.064557 0.050801745
58833.561052 25.029311 0.034913761
58833.561629 25.096233 0.052903831
58833.562183 25.055503 0.041943294
58833.562742 25.055149 0.033949066
58833.563315 25.006017 0.034950587
58833.563889 25.060797 0.041838858
58833.564461 25.121277 0.049766317
58833.565019 25.083862 0.026963971
58833.565576 25.065639 0.021989288
58833.566153 25.026409 0.032931678
58833.566722 25.021002 0.028946578
58833.56729 25.058705 0.032942643
58833.56785 25.103882 0.034910123
58833.568406 25.06075 0.027975249
58833.568961 25.06012 0.024976641
58833.569533 25.100144 0.022982758
58833.570095 25.077323 0.02697367
58833.57065 25.066482 0.026984464
58833.57121 25.056783 0.025975134
58833.571768 25.077466 0.021977689
58833.572322 25.026543 0.023971559
58833.572898 25.023464 0.026961744
58833.573468 25.001253 0.036863745
58833.574037 25.018161 0.033901925
58833.574593 25.049075 0.030912706
0.0 0.0 0.0
0.0 0.0 0.0
58833.576286 25.016468 0.040847496
58833.576839 25.055331 0.034877461
58833.577403 25.057476 0.030954085
58833.577964 25.078116 0.037957581
58833.578544 24.997771 0.029939283
58833.579114 25.04774 0.02795923
58833.579688 25.05322 0.03392099
58833.580238 24.99979 0.034910336
58833.58081 25.03925 0.033923826
58833.581375 25.112214 0.038807785
58833.581944 25.113095 0.033912368
58833.582509 25.041521 0.028949255
58833.58308 25.053605 0.035911704
58833.583647 25.100991 0.037874479
58833.584215 25.246536 0.054781759
58833.584762 25.068412 0.035890918
0.0 0.0 0.0
58833.585886 25.054191 0.030924882
58833.586442 25.045513 0.030935145
58833.587001 25.03795 0.031923107
58833.587566 25.109813 0.04486755
58833.58814 25.06233 0.046892108
58833.588711 25.070299 0.026968553
58833.589285 25.085694 0.035939
58833.589857 24.937737 0.033784011
58833.590423 24.999982 0.047770789
58833.590994 25.073091 0.043807624
58833.591559 25.10476 0.061732825
58833.592112 25.037018 0.049762773
58833.592665 25.130098 0.056743346
0.0 0.0 0.0
58833.593796 25.090419 0.062823239
0.0 0.0 0.0
58833.59492 25.108219 0.066752438
58833.595528 24.983224 0.046789662
58833.596082 25.003575 0.047864249
0.0 0.0 0.0
58833.597231 24.98438 0.040840186
58833.597797 25.019239 0.035913385
58833.59838 25.03478 0.029951492
58833.598947 25.082714 0.030940459
58833.599512 25.165178 0.045918818
58833.60009 25.005975 0.035941288
58833.600655 24.992684 0.032949124
58833.601221 25.027339 0.030926697
58833.601788 25.067407 0.037947355
58833.602358 25.031453 0.031935056
58833.602926 25.056916 0.037900503
58833.60349 25.139357 0.047817721
58833.604047 25.067782 0.035928177
58833.604615 25.060309 0.039890543
58833.605171 25.053501 0.048834806
58833.605736 25.043664 0.043891193
58833.606292 25.05407 0.043891963
58833.606846 25.163861 0.045867768
58833.607409 25.092398 0.047883302
58833.607972 25.093683 0.043911228
58833.608554 25.161251 0.052852312
58833.609122 24.952471 0.04090232
58833.609691 25.083722 0.043843073
58833.61027 25.052504 0.042896357
58833.610843 25.032318 0.035894645
58833.611415 25.040823 0.036877993
58833.611993 25.132245 0.042858165
58833.612577 25.078765 0.037855371
58833.613137 25.07327 0.042855527
0.0 0.0 0.0
58833.614278 25.071413 0.038877027
58833.614853 25.15918 0.045809334
58833.615407 24.988039 0.036849899
58833.615983 25.079102 0.038875434
58833.616534 25.002609 0.032907313
58833.617093 25.136776 0.046896306
58833.617655 25.082365 0.041927667
58833.618216 25.033158 0.036933665
58833.618781 25.090051 0.035941766
58833.619336 25.055107 0.037930541
58833.619908 24.998643 0.03891932
58833.620489 25.071676 0.036926321
58833.621073 25.047969 0.033937071
58833.621643 25.142754 0.044906265
58833.622212 25.046297 0.035919343
58833.622786 25.04056 0.044882328
58833.623339 24.997186 0.034929882
58833.623898 25.028107 0.0399137
58833.624467 25.052081 0.032937116
58833.625042 25.100671 0.039924211
58833.625625 25.048512 0.031934332
58833.626195 25.01023 0.031944243
58833.626758 25.047993 0.042896125
58833.627345 25.060094 0.034958114
58833.627901 25.054396 0.031958505
58833.628481 25.083126 0.033959273
58833.629058 25.084234 0.031956046
58833.629625 25.082466 0.031959945
58833.630194 25.06545 0.031960785
58833.630754 25.002832 0.029966204
58833.631339 24.967284 0.034906488
58833.631919 25.07474 0.047807993
58833.632476 25.113231 0.047836285
58833.633035 24.953575 0.037887179
58833.633609 25.123341 0.043876059
58833.634176 24.979541 0.04992356
58833.63477 25.102264 0.045905997
58833.63533 25.039054 0.034949525
58833.635896 25.065396 0.03892199
58833.636454 25.092415 0.029964568
58833.637031 25.08856 0.037893514
58833.637603 25.093952 0.039940123
58833.638178 25.073964 0.039904369
58833.638751 25.035869 0.031960018
58833.639317 25.022339 0.032957333
58833.639885 25.073243 0.031961338
58833.640451 25.072156 0.035978149
58833.641017 25.031963 0.03097613
58833.641587 25.102745 0.032960422
58833.642165 25.087389 0.036963938
58833.642733 25.043535 0.032963937
58833.643298 25.066726 0.034958439
58833.643881 25.062198 0.03194818
58833.644463 25.025944 0.02897852
58833.645038 25.052646 0.03196617
58833.645621 25.065913 0.034944354
58833.646196 25.065449 0.034946184
58833.646775 25.029225 0.032963403
58833.647352 25.031081 0.031967331
58833.647947 25.003575 0.033940055
58833.648518 25.022991 0.033979705
58833.649091 25.06076 0.034968374
58833.649661 24.999211 0.030976791
58833.650234 25.049044 0.030976718
58833.650812 25.06517 0.031970323
58833.651385 25.020476 0.030963837
58833.651942 25.092682 0.039963033
58833.652501 25.089075 0.032974426
58833.653051 24.988797 0.028980379
58833.653627 25.122309 0.03197592
58833.654196 25.099232 0.040959371
58833.654761 25.117452 0.033967609
58833.655332 25.070961 0.032975243
58833.655903 25.045097 0.031978819
58833.656459 25.030215 0.032978932
58833.657018 25.125974 0.035981684
58833.657575 25.102597 0.03598207
58833.658134 25.015494 0.033974921
58833.658729 25.043839 0.032964708
58833.659291 25.070365 0.034969111
58833.659866 25.063443 0.03398093
58833.660428 25.090716 0.03596465
58833.660996 25.052136 0.032967081
58833.661568 25.068383 0.036965167
58833.662129 25.05932 0.041948243
58833.662686 25.102034 0.046941459
58833.663254 25.019282 0.034977798
58833.663845 25.120097 0.044921343
58833.664399 25.096428 0.039961592
58833.664959 25.035006 0.035977885
58833.66553 25.003909 0.032973473
58833.666087 25.022154 0.033980397
58833.666661 25.115857 0.032981408
58833.66724 25.045531 0.029985415
58833.667808 25.077138 0.039982066
58833.668374 25.057282 0.037979306
58833.66894 25.028607 0.036974142
58833.669515 25.017946 0.038971031
58833.670105 25.018817 0.042963168
58833.670664 25.065058 0.036961979
58833.671231 24.995626 0.040965746
58833.671792 25.09735 0.042960534
58833.672357 25.075731 0.045961643
58833.672921 25.072806 0.046958966
58833.6735 25.04979 0.041974794
58833.674063 25.086885 0.036978547
58833.674632 25.046181 0.041959993
58833.675223 25.140853 0.045909183
58833.67579 25.037046 0.046950139
58833.67635 25.082708 0.048941395
58833.676916 25.096602 0.047960594
58833.677484 25.067078 0.055953986
58833.678056 25.106326 0.049949153
58833.678616 25.087313 0.059852968
58833.679182 25.119866 0.061871623
58833.679761 25.272068 0.073800534
58833.680323 24.998778 0.070597508
58833.680894 25.063127 0.06180541
58833.681455 25.099421 0.065678786
58833.68202 25.125062 0.066786203
58833.682591 25.228783 0.075779029
58833.683157 25.063614 0.061879682
58833.683728 25.099361 0.059867252
58833.68429 25.024165 0.062775866
58833.684864 25.10757 0.057922389
58833.685427 25.10843 0.059914848
58833.686006 25.068672 0.055889394
58833.68663 25.062072 0.04994913
58833.687197 25.078917 0.049963874
58833.687766 25.094865 0.055951814
58833.688335 25.08283 0.050960642
58833.6889 24.998052 0.046949343
58833.689473 25.079705 0.050943654
58833.690035 25.13834 0.050942703
58833.690606 25.074335 0.051919228
58833.691182 25.162973 0.054951661
58833.691769 25.085629 0.050932996
58833.692334 25.051904 0.053890973
58833.692912 25.118743 0.052918672
58833.693482 25.060104 0.046934763
58833.694055 25.003574 0.041937776
58833.694629 25.077396 0.052958572
58833.695214 25.100842 0.054951936
58833.695788 25.155517 0.054945582
58833.696709 24.987645 0.050946145
58833.697282 25.037398 0.060907944
58833.697854 25.141369 0.053927519
58833.698426 25.050278 0.052946193
58833.698997 25.03182 0.060931868
58833.699574 25.034425 0.051964036
58833.700162 25.125895 0.051968437
58833.700738 25.030507 0.052956381
58833.701314 25.084078 0.058956552
58833.701879 25.157265 0.076959975
58833.702433 25.07689 0.054973588
58833.702997 25.18644 0.051976256
58833.703569 25.138664 0.045964313
58833.704138 25.159686 0.052979316
58833.704693 25.121688 0.052974362
58833.705269 25.093417 0.051964719
58833.705842 25.061254 0.047953426
58833.706416 25.061428 0.054941912
58833.706995 25.174402 0.053973002
58833.70756 25.236938 0.053958392
58833.708139 25.157491 0.048961361
58833.708701 25.015495 0.041969253
58833.709269 25.177633 0.055968716
58833.709837 25.054789 0.043966966
58833.710398 25.09038 0.043970553
58833.710961 25.091016 0.054935841
58833.711531 25.200672 0.061954752
58833.712096 25.057712 0.049952286
58833.712678 25.067018 0.052949405
58833.713245 25.138455 0.050958225
58833.713811 25.044722 0.048960566
58833.71438 25.032767 0.039968349
58833.714942 25.070823 0.043962458
58833.715515 25.103451 0.045960429
58833.716099 25.074938 0.043973316
58833.716662 25.05726 0.040975179
58833.717217 25.031437 0.036972745
58833.717786 25.03914 0.041960212
58833.718352 25.040428 0.042953314
58833.718933 25.019253 0.042959158
58833.719515 25.170934 0.049955663
58833.720081 25.084775 0.047945078
58833.720652 25.204531 0.054958325
58833.721229 25.158106 0.05194721
58833.721798 25.098663 0.050946982
58833.722365 25.135522 0.04695543
58833.722938 25.122862 0.041972459
58833.723517 25.088107 0.047956705
58833.724095 25.070346 0.041963618
58833.724659 25.045969 0.039959727
58833.725228 25.092046 0.040961068
58833.725794 25.068592 0.048959836
58833.726369 25.075539 0.048940636
58833.726949 25.025816 0.049923456
58833.727521 25.051465 0.051888798
58833.728085 25.110294 0.047909651
58833.728659 25.090422 0.0449449
58833.729226 25.112184 0.047946663
58833.729803 25.113707 0.054960389
58833.730359 25.084827 0.047950042
58833.730924 25.078376 0.039962877
58833.731502 25.086765 0.052958291
58833.732059 25.003195 0.054894646
58833.732632 25.050078 0.049938999
58833.733194 25.002294 0.045916549
58833.733759 25.048312 0.05687294
58833.734321 25.14138 0.060909404
58833.734879 25.097405 0.063890677
58833.735444 25.150002 0.06484209
58833.736003 24.992905 0.064860666
58833.736571 25.090995 0.074853632
58833.737136 25.076331 0.065857043
58833.737691 25.115215 0.053900733
58833.738267 25.208155 0.075779514
58833.738823 25.112478 0.055878041
58833.739382 25.111661 0.061894542
58833.739948 25.079141 0.065835367
0.0 0.0 0.0
58833.741085 25.145013 0.069806585
58833.741647 25.069985 0.06089899
58833.742215 25.045462 0.04992173
58833.742788 25.045168 0.053838884
58833.743365 25.013601 0.05689595
58833.743953 25.139901 0.062884375
58833.744526 25.139866 0.056908927
58833.745093 25.017364 0.045938988
58833.745664 25.096042 0.049923284
58833.746226 25.131645 0.053934153
58833.746789 25.07457 0.041935107
58833.747358 25.132197 0.046951832
58833.747921 24.997401 0.048946152
58833.748478 25.087116 0.043953641
58833.749035 25.088673 0.044952324
58833.749599 25.040103 0.039950154
58833.750168 25.137929 0.052900274
58833.750733 25.029113 0.047909942
58833.751298 25.067276 0.050863246
58833.751854 25.075386 0.060870967
58833.752416 25.01966 0.044914445
58833.752988 25.066721 0.049919106
58833.753539 25.112555 0.046928424
58833.7541 25.074362 0.042937339
58833.754655 25.162921 0.049951351
58833.75523 25.050602 0.041967236
58833.755803 25.073855 0.05194123
58833.756377 25.110723 0.051943134
58833.756948 25.094087 0.05196675
58833.757519 25.161533 0.061969784
58833.758074 25.07798 0.047966293
58833.758639 25.11277 0.057923234
58833.759204 25.133133 0.067909707
58833.759765 25.21119 0.057958137
58833.760341 25.085615 0.056958979
58833.760921 25.151986 0.059959265
58833.761489 25.148286 0.07492214
58833.76205 25.089483 0.054961116
58833.762618 25.157201 0.061945952
58833.763196 25.230057 0.060956464
58833.763771 25.081022 0.050974323
58833.764345 25.178603 0.051966958
58833.764904 25.078893 0.049972683
58833.765469 25.103312 0.049979901
58833.766035 25.076131 0.059969814
58833.766604 25.068671 0.057951673
58833.767179 25.14838 0.057973743
58833.767754 25.107632 0.056973026
58833.768337 25.127404 0.048966107
58833.768906 25.235918 0.056968604
58833.769468 25.075529 0.052947885
58833.770037 25.045422 0.050963354
58833.770609 25.089825 0.062955937
58833.771176 25.038925 0.060901636
58833.77175 25.242076 0.077923315
58833.772312 25.136939 0.071901334
58833.772873 24.998537 0.064881054
58833.773436 25.004303 0.073848338
58833.774013 25.115867 0.086864883
58833.774581 25.098715 0.071907819
58833.775149 25.149998 0.075903916
58833.775718 25.011909 0.061907587
58833.776274 25.207038 0.075933476
58833.776849 25.105057 0.068946944
58833.777425 25.116847 0.081942688
58833.777996 25.149741 0.072921125
58833.778564 25.194326 0.065942249
58833.779126 25.087707 0.072927707
58833.779701 25.078778 0.063926793
58833.780275 25.05385 0.058939023
58833.780836 25.308341 0.088853626
58833.781394 25.018769 0.074855007
58833.781959 25.001458 0.060933345
58833.78252 25.172264 0.069945333
58833.783078 25.070785 0.07289809
58833.783656 25.148156 0.070915502
58833.784224 25.169012 0.068946414
58833.784791 25.212306 0.066950721
58833.785359 25.043004 0.053955619
58833.785923 25.142628 0.056964707
58833.786499 25.095831 0.05594968
58833.787075 25.089068 0.059955224
58833.787657 25.070198 0.060955624
58833.788243 25.098721 0.059951698
58833.788815 25.092933 0.062962291
58833.789431 25.032514 0.046969548
58833.789993 25.156417 0.058960066
58833.790558 25.127982 0.056973561
58833.791114 25.180164 0.063952029
58833.791692 25.035897 0.056969783
58833.792254 25.082581 0.048952546
58833.792819 25.060833 0.041965439
58833.793386 25.015455 0.041955185
58833.793945 25.099093 0.059960611
58833.794517 25.132386 0.04196613
58833.79508 24.992886 0.041965884
58833.795646 25.010754 0.042969377
58833.796225 25.151031 0.043964799
58833.79679 25.070476 0.03997817
58833.797352 25.115531 0.042982416
58833.797908 25.027146 0.039976988
58833.798484 25.063769 0.045978678
58833.799061 25.094372 0.048973869
58833.799624 25.143874 0.047971164
58833.800185 25.014612 0.039976152
58833.800756 25.006068 0.040961628
58833.801313 25.021553 0.04196881
58833.801876 25.024271 0.039970793
58833.802443 25.052146 0.047955163
58833.803031 25.030664 0.038979524
58833.803608 25.184334 0.046971428
58833.804175 25.011387 0.039979601
58833.804741 25.111795 0.043978386
58833.805316 25.104149 0.04197765
58833.805876 25.093965 0.052970285
58833.806445 25.037835 0.043981381
58833.807016 25.108953 0.056976051
58833.807582 25.092892 0.049961965
58833.80816 25.069959 0.05297568
58833.808724 25.04794 0.044977809
58833.809281 25.136144 0.042972946
58833.809857 25.128317 0.050977148
58833.810432 24.978755 0.046970581
58833.811002 25.067498 0.048975192
58833.81157 25.119395 0.054979141
58833.812141 25.060664 0.041979611
58833.81271 25.073707 0.042981363
58833.813283 25.100615 0.047982667
58833.81385 25.085507 0.039982481
58833.814425 25.085265 0.046981257
58833.81499 25.078429 0.040982344
58833.815567 25.062158 0.043978798
58833.816133 25.087119 0.041977714
58833.816698 25.124732 0.05795672
58833.817289 25.06023 0.045969795
58833.817864 24.989363 0.045964556
58833.818429 25.070026 0.04396626
58833.819011 25.073136 0.048965965
58833.819573 25.094566 0.051974148
58833.820146 25.050471 0.048961165
58833.82073 25.088103 0.043969621
58833.821295 25.165151 0.047969166
58833.821869 25.189015 0.067967609
58833.822431 24.93111 0.047975569
58833.822986 25.019106 0.052977185
58833.823546 25.155628 0.062959901
58833.824122 25.107359 0.057958117
58833.82469 25.064948 0.06297315
58833.82527 25.171687 0.076974661
58833.825842 25.174587 0.064971264
58833.826414 24.988518 0.052957658
58833.826987 25.191379 0.065958952
58833.827559 25.06279 0.053965234
58833.828123 25.142659 0.055971452
58833.828694 25.036104 0.048956785
58833.829263 25.144181 0.051964811
58833.829826 25.12432 0.04795479
58833.830398 25.043839 0.048964974
58833.830961 24.990293 0.039967526
58833.831526 25.013866 0.036957977
58833.832097 25.067163 0.037973323
58833.83267 25.09702 0.047966626
58833.833228 25.169546 0.053966413
58833.833798 25.141882 0.044973618
58833.834371 25.069165 0.05195366
58833.834936 25.177483 0.049972811
58833.83551 25.050528 0.045970555
58833.836083 25.061627 0.041969437
58833.836648 25.124627 0.047970724
58833.837231 25.120963 0.051970138
58833.837806 25.035311 0.053935694
58833.83839 25.064443 0.048951601
58833.838952 25.022589 0.051935119
58833.839512 25.107446 0.054963213
58833.840078 25.101227 0.053954394
58833.840638 25.098864 0.054967437
58833.841214 25.067631 0.055965645
58833.841784 25.087092 0.048974194
58833.842354 25.030781 0.047970775
58833.842932 25.061663 0.048967506
58833.8435 25.055422 0.052970438
58833.844068 25.044738 0.050971952
58833.84464 25.113457 0.052970168
58833.845192 25.163928 0.057975328
58833.845764 25.099165 0.052977538
58833.846315 25.107884 0.050977923
58833.846882 25.048146 0.045981179
58833.847447 25.01773 0.059968182
58833.848017 25.100924 0.065976172
58833.848583 25.06753 0.07196989
58833.849139 25.032923 0.062973348
58833.849713 25.134477 0.062961813
58833.850286 25.087412 0.059976869
