HJD mag magerr
58833.526351 25.385482 0.17471225
58833.526938 25.075152 0.13672029
58833.527497 25.037753 0.10689649
58833.528073 25.160945 0.14873403
58833.52864 25.241761 0.10182969
58833.529223 24.97752 0.11064075
58833.529794 24.996413 0.11940624
58833.530369 25.050489 0.077802824
58833.530936 25.17136 0.07782181
58833.531508 25.034771 0.057883753
58833.532068 25.063347 0.052925011
58833.532639 25.0168 0.049844163
58833.533201 25.038315 0.050916709
58833.533765 25.07868 0.049917123
58833.534319 25.136462 0.064807529
58833.534878 25.083519 0.057836066
58833.535457 24.94053 0.04878648
58833.536022 25.020391 0.04293218
58833.536586 25.042479 0.042925709
58833.537148 25.040616 0.041928196
58833.537706 25.052762 0.043900856
58833.538275 25.037012 0.039896219
58833.538843 25.087853 0.038936421
58833.539403 24.949953 0.035930757
58833.539961 25.018026 0.032939895
58833.540691 25.106164 0.033931435
58833.54127 25.054594 0.034937975
58833.541834 25.106562 0.033951276
58833.542384 25.058036 0.033939432
0.0 0.0 0.0
0.0 0.0 0.0
0.0 0.0 0.0
0.0 0.0 0.0
0.0 0.0 0.0
0.0 0.0 0.0
58833.54634 25.028016 0.02796841
58833.546924 25.137673 0.034948196
58833.547488 25.069007 0.034926043
58833.548053 25.081614 0.032929957
58833.548633 25.046216 0.027954685
58833.549203 25.063317 0.02896344
58833.549779 25.076442 0.029961032
58833.550355 25.169272 0.036942358
58833.550911 25.014355 0.027962107
58833.551466 25.058789 0.029947238
58833.552025 25.042692 0.034936301
58833.552609 25.11415 0.034949919
58833.553172 25.014421 0.03095086
58833.553736 25.103507 0.033941528
58833.554298 25.033776 0.027962289
58833.554862 25.045143 0.031960384
58833.55542 25.019868 0.031965408
58833.556007 25.039925 0.034953089
58833.556565 25.053214 0.033976647
58833.557125 25.05783 0.035971815
58833.557676 25.139267 0.036977095
58833.558245 25.038633 0.031966905
58833.558811 25.035464 0.033950747
58833.559373 25.025552 0.032939474
58833.559928 25.05382 0.036891759
58833.560497 25.099561 0.05262925
58833.561052 25.032406 0.033913198
58833.561629 25.19168 0.040924619
58833.562183 25.115432 0.038922998
58833.562742 25.000097 0.029942035
58833.563315 25.059975 0.034951679
58833.563889 25.113343 0.039859924
58833.564461 24.934242 0.038576857
58833.565019 25.041736 0.029931029
58833.565576 25.097639 0.020990424
58833.566153 25.185834 0.037909942
58833.566722 25.122291 0.027967829
58833.56729 25.019189 0.030944584
58833.56785 25.096098 0.032951536
58833.568406 25.050214 0.027969603
58833.568961 25.021003 0.025964589
58833.569533 25.014922 0.024973726
58833.570095 25.031058 0.025976181
58833.57065 25.07503 0.027980201
58833.57121 25.031777 0.02497389
58833.571768 25.028792 0.027951936
58833.572322 25.076104 0.027979597
58833.572898 25.015079 0.028961605
58833.573468 25.122753 0.034931523
58833.574037 25.098548 0.031914322
58833.574593 25.033159 0.031915676
58833.575159 25.191039 0.049606588
58833.575726 25.120719 0.035846307
58833.576286 25.07446 0.036849231
58833.576839 25.055477 0.033888543
58833.577403 25.015198 0.029927081
58833.577964 25.08346 0.031958951
58833.578544 25.010523 0.031947219
58833.579114 25.079895 0.032944531
58833.579688 25.044728 0.033916837
58833.580238 25.078708 0.034908505
58833.58081 25.00498 0.032868067
58833.581375 25.019298 0.032912757
58833.581944 25.015969 0.027930259
58833.582509 25.040214 0.027942836
58833.58308 25.115148 0.033924971
58833.583647 25.095335 0.034889918
58833.584215 25.077951 0.037800093
58833.584762 25.06522 0.031876408
58833.585316 25.042773 0.036828985
58833.585886 25.005209 0.026932514
58833.586442 25.077284 0.029934616
58833.587001 24.999717 0.031920933
58833.587566 25.044842 0.043852065
58833.58814 25.069891 0.03986105
58833.588711 25.062199 0.028959304
58833.589285 25.041568 0.024950517
58833.589857 25.06955 0.037767261
58833.590423 25.131673 0.040853433
58833.590994 24.982554 0.041780899
58833.591559 25.119768 0.064693756
58833.592112 25.060871 0.049730105
58833.592665 25.092008 0.054730329
58833.593224 25.080331 0.056763669
58833.593796 25.150587 0.060841034
58833.594369 25.206343 0.067715905
58833.59492 25.121006 0.063657151
58833.595528 25.081442 0.051795409
58833.596082 25.007607 0.04384369
58833.596665 25.181809 0.048862318
58833.597231 25.027876 0.038887619
58833.597797 25.105332 0.037908416
58833.59838 25.089058 0.032948112
58833.598947 25.015557 0.027952338
58833.599512 25.066983 0.035921546
58833.60009 25.184102 0.037937287
58833.600655 25.046052 0.033953099
58833.601221 25.077365 0.032944063
58833.601788 25.076224 0.035920462
58833.602358 25.059362 0.032955158
58833.602926 25.140501 0.038940505
58833.60349 25.097244 0.047817088
58833.604047 25.042792 0.031945877
58833.604615 25.099055 0.035901129
58833.605171 25.060304 0.037887513
58833.605736 25.076105 0.038902724
58833.606292 25.090347 0.041922905
58833.606846 25.051419 0.038858097
58833.607409 25.095586 0.042889657
58833.607972 25.112859 0.042872984
58833.608554 25.111688 0.045885909
58833.609122 25.025855 0.039893791
58833.609691 25.140214 0.043861842
58833.61027 25.111543 0.036896026
58833.610843 25.132212 0.035906743
58833.611415 25.115001 0.033867628
58833.611993 25.016213 0.034840723
58833.612577 25.057869 0.032857984
58833.613137 25.064832 0.037805824
58833.613696 25.039273 0.036779708
58833.614278 24.991978 0.033843977
58833.614853 25.042123 0.035822262
58833.615407 25.095399 0.036846777
58833.615983 25.073961 0.036876251
58833.616534 25.097476 0.037858732
58833.617093 25.148448 0.043885446
58833.617655 25.051089 0.037926368
58833.618216 25.06463 0.035920056
58833.618781 25.093999 0.035913621
58833.619336 25.128329 0.037908272
58833.619908 25.086351 0.037918526
0.0 0.0 0.0
58833.621073 25.084694 0.035942837
58833.621643 25.1253 0.042860316
58833.622212 25.018494 0.037916452
58833.622786 25.109448 0.045893266
58833.623339 25.106466 0.039903557
58833.623898 25.085377 0.038936504
58833.624467 25.061175 0.0369407
58833.625042 25.109561 0.036926281
58833.625625 25.070978 0.033937878
58833.626195 25.044946 0.031940226
58833.626758 25.080209 0.033941192
58833.627345 24.987838 0.031952312
58833.627901 25.071381 0.031963675
58833.628481 25.05702 0.031958946
58833.629058 25.074795 0.030931696
58833.629625 25.018955 0.030965617
58833.630194 25.055535 0.031964577
58833.630754 25.050878 0.029961319
58833.631339 24.966979 0.033914626
58833.631919 25.058972 0.039888829
58833.632476 25.052493 0.041889543
58833.633035 25.044541 0.037862595
58833.633609 24.954824 0.03779545
58833.634176 25.098615 0.046931827
58833.63477 25.139747 0.040900509
58833.63533 25.110307 0.036933584
58833.635896 25.097492 0.037898065
58833.636454 25.053275 0.030962949
58833.637031 25.00375 0.032938613
58833.637603 25.061202 0.03392339
58833.638178 24.976727 0.031911271
58833.638751 25.073802 0.037941348
58833.639317 25.008 0.032939733
58833.639885 25.099527 0.03194637
58833.640451 25.063121 0.033960389
58833.641017 25.116391 0.030955796
58833.641587 25.117042 0.032967896
58833.642165 25.034479 0.030960683
58833.642733 25.024155 0.030943325
58833.643298 25.022531 0.035960993
58833.643881 25.081827 0.033967631
58833.644463 25.08657 0.033966881
58833.645038 25.073679 0.03295095
58833.645621 25.027536 0.033946856
58833.646196 25.035441 0.035947903
58833.646775 25.06245 0.034967942
58833.647352 24.980351 0.030951221
58833.647947 25.0541 0.032946172
58833.648518 25.037019 0.036974567
58833.649091 25.0271 0.032970053
58833.649661 25.110808 0.036967639
58833.650234 25.036115 0.031971387
58833.650812 25.029754 0.031955702
58833.651385 25.061411 0.035948108
58833.651942 25.081243 0.035943022
58833.652501 25.041744 0.03396497
58833.653051 25.096336 0.033977631
58833.653627 25.028141 0.033977198
58833.654196 25.094807 0.036945734
58833.654761 25.055945 0.032970288
58833.655332 25.027178 0.0289506
58833.655903 25.041496 0.031974284
58833.656459 25.073568 0.032973852
58833.657018 25.033985 0.033975282
58833.657575 25.002493 0.036960168
58833.658134 25.094647 0.03796694
58833.658729 25.074299 0.037947847
58833.659291 25.043117 0.034971691
58833.659866 25.088331 0.039971628
58833.660428 25.052677 0.034947232
58833.660996 25.065533 0.034953522
58833.661568 25.017217 0.036948453
58833.662129 25.102069 0.036950398
58833.662686 25.107451 0.0439197
58833.663254 25.029642 0.035953411
58833.663845 25.131197 0.040952632
58833.664399 25.045046 0.039945626
58833.664959 25.084655 0.036968904
58833.66553 25.097566 0.035974777
58833.666087 25.054384 0.033973794
58833.666661 25.060067 0.03497731
58833.66724 25.091417 0.032979468
58833.667808 25.075694 0.037975083
58833.668374 25.011036 0.034982046
58833.66894 25.085019 0.040974618
58833.669515 25.064995 0.03997063
58833.670105 25.057148 0.03796758
58833.670664 25.090858 0.03996411
58833.671231 25.051406 0.043958281
58833.671792 25.041062 0.03896279
58833.672357 25.068952 0.040958724
58833.672921 25.072629 0.039974348
58833.6735 25.05245 0.042953631
58833.674063 25.088692 0.037971316
58833.674632 25.02243 0.04293605
58833.675223 25.083908 0.047901355
58833.67579 25.061851 0.043926769
58833.67635 25.074284 0.045933394
58833.676916 25.150019 0.051952605
58833.677484 25.072952 0.046951271
58833.678056 25.050768 0.045891756
58833.678616 25.082761 0.053860642
58833.679182 25.01699 0.054868416
58833.679761 25.000925 0.057813646
58833.680323 25.129241 0.078705804
58833.680894 24.992701 0.056785186
58833.681455 25.186224 0.075780312
58833.68202 25.060019 0.066848642
58833.682591 25.007684 0.060716524
58833.683157 25.061397 0.058885932
58833.683728 25.11641 0.059825301
58833.68429 24.978556 0.063781053
58833.684864 25.113389 0.05392087
58833.685427 25.122319 0.058915987
58833.686006 24.995557 0.05489241
58833.68663 25.034709 0.048921332
58833.687197 25.075821 0.046951136
58833.687766 25.000563 0.04795741
58833.688335 25.075828 0.045924297
58833.6889 25.105278 0.051920287
58833.689473 25.053073 0.046944711
58833.690035 25.09636 0.050915602
58833.690606 25.057677 0.049925061
58833.691182 25.058381 0.048937684
58833.691769 25.130209 0.049894632
58833.692334 25.083625 0.055885231
58833.692912 25.040017 0.048868773
58833.693482 25.021903 0.043935643
58833.694055 25.043169 0.044900865
58833.694629 25.07628 0.048949889
58833.695214 25.090788 0.052923628
58833.695788 25.108108 0.046949684
58833.696709 25.16114 0.051946782
58833.697282 25.100353 0.0628984
0.0 0.0 0.0
0.0 0.0 0.0
58833.698997 24.98828 0.054922911
0.0 0.0 0.0
58833.700162 25.023796 0.048939117
58833.700738 25.128225 0.054924089
58833.701314 25.069101 0.052952543
58833.701879 25.116338 0.073959323
58833.702433 25.109859 0.054961572
58833.702997 25.0701 0.046967968
58833.703569 25.034917 0.046966034
58833.704138 25.073273 0.048976895
58833.704693 25.036168 0.046967621
58833.705269 25.03801 0.043961987
58833.705842 25.072019 0.050932376
58833.706416 25.133623 0.055952563
58833.706995 25.08956 0.049974416
58833.70756 25.095693 0.051959429
58833.708139 25.013973 0.038966458
58833.708701 25.051317 0.047940168
58833.709269 25.04054 0.0439583
58833.709837 25.055075 0.04992994
58833.710398 25.001858 0.046936375
58833.710961 25.162854 0.052937988
58833.711531 25.113288 0.052941364
58833.712096 25.147657 0.053955666
58833.712678 25.029778 0.045953189
58833.713245 25.043026 0.043949026
58833.713811 25.070073 0.045940704
58833.71438 25.073419 0.046951767
58833.714942 25.043359 0.040959314
58833.715515 24.980218 0.039960355
58833.716099 25.044317 0.041969468
58833.716662 25.013135 0.044965917
58833.717217 25.029527 0.038964048
58833.717786 25.016206 0.042941062
58833.718352 25.056362 0.047952075
58833.718933 24.971395 0.04295683
58833.719515 25.063052 0.044945033
58833.720081 25.017379 0.047893904
58833.720652 25.130415 0.04496124
58833.721229 25.047157 0.038953447
58833.721798 25.015055 0.044952378
58833.722365 25.051577 0.042960352
58833.722938 25.028235 0.038960729
58833.723517 25.053971 0.044937323
58833.724095 25.074132 0.037967241
58833.724659 25.044048 0.04495763
58833.725228 25.052668 0.042958113
58833.725794 25.026198 0.046909476
58833.726369 25.164371 0.052897977
58833.726949 25.082156 0.048918219
58833.727521 25.126929 0.052895011
58833.728085 25.07644 0.042908927
58833.728659 25.114782 0.047946222
58833.729226 25.029212 0.043926082
58833.729803 25.085422 0.046921708
58833.730359 25.111657 0.042954931
0.0 0.0 0.0
0.0 0.0 0.0
0.0 0.0 0.0
0.0 0.0 0.0
0.0 0.0 0.0
58833.733759 25.083868 0.054898989
58833.734321 25.062115 0.053873533
58833.734879 25.030998 0.05690348
58833.735444 25.189904 0.064855174
58833.736003 25.123491 0.064876104
0.0 0.0 0.0
58833.737136 25.140525 0.068818424
58833.737691 25.047973 0.051905326
58833.738267 25.100242 0.061773725
58833.738823 25.097632 0.05288882
58833.739382 24.988215 0.052878959
58833.739948 25.130976 0.063850665
58833.740522 25.163242 0.066837997
58833.741085 25.09206 0.073638029
58833.741647 25.006766 0.052905097
58833.742215 25.049965 0.052903349
58833.742788 25.093464 0.053863792
58833.743365 25.047886 0.057894796
58833.743953 25.202267 0.067897434
58833.744526 25.088726 0.050919877
58833.745093 25.038269 0.049902837
58833.745664 25.110895 0.049923799
58833.746226 25.127582 0.050939064
58833.746789 25.155631 0.046937008
58833.747358 25.078054 0.046952825
58833.747921 25.095621 0.048949267
58833.748478 25.065924 0.042956358
58833.749035 25.049301 0.043956241
58833.749599 25.072866 0.041956427
58833.750168 25.081594 0.048907344
58833.750733 25.092003 0.048902399
58833.751298 25.054945 0.053792282
58833.751854 25.106895 0.055880283
58833.752416 25.027723 0.050916129
58833.752988 25.171122 0.04991848
58833.753539 25.079849 0.049896859
58833.7541 25.076841 0.04690326
58833.754655 25.06872 0.04393505
58833.75523 25.105655 0.046957082
0.0 0.0 0.0
58833.756377 25.145178 0.054946267
58833.756948 25.16926 0.05097086
58833.757519 25.128777 0.05196591
58833.758074 25.090478 0.050969468
58833.758639 25.075602 0.055926103
58833.759204 25.043517 0.064932355
58833.759765 25.208006 0.062935352
58833.760341 25.010767 0.052952418
58833.760921 25.128013 0.055961841
58833.761489 25.045602 0.069918599
58833.76205 25.067165 0.052945613
58833.762618 24.953462 0.05394443
58833.763196 25.012341 0.048938179
58833.763771 24.997503 0.047968128
58833.764345 25.088099 0.049957107
0.0 0.0 0.0
58833.765469 25.138348 0.051971823
58833.766035 24.982573 0.04896847
58833.766604 25.079222 0.056962219
58833.767179 25.125678 0.057959072
58833.767754 25.066592 0.051968254
58833.768337 25.01902 0.046958169
58833.768906 25.104685 0.051965435
0.0 0.0 0.0
0.0 0.0 0.0
58833.770609 25.145782 0.057964068
58833.771176 25.128143 0.072901323
58833.77175 25.087449 0.060932246
0.0 0.0 0.0
0.0 0.0 0.0
0.0 0.0 0.0
0.0 0.0 0.0
0.0 0.0 0.0
0.0 0.0 0.0
0.0 0.0 0.0
0.0 0.0 0.0
0.0 0.0 0.0
58833.777425 25.04665 0.058949178
58833.777996 25.154622 0.074915655
58833.778564 25.05935 0.059927501
58833.779126 25.00024 0.06390488
58833.779701 25.03276 0.06489674
58833.780275 25.045562 0.057903844
58833.780836 25.028989 0.07087845
58833.781394 25.123402 0.072871443
58833.781959 25.142069 0.067932659
58833.78252 25.114058 0.067932222
58833.783078 25.15329 0.06691266
0.0 0.0 0.0
0.0 0.0 0.0
58833.784791 25.124988 0.063953042
0.0 0.0 0.0
0.0 0.0 0.0
0.0 0.0 0.0
0.0 0.0 0.0
0.0 0.0 0.0
0.0 0.0 0.0
0.0 0.0 0.0
58833.789431 25.022086 0.04796789
58833.789993 25.089909 0.056966165
58833.790558 25.015875 0.046973432
58833.791114 25.03466 0.052955999
58833.791692 25.041391 0.046967624
58833.792254 24.98992 0.043964866
58833.792819 25.139458 0.050952537
58833.793386 25.047672 0.042951699
58833.793945 25.054311 0.046961264
58833.794517 25.091519 0.04496319
58833.79508 25.144669 0.045957675
58833.795646 25.067767 0.045955581
58833.796225 24.998982 0.034967418
58833.79679 25.16397 0.043973292
58833.797352 25.076845 0.044975093
58833.797908 25.026271 0.042974542
58833.798484 25.096811 0.044974983
58833.799061 24.973853 0.038961258
58833.799624 25.017838 0.03596967
58833.800185 25.09559 0.043965555
58833.800756 25.062117 0.045970245
58833.801313 25.088041 0.041970692
58833.801876 25.04127 0.04495982
58833.802443 25.038148 0.040956306
58833.803031 25.019326 0.040975669
58833.803608 25.028708 0.037972855
58833.804175 25.066669 0.040977701
58833.804741 25.068864 0.043972154
58833.805316 25.037458 0.037981561
58833.805876 25.077019 0.047967319
58833.806445 25.096213 0.043979664
58833.807016 25.071239 0.045968389
58833.807582 25.064153 0.045964734
58833.80816 25.134208 0.052972907
58833.808724 25.019774 0.045973262
58833.809281 25.07604 0.04096826
58833.809857 25.002976 0.045971747
58833.810432 24.986055 0.049973702
58833.811002 25.102584 0.056975461
58833.81157 25.088547 0.051977306
58833.812141 25.046781 0.044979174
58833.81271 25.131178 0.045981339
58833.813283 24.993081 0.040976139
58833.81385 25.110564 0.043976357
58833.814425 25.078887 0.041980335
58833.81499 25.042683 0.036975283
58833.815567 25.10995 0.04497725
58833.816133 25.003066 0.037969646
58833.816698 25.012336 0.044975287
58833.817289 25.063299 0.04296693
58833.817864 25.102806 0.047961925
58833.818429 25.09778 0.050968961
58833.819011 25.100164 0.047964844
58833.819573 25.118431 0.054966106
58833.820146 25.025362 0.045948154
58833.82073 25.040618 0.043959626
58833.821295 25.042277 0.046967944
58833.821869 25.026362 0.051968592
58833.822431 25.136102 0.058967501
58833.822986 25.113775 0.055969027
58833.823546 25.051271 0.055965848
58833.824122 25.074107 0.056961232
58833.82469 25.021222 0.056971043
58833.82527 25.044515 0.064966571
58833.825842 25.160388 0.056963209
58833.826414 25.067459 0.054962373
58833.826987 25.066196 0.049966621
58833.827559 25.11613 0.051961813
58833.828123 25.066641 0.049972808
58833.828694 25.070932 0.045968551
58833.829263 25.083177 0.046963978
58833.829826 25.089238 0.049964806
58833.830398 25.030779 0.045960222
58833.830961 25.104658 0.048955533
58833.831526 25.040663 0.040971572
58833.832097 25.096062 0.043971022
58833.83267 25.032912 0.039972066
58833.833228 25.021185 0.049956502
58833.833798 25.069492 0.046965746
58833.834371 25.036107 0.044963871
58833.834936 25.028287 0.041968083
58833.83551 25.095777 0.048970482
58833.836083 25.066355 0.042970883
58833.836648 25.053041 0.045949487
58833.837231 25.100039 0.050950417
58833.837806 24.997092 0.052911809
58833.83839 25.088468 0.047950702
58833.838952 24.992178 0.052934891
58833.839512 25.035281 0.050961399
58833.840078 25.04827 0.056955849
58833.840638 25.042916 0.051966857
58833.841214 25.080045 0.054965992
58833.841784 25.114735 0.049964337
58833.842354 25.06012 0.04797051
58833.842932 25.099486 0.050968274
58833.8435 25.179227 0.056962813
58833.844068 25.109937 0.047965103
58833.84464 25.116747 0.056964052
58833.845192 25.080445 0.052958948
58833.845764 25.040216 0.04497658
58833.846315 25.082848 0.051977064
58833.846882 25.118932 0.049977332
58833.847447 25.013973 0.052976235
58833.848017 25.136927 0.07096643
58833.848583 25.099016 0.067971459
58833.849139 25.046651 0.064958202
58833.849713 25.073882 0.058964598
58833.850286 25.094964 0.064971281
