HJD mag magerr
0.0 0.0 0.0
0.0 0.0 0.0
58833.527497 25.43623 0.16986172
58833.528073 25.516472 0.18069603
58833.52864 25.91727 0.18182138
0.0 0.0 0.0
58833.529794 25.645112 0.21445617
58833.530369 25.537505 0.11770362
58833.530936 25.782492 0.13382714
58833.531508 25.70832 0.10587351
58833.532068 25.530001 0.076898148
58833.532639 25.67911 0.092814767
58833.533201 25.485561 0.073908269
58833.533765 25.611687 0.079927032
58833.534319 25.572526 0.096749447
58833.534878 25.744777 0.092738881
58833.535457 25.662765 0.0828131
58833.536022 25.6687 0.07192344
58833.536586 25.563785 0.055933226
58833.537148 25.561221 0.052939421
58833.537706 25.620967 0.073866476
58833.538275 25.597119 0.05691838
58833.538843 25.670763 0.058938523
58833.539403 25.657663 0.056913933
58833.539961 25.754071 0.058885264
58833.540691 25.535915 0.043946209
58833.54127 25.509729 0.047939723
58833.541834 25.537952 0.046952446
58833.542384 25.631636 0.054953309
58833.542946 25.558018 0.043925782
58833.543507 25.621296 0.043960736
58833.544071 25.621947 0.043964904
58833.544644 25.633373 0.047940421
58833.545206 25.541018 0.046937665
58833.545767 25.597406 0.048961082
58833.54634 25.636886 0.044966686
58833.546924 25.646714 0.045937687
58833.547488 25.604653 0.048912191
58833.548053 25.662816 0.048925619
58833.548633 25.585527 0.040959757
58833.549203 25.597299 0.039955787
58833.549779 25.586263 0.038963044
58833.550355 25.687957 0.053955376
58833.550911 25.592122 0.040949376
58833.551466 25.61265 0.043929958
58833.552025 25.539451 0.050920691
58833.552609 25.509989 0.048912815
58833.553172 25.545259 0.04493009
58833.553736 25.594393 0.048927334
58833.554298 25.571329 0.04496658
58833.554862 25.575813 0.044968011
58833.55542 25.637912 0.046968267
58833.556007 25.54637 0.045980098
58833.556565 25.53188 0.050976764
58833.557125 25.619251 0.054967618
58833.557676 25.592954 0.053974139
58833.558245 25.533038 0.04595542
58833.558811 25.64455 0.047956298
58833.559373 25.699803 0.05490484
58833.559928 25.552602 0.054829828
58833.560497 25.756512 0.085708499
58833.561052 25.610115 0.049903422
58833.561629 25.572838 0.059849206
58833.562183 25.693727 0.055913677
58833.562742 25.545142 0.045937354
58833.563315 25.691334 0.051950059
58833.563889 25.63091 0.061847992
58833.564461 25.733725 0.063733091
58833.565019 25.675976 0.041937006
58833.565576 25.611341 0.036982953
58833.566153 25.65561 0.053900645
58833.566722 25.578842 0.039917969
58833.56729 25.692545 0.04494319
58833.56785 25.538596 0.046913441
58833.568406 25.600642 0.03696684
58833.568961 25.632348 0.036970461
58833.569533 25.601225 0.034969003
58833.570095 25.555159 0.030976634
58833.57065 25.609266 0.032985212
58833.57121 25.589179 0.035969529
58833.571768 25.628344 0.035960549
58833.572322 25.590561 0.036973843
58833.572898 25.594522 0.040953273
58833.573468 25.709771 0.055895833
58833.574037 25.547433 0.044901047
58833.574593 25.623669 0.044919506
58833.575159 25.803179 0.085526166
58833.575726 25.758274 0.060839824
58833.576286 25.688143 0.051877545
58833.576839 25.605311 0.049880827
58833.577403 25.676995 0.047928
58833.577964 25.584519 0.041932291
58833.578544 25.640247 0.046944462
58833.579114 25.638853 0.044902597
58833.579688 25.626445 0.048909516
58833.580238 25.559017 0.046883856
58833.58081 25.646798 0.053868146
58833.581375 25.533753 0.045839199
58833.581944 25.530786 0.041925055
58833.582509 25.598307 0.040948895
58833.58308 25.563239 0.050902315
58833.583647 25.757919 0.06482327
58833.584215 25.778345 0.071784783
58833.584762 25.748395 0.054862178
58833.585316 25.652984 0.058828507
58833.585886 25.617105 0.041934351
58833.586442 25.596204 0.046897529
58833.587001 25.645054 0.049836124
58833.587566 25.773505 0.076817977
58833.58814 25.695972 0.062802418
58833.588711 25.628203 0.034981141
58833.589285 25.669488 0.045918514
58833.589857 25.811792 0.065694832
58833.590423 25.503907 0.05967019
58833.590994 25.507846 0.057806073
58833.591559 25.68354 0.090726545
58833.592112 25.64247 0.074692581
58833.592665 25.659567 0.087704356
58833.593224 25.678883 0.089641328
58833.593796 25.682478 0.10777645
58833.594369 25.591078 0.1024457
58833.59492 25.771824 0.10266609
58833.595528 25.629706 0.073736248
58833.596082 25.61026 0.065852225
58833.596665 25.597425 0.06785713
58833.597231 25.722439 0.061837969
58833.597797 25.718798 0.054893765
58833.59838 25.577062 0.044913541
58833.598947 25.60174 0.043930826
58833.599512 25.635077 0.051906416
58833.60009 25.61635 0.052933707
58833.600655 25.603945 0.048942708
58833.601221 25.655432 0.049942863
58833.601788 25.674525 0.056906029
58833.602358 25.671081 0.050923284
58833.602926 25.596828 0.055922978
58833.60349 25.64719 0.074791899
58833.604047 25.539873 0.042927758
58833.604615 25.677801 0.062879478
58833.605171 25.516245 0.062860816
58833.605736 25.604308 0.059878911
58833.606292 25.67002 0.06586489
58833.606846 25.665068 0.064852287
58833.607409 25.730683 0.076865131
58833.607972 25.703964 0.067831711
58833.608554 25.561984 0.065839906
58833.609122 25.660663 0.064866382
58833.609691 25.725217 0.068850632
58833.61027 25.6042 0.053886009
58833.610843 25.606919 0.0468824
58833.611415 25.658683 0.050781557
58833.611993 25.58869 0.052853657
58833.612577 25.630579 0.052837784
58833.613137 25.699159 0.058813513
58833.613696 25.651435 0.060753601
58833.614278 25.677595 0.054839912
58833.614853 25.736338 0.061803204
58833.615407 25.571421 0.056762553
58833.615983 25.615278 0.055858094
58833.616534 25.772843 0.056806452
58833.617093 25.56614 0.068871442
58833.617655 25.634713 0.058907406
58833.618216 25.618182 0.051902345
58833.618781 25.595567 0.05694382
58833.619336 25.610893 0.054916274
58833.619908 25.636203 0.061903863
58833.620489 25.555049 0.049916819
58833.621073 25.621546 0.052911898
58833.621643 25.750521 0.064833138
58833.622212 25.618165 0.053909427
58833.622786 25.63237 0.070798178
58833.623339 25.711404 0.061888333
58833.623898 25.581848 0.059904264
58833.624467 25.531956 0.051923663
58833.625042 25.640078 0.049909781
58833.625625 25.581607 0.046942502
58833.626195 25.582583 0.043939542
58833.626758 25.611493 0.052920843
58833.627345 25.591432 0.043950097
58833.627901 25.667015 0.051963794
58833.628481 25.67922 0.045947478
58833.629058 25.672718 0.045959934
58833.629625 25.680273 0.048952489
58833.630194 25.672416 0.045955087
58833.630754 25.51289 0.044960668
58833.631339 25.513832 0.047918503
58833.631919 25.778453 0.07482372
58833.632476 25.630099 0.067824842
58833.633035 25.683951 0.05981759
58833.633609 25.588744 0.058895128
58833.634176 25.489704 0.074925275
58833.63477 25.662684 0.065850166
58833.63533 25.523027 0.04695878
58833.635896 25.681746 0.058925039
58833.636454 25.594301 0.047944299
58833.637031 25.582272 0.049877826
58833.637603 25.571472 0.056905376
58833.638178 25.670045 0.057886505
58833.638751 25.646002 0.051949795
58833.639317 25.599257 0.049951959
58833.639885 25.557047 0.048965846
58833.640451 25.613615 0.042976495
58833.641017 25.525821 0.043963504
58833.641587 25.585684 0.041962406
58833.642165 25.618383 0.053959684
58833.642733 25.687377 0.052954408
58833.643298 25.553395 0.056949638
58833.643881 25.62979 0.049956288
58833.644463 25.611396 0.048962545
58833.645038 25.563928 0.049958237
58833.645621 25.590406 0.048934786
58833.646196 25.556227 0.051932088
58833.646775 25.523448 0.04396839
58833.647352 25.728293 0.051967642
58833.647947 25.597551 0.052948088
58833.648518 25.552432 0.046973902
58833.649091 25.620707 0.051935247
58833.649661 25.563795 0.047971441
58833.650234 25.57029 0.045972464
58833.650812 25.591284 0.046963287
58833.651385 25.546941 0.051930054
58833.651942 25.560746 0.049955305
58833.652501 25.657268 0.05196595
58833.653051 25.64506 0.05394396
58833.653627 25.629177 0.049971063
58833.654196 25.644531 0.052952776
58833.654761 25.626963 0.046959594
58833.655332 25.581715 0.051958034
58833.655903 25.602565 0.055963952
58833.656459 25.564286 0.049975353
58833.657018 25.646185 0.051970428
58833.657575 25.572008 0.052972476
58833.658134 25.528085 0.045966901
58833.658729 25.564339 0.050960191
58833.659291 25.667749 0.053971878
58833.659866 25.62861 0.051972872
58833.660428 25.613882 0.047969243
58833.660996 25.568106 0.052960247
58833.661568 25.554145 0.054960855
58833.662129 25.620876 0.05995758
58833.662686 25.533208 0.062937747
58833.663254 25.614724 0.052972266
58833.663845 25.639318 0.064942926
58833.664399 25.523847 0.054954512
58833.664959 25.558707 0.060970717
58833.66553 25.610962 0.054975772
58833.666087 25.660197 0.057980718
58833.666661 25.598486 0.049977654
58833.66724 25.590945 0.047981302
58833.667808 25.548685 0.055976739
58833.668374 25.522108 0.04898213
58833.66894 25.577622 0.0489767
58833.669515 25.564223 0.050974471
58833.670105 25.567569 0.061962099
58833.670664 25.555318 0.051954044
58833.671231 25.603595 0.067959992
58833.671792 25.504074 0.060958723
58833.672357 25.59738 0.069950885
58833.672921 25.562235 0.065951059
58833.6735 25.537619 0.061975794
58833.674063 25.513716 0.053974761
58833.674632 25.581002 0.06595174
58833.675223 25.531175 0.067896588
58833.67579 25.625375 0.071943993
58833.67635 25.506587 0.064931746
58833.676916 25.579265 0.065954241
58833.677484 25.688885 0.082949929
58833.678056 25.545143 0.076939603
58833.678616 25.511396 0.076839042
58833.679182 25.6301 0.094851825
58833.679761 25.572268 0.082846493
58833.680323 25.5998 0.1205506
58833.680894 25.559118 0.093847793
58833.681455 25.57364 0.10265649
58833.68202 25.5286 0.090747054
58833.682591 25.541717 0.10568605
58833.683157 25.426169 0.076863691
58833.683728 25.669458 0.10385384
58833.68429 25.610252 0.09873675
58833.684864 25.611506 0.084911593
0.0 0.0 0.0
58833.686006 25.625008 0.087870763
58833.68663 25.599247 0.078944913
58833.687197 25.567061 0.07594444
58833.687766 25.546449 0.076915646
58833.688335 25.586375 0.067948865
58833.6889 25.614494 0.07395843
58833.689473 25.691437 0.078936389
58833.690035 25.607567 0.071927928
58833.690606 25.559374 0.071936436
58833.691182 25.640059 0.084923012
58833.691769 25.52905 0.065918496
58833.692334 25.595958 0.082868899
58833.692912 25.678253 0.082910457
58833.693482 25.640495 0.069928873
58833.694055 25.567006 0.068947343
58833.694629 25.470799 0.068930671
58833.695214 25.508061 0.067945239
58833.695788 25.510881 0.071937606
58833.696709 25.511468 0.072939959
58833.697282 25.613038 0.091856183
58833.697854 25.513097 0.080926415
58833.698426 25.472003 0.073939636
58833.698997 25.608886 0.08394695
58833.699574 25.7565 0.089946962
58833.700162 25.636436 0.076964052
58833.700738 25.457895 0.07393958
58833.701314 25.644881 0.07895916
58833.701879 25.703223 0.1159414
58833.702433 25.551995 0.078969413
58833.702997 25.518473 0.062974069
58833.703569 25.556513 0.067960712
58833.704138 25.49297 0.066970636
58833.704693 25.536182 0.071971329
58833.705269 25.553066 0.065955298
58833.705842 25.621052 0.075961307
58833.706416 25.564727 0.08394665
58833.706995 25.542348 0.060968687
58833.70756 25.548896 0.070964538
58833.708139 25.562615 0.063968643
58833.708701 25.560068 0.072966065
58833.709269 25.582446 0.070953665
58833.709837 25.672572 0.071959735
58833.710398 25.572909 0.074953113
58833.710961 25.562344 0.08194248
58833.711531 25.565068 0.079949029
58833.712096 25.579525 0.074950653
58833.712678 25.525351 0.068941982
58833.713245 25.642641 0.0689528
58833.713811 25.59842 0.060953312
58833.71438 25.652055 0.06696511
58833.714942 25.542872 0.061967709
58833.715515 25.576099 0.066951122
58833.716099 25.57402 0.059970683
58833.716662 25.789984 0.085970962
58833.717217 25.743772 0.079932913
58833.717786 25.617746 0.074952051
58833.718352 25.670537 0.071959364
58833.718933 25.508998 0.067953189
58833.719515 25.587917 0.070954478
58833.720081 25.633292 0.075922189
58833.720652 25.686462 0.083939766
58833.721229 25.647618 0.067956825
58833.721798 25.645531 0.075935549
58833.722365 25.6289 0.061963744
58833.722938 25.636232 0.060967962
58833.723517 25.532853 0.059964234
58833.724095 25.489759 0.048968509
58833.724659 25.558104 0.061949802
58833.725228 25.700098 0.060965204
58833.725794 25.603679 0.06794687
58833.726369 25.676347 0.078895814
58833.726949 25.633205 0.079853288
58833.727521 25.658825 0.079914813
58833.728085 25.571054 0.061932178
58833.728659 25.551605 0.067939112
58833.729226 25.698222 0.071945486
58833.729803 25.553759 0.064955318
58833.730359 25.554033 0.058945726
58833.730924 25.666282 0.065967536
58833.731502 25.638943 0.073951633
58833.732059 25.764314 0.093889016
58833.732632 25.599624 0.074904446
58833.733194 25.693216 0.079914243
58833.733759 25.449176 0.074813256
58833.734321 25.549664 0.077906719
58833.734879 25.474011 0.083880887
58833.735444 25.596233 0.08784908
58833.736003 25.644718 0.11585103
58833.736571 25.546127 0.097860828
58833.737136 25.458012 0.083845529
58833.737691 25.445515 0.069920525
58833.738267 25.520026 0.098751713
58833.738823 25.568735 0.078865722
58833.739382 25.628107 0.088867496
58833.739948 25.568952 0.088846622
58833.740522 25.521088 0.098817626
58833.741085 25.737569 0.12168858
58833.741647 25.638998 0.095892357
58833.742215 25.690481 0.086910504
58833.742788 25.686814 0.095846765
58833.743365 25.581259 0.090904157
58833.743953 25.793224 0.10787486
58833.744526 25.42813 0.071861863
58833.745093 25.598777 0.069931564
58833.745664 25.6594 0.082935216
58833.746226 25.520261 0.074931356
58833.746789 25.566422 0.066947842
58833.747358 25.617929 0.067956083
58833.747921 25.557852 0.066954231
58833.748478 25.558473 0.062949402
58833.749035 25.54871 0.06695846
58833.749599 25.602785 0.06696003
58833.750168 25.6403 0.072893347
58833.750733 25.624996 0.073906744
58833.751298 25.692766 0.083876241
58833.751854 25.57667 0.087780272
58833.752416 25.597337 0.076897353
58833.752988 25.570024 0.074907712
58833.753539 25.671665 0.06891716
58833.7541 25.538353 0.062948685
58833.754655 25.469207 0.060947621
58833.75523 25.554414 0.063960918
58833.755803 25.700837 0.089951574
58833.756377 25.652152 0.074957606
58833.756948 25.523861 0.06795291
58833.757519 25.557868 0.074959034
58833.758074 25.570715 0.072960985
58833.758639 25.53416 0.080932767
58833.759204 25.816331 0.12391033
58833.759765 25.548794 0.07595487
58833.760341 25.536435 0.080959382
58833.760921 25.444431 0.071955913
58833.761489 25.668757 0.10490829
58833.76205 25.490251 0.075956536
58833.762618 25.612879 0.08593363
58833.763196 25.491568 0.06596972
58833.763771 25.604991 0.076970225
58833.764345 25.557417 0.075964176
58833.764904 25.613421 0.074964802
58833.765469 25.700943 0.073967803
58833.766035 25.589581 0.086964374
58833.766604 25.617961 0.086961026
58833.767179 25.572137 0.077966963
58833.767754 25.5246 0.084972422
58833.768337 25.590484 0.078949352
58833.768906 25.604908 0.07796401
58833.769468 25.705123 0.10495293
58833.770037 25.611469 0.089961164
58833.770609 25.472203 0.087963908
58833.771176 25.611228 0.099919245
58833.77175 25.596102 0.096937693
58833.772312 25.654739 0.1169268
58833.772873 25.866345 0.14288023
58833.773436 25.483035 0.11485664
58833.774013 25.743954 0.15577826
58833.774581 25.646785 0.11385528
58833.775149 25.71762 0.12490578
58833.775718 25.532117 0.098896577
58833.776274 25.690862 0.11389209
58833.776849 25.363301 0.087938856
58833.777425 25.755118 0.13293852
58833.777996 25.713008 0.11590748
58833.778564 25.399262 0.085940173
58833.779126 25.542923 0.10192261
58833.779701 25.633958 0.10389792
58833.780275 25.635023 0.093906058
58833.780836 25.839166 0.1278514
58833.781394 25.574058 0.11289199
58833.781959 25.63012 0.096915397
58833.78252 25.611729 0.10292651
58833.783078 25.644772 0.10990465
58833.783656 25.724248 0.10993294
58833.784224 25.566372 0.092953103
58833.784791 25.660518 0.093942047
58833.785359 25.622752 0.090953406
58833.785923 25.559362 0.072957401
58833.786499 25.716597 0.099958168
58833.787075 25.46519 0.077945758
58833.787657 25.529777 0.082957815
58833.788243 25.512105 0.083950022
0.0 0.0 0.0
58833.789431 25.540293 0.075963773
58833.789993 25.478852 0.074957851
58833.790558 25.738132 0.085976367
58833.791114 25.490424 0.080960963
58833.791692 25.584372 0.078973479
58833.792254 25.635017 0.067964012
58833.792819 25.625686 0.064967932
58833.793386 25.533341 0.061960465
58833.793945 25.604899 0.069965436
58833.794517 25.516327 0.066960581
58833.79508 25.678725 0.073960409
58833.795646 25.509478 0.062973243
58833.796225 25.449909 0.051971779
58833.79679 25.612789 0.067974423
58833.797352 25.608803 0.061976243
58833.797908 25.65009 0.063971561
58833.798484 25.563912 0.064972918
58833.799061 25.658599 0.06197646
58833.799624 25.537527 0.062955144
58833.800185 25.46749 0.053975866
58833.800756 25.637142 0.069966899
58833.801313 25.645915 0.06495223
58833.801876 25.689604 0.068964478
58833.802443 25.638059 0.069963608
58833.803031 25.5178 0.064975218
58833.803608 25.669697 0.071968816
58833.804175 25.573097 0.064974954
58833.804741 25.619758 0.058978752
58833.805316 25.587571 0.072977181
58833.805876 25.545424 0.07196551
58833.806445 25.508155 0.067977439
58833.807016 25.568446 0.070973605
58833.807582 25.66066 0.086960438
58833.80816 25.540697 0.07696707
58833.808724 25.59384 0.071976963
58833.809281 25.587332 0.066967324
58833.809857 25.679636 0.077973698
58833.810432 25.588111 0.080975165
58833.811002 25.643276 0.083971776
58833.81157 25.59078 0.072974061
58833.812141 25.517975 0.066975531
58833.81271 25.642688 0.059977376
58833.813283 25.576998 0.065971664
58833.81385 25.64819 0.058973539
58833.814425 25.515745 0.056975788
58833.81499 25.580343 0.059978439
58833.815567 25.514536 0.066971623
58833.816133 25.61539 0.073975366
58833.816698 25.572067 0.078970159
58833.817289 25.760474 0.078951438
58833.817864 25.690977 0.087966111
58833.818429 25.544801 0.067967207
58833.819011 25.626985 0.076961817
58833.819573 25.608031 0.08096077
58833.820146 25.60438 0.068957781
58833.82073 25.611441 0.062965475
58833.821295 25.557159 0.072959008
58833.821869 25.492676 0.07097062
58833.822431 25.792163 0.1009674
58833.822986 25.749509 0.093971766
58833.823546 25.58824 0.091963882
58833.824122 25.696066 0.10395939
58833.82469 25.651703 0.098948262
58833.82527 25.492159 0.090969657
58833.825842 25.604876 0.091967559
58833.826414 25.500842 0.081956016
58833.826987 25.683421 0.088964079
58833.827559 25.775188 0.092959655
58833.828123 25.718856 0.094967294
58833.828694 25.566768 0.068949386
58833.829263 25.486709 0.072960905
58833.829826 25.597525 0.073959565
58833.830398 25.681182 0.086939842
58833.830961 25.59462 0.063947724
58833.831526 25.685279 0.064967018
58833.832097 25.542089 0.06496001
58833.83267 25.585577 0.064951915
58833.833228 25.489573 0.065964432
58833.833798 25.721272 0.072961439
58833.834371 25.563602 0.077941532
58833.834936 25.520919 0.062961829
58833.83551 25.653011 0.067956425
58833.836083 25.618741 0.068967713
58833.836648 25.432311 0.063941977
58833.837231 25.59614 0.07496145
58833.837806 25.61204 0.080929375
58833.83839 25.637058 0.081946883
58833.838952 25.687781 0.095925885
0.0 0.0 0.0
58833.840078 25.689288 0.10095896
58833.840638 25.603843 0.07495262
58833.841214 25.582116 0.081963826
58833.841784 25.729422 0.076969089
58833.842354 25.536064 0.069966723
58833.842932 25.601393 0.085962131
58833.8435 25.435043 0.070959425
58833.844068 25.594812 0.077968492
58833.84464 25.528823 0.068968055
58833.845192 25.579332 0.075970884
58833.845764 25.48299 0.067977512
58833.846315 25.458522 0.067972726
58833.846882 25.385482 0.064975031
58833.847447 25.488705 0.082974116
58833.848017 25.539829 0.083960482
58833.848583 25.688835 0.11096812
58833.849139 25.565966 0.099965229
58833.849713 25.54158 0.081956846
58833.850286 25.690742 0.096970271
