HJD mag magerr
0.0 0.0 0.0
0.0 0.0 0.0
58833.527497 25.535691 0.1818249
58833.528073 25.449487 0.16167961
58833.52864 25.918482 0.18082473
58833.529223 25.417811 0.15561251
58833.529794 25.545158 0.18560926
58833.530369 25.544823 0.13175273
58833.530936 25.663031 0.12289438
58833.531508 25.552471 0.087887431
58833.532068 25.559108 0.081904461
58833.532639 25.792549 0.10289225
58833.533201 25.614663 0.075929901
58833.533765 25.697383 0.086934763
58833.534319 25.743642 0.11271995
58833.534878 25.644599 0.082804745
58833.535457 25.616559 0.075828728
58833.536022 25.701126 0.075922106
58833.536586 25.543358 0.060939705
58833.537148 25.664252 0.061933801
58833.537706 25.651356 0.072881582
58833.538275 25.65261 0.060925376
58833.538843 25.57618 0.052930004
58833.539403 25.654106 0.06292948
58833.539961 25.650315 0.056941988
58833.540691 25.615745 0.045961349
58833.54127 25.588259 0.053927288
58833.541834 25.561391 0.047944272
58833.542384 25.595006 0.056937371
58833.542946 25.672841 0.053933307
58833.543507 25.583959 0.046951416
58833.544071 25.602739 0.043969499
58833.544644 25.647962 0.045962412
58833.545206 25.64549 0.047936287
58833.545767 25.629124 0.047951556
58833.54634 25.706443 0.043961215
58833.546924 25.752703 0.052942185
58833.547488 25.675297 0.051936011
58833.548053 25.640412 0.045942432
58833.548633 25.638975 0.043961693
58833.549203 25.636682 0.043958117
58833.549779 25.636018 0.048955798
58833.550355 25.620411 0.050941639
58833.550911 25.56981 0.038935243
58833.551466 25.637793 0.044940994
58833.552025 25.64748 0.053914541
58833.552609 25.570588 0.056913761
58833.553172 25.690958 0.059940992
58833.553736 25.591925 0.040951901
58833.554298 25.703185 0.048963878
58833.554862 25.613157 0.043962896
58833.55542 25.606631 0.045975397
58833.556007 25.644579 0.048979422
58833.556565 25.615006 0.054976919
58833.557125 25.580076 0.043973065
58833.557676 25.617059 0.056978248
58833.558245 25.651408 0.050962063
58833.558811 25.661491 0.051945531
58833.559373 25.751237 0.054933621
58833.559928 25.800963 0.067858479
58833.560497 25.736557 0.080793779
58833.561052 25.697311 0.049910087
58833.561629 25.751233 0.071901219
58833.562183 25.585503 0.053941507
58833.562742 25.682149 0.047946213
58833.563315 25.679017 0.054947334
58833.563889 25.573797 0.056832785
58833.564461 25.758277 0.071760119
58833.565019 25.519862 0.033959911
58833.565576 25.605639 0.03498735
58833.566153 25.555409 0.04592461
58833.566722 25.625002 0.043942098
58833.56729 25.745705 0.049938753
58833.56785 25.576882 0.048904333
58833.568406 25.60975 0.038972648
58833.568961 25.60312 0.035974347
58833.569533 25.615144 0.033980667
58833.570095 25.583323 0.037972011
58833.57065 25.586482 0.039983062
58833.57121 25.586783 0.034973627
58833.571768 25.601466 0.037973954
58833.572322 25.668543 0.034969149
58833.572898 25.591464 0.041957968
58833.573468 25.632253 0.050860331
58833.574037 25.616161 0.053895005
58833.574593 25.789075 0.049907094
58833.575159 25.634527 0.069717706
58833.575726 25.643156 0.053802721
58833.576286 25.644468 0.055840118
58833.576839 25.732331 0.053869546
58833.577403 25.654476 0.044950922
58833.577964 25.659116 0.042956757
58833.578544 25.580771 0.043935792
58833.579114 25.62774 0.040955841
58833.579688 25.76822 0.055916483
58833.580238 25.64079 0.050906351
58833.58081 25.62925 0.049919151
58833.581375 25.697214 0.052799648
58833.581944 25.697095 0.048908385
58833.582509 25.687521 0.042945177
58833.58308 25.645605 0.052907871
58833.583647 25.607991 0.051870189
58833.584215 25.522536 0.056780801
58833.584762 25.640412 0.051881218
58833.585316 25.575013 0.052847198
58833.585886 25.673191 0.04491968
58833.586442 25.672513 0.046930272
58833.587001 25.60895 0.044919462
58833.587566 25.644813 0.067860526
58833.58814 25.70233 0.064888492
58833.588711 25.690299 0.043963163
58833.589285 25.754694 0.050930492
58833.589857 25.585737 0.049770455
58833.590423 25.725982 0.071761712
58833.590994 25.538091 0.058799573
58833.591559 25.66976 0.090723887
58833.592112 25.648018 0.08175243
58833.592665 25.498098 0.071739383
58833.593224 25.65808 0.087812022
58833.593796 25.694419 0.11381234
58833.594369 25.846698 0.13750126
58833.59492 25.492219 0.08374763
58833.595528 25.729224 0.085775612
58833.596082 25.671575 0.075858416
58833.596665 25.738704 0.075858675
58833.597231 25.57238 0.062833918
58833.597797 25.579239 0.051909769
58833.59838 25.63078 0.045947579
58833.598947 25.642714 0.045937147
58833.599512 25.594178 0.051917902
58833.60009 25.571975 0.047938683
58833.600655 25.694684 0.052946208
58833.601221 25.632339 0.045922607
58833.601788 25.608407 0.050945165
58833.602358 25.720453 0.056929205
58833.602926 25.642916 0.059895989
58833.60349 25.610357 0.076811549
58833.604047 25.671782 0.054924849
58833.604615 25.654309 0.060886193
58833.605171 25.695501 0.073829914
58833.605736 25.649664 0.068887239
58833.606292 25.60207 0.063888547
58833.606846 25.685861 0.065863937
58833.607409 25.653398 0.060881034
58833.607972 25.815683 0.078906152
58833.608554 25.573251 0.069849454
58833.609122 25.512471 0.056899236
58833.609691 25.747722 0.073836683
58833.61027 25.619504 0.053894107
58833.610843 25.679318 0.054889729
58833.611415 25.758823 0.056872436
58833.611993 25.723245 0.059853914
58833.612577 25.708765 0.053849942
58833.613137 25.77427 0.068848139
58833.613696 25.735876 0.06282705
58833.614278 25.650413 0.051872141
58833.614853 25.70018 0.062804332
58833.615407 25.683039 0.061842087
58833.615983 25.659102 0.058870354
58833.616534 25.610609 0.047901468
58833.617093 25.612776 0.064893644
58833.617655 25.689365 0.052926023
58833.618216 25.616158 0.050930575
58833.618781 25.662051 0.061938551
58833.619336 25.641107 0.054927868
58833.619908 25.672643 0.0639156
58833.620489 25.628676 0.051923551
58833.621073 25.648969 0.051933884
58833.621643 25.620754 0.060903841
58833.622212 25.696297 0.055915482
58833.622786 25.65356 0.068878334
58833.623339 25.639186 0.057924863
58833.623898 25.637107 0.055910833
58833.624467 25.562081 0.053933403
58833.625042 25.627671 0.048922563
58833.625625 25.666512 0.051930297
58833.626195 25.61323 0.044941612
58833.626758 25.580993 0.048895177
58833.627345 25.607094 0.046956594
58833.627901 25.668396 0.050956041
58833.628481 25.691126 0.04895744
58833.629058 25.607234 0.044953977
58833.629625 25.654466 0.044958061
58833.630194 25.57745 0.046958764
58833.630754 25.602832 0.051962953
58833.631339 25.718284 0.058899609
58833.631919 25.71774 0.070802343
58833.632476 25.595231 0.067831914
58833.633035 25.647575 0.059880494
58833.633609 25.612341 0.061872393
58833.634176 25.838541 0.11291901
58833.63477 25.600264 0.062903576
58833.63533 25.526054 0.051947213
58833.635896 25.750396 0.060918651
58833.636454 25.602415 0.047961513
58833.637031 25.56156 0.05189102
58833.637603 25.652952 0.058937909
58833.638178 25.574964 0.051902583
58833.638751 25.574869 0.047957873
58833.639317 25.665339 0.054954759
58833.639885 25.631243 0.049959113
58833.640451 25.518156 0.044977371
58833.641017 25.640963 0.044974491
58833.641587 25.586745 0.050958293
58833.642165 25.658389 0.051962186
58833.642733 25.619535 0.048962132
58833.643298 25.562726 0.05095661
58833.643881 25.648198 0.050946066
58833.644463 25.653944 0.048976409
58833.645038 25.608646 0.049964225
58833.645621 25.649913 0.049942739
58833.646196 25.571449 0.046944839
58833.646775 25.613225 0.053961254
58833.647352 25.597081 0.050965394
58833.647947 25.612575 0.054937784
58833.648518 25.679991 0.058978105
58833.649091 25.59476 0.050966985
58833.649661 25.620211 0.050974819
58833.650234 25.602044 0.047974916
58833.650812 25.54917 0.04496893
58833.651385 25.555476 0.047961678
58833.651942 25.583682 0.047962306
58833.652501 25.582075 0.047972831
58833.653051 25.657797 0.057978068
58833.653627 25.611309 0.048974182
58833.654196 25.648232 0.053958275
58833.654761 25.595452 0.052965926
58833.655332 25.550961 0.046973767
58833.655903 25.603097 0.056976924
58833.656459 25.683215 0.049977512
58833.657018 25.564974 0.048980829
58833.657575 25.559597 0.051980893
58833.658134 25.511494 0.051973279
58833.658729 25.630839 0.052962692
58833.659291 25.639365 0.052967651
58833.659866 25.667443 0.048979572
58833.660428 25.638716 0.057962878
58833.660996 25.640136 0.051965256
58833.661568 25.538383 0.054963261
58833.662129 25.60632 0.055947286
58833.662686 25.632034 0.063940027
58833.663254 25.711282 0.052976433
58833.663845 25.540097 0.063919784
58833.664399 25.637428 0.063959962
58833.664959 25.605006 0.0619763
58833.66553 25.655909 0.054971878
58833.666087 25.662154 0.059978819
58833.666661 25.598857 0.051980068
58833.66724 25.644531 0.043984338
58833.667808 25.541138 0.054981332
58833.668374 25.654282 0.05297836
58833.66894 25.655607 0.061972829
58833.669515 25.739946 0.065969652
58833.670105 25.637817 0.063961926
58833.670664 25.547058 0.057960226
58833.671231 25.546626 0.063963984
58833.671792 25.64235 0.062958845
58833.672357 25.656731 0.073960297
58833.672921 25.597806 0.060958097
58833.6735 25.57379 0.067973467
58833.674063 25.617885 0.058977224
58833.674632 25.595181 0.065958455
58833.675223 25.565853 0.067907286
58833.67579 25.585046 0.070948609
58833.67635 25.527708 0.069939876
58833.676916 25.505602 0.066958997
58833.677484 25.597078 0.075952835
58833.678056 25.670326 0.072947394
58833.678616 25.553313 0.084850063
58833.679182 25.692866 0.093869722
58833.679761 25.598068 0.086799454
58833.680323 25.748778 0.13259026
58833.680894 25.827127 0.1098017
58833.681455 25.714421 0.12367255
58833.68202 25.606062 0.1007833
58833.682591 25.584783 0.10277609
58833.683157 25.613614 0.097876875
58833.683728 25.596361 0.084864636
58833.68429 25.557165 0.095772503
58833.684864 25.77457 0.09492032
58833.685427 25.64443 0.084913184
58833.686006 25.643672 0.08988734
58833.68663 25.632072 0.074947714
58833.687197 25.476917 0.066962862
58833.687766 25.552865 0.080950408
58833.688335 25.63383 0.080959097
58833.6889 25.729052 0.0789475
58833.689473 25.619705 0.078942034
58833.690035 25.73834 0.079941019
58833.690606 25.629335 0.069917554
58833.691182 25.766973 0.072950499
58833.691769 25.603629 0.072931341
58833.692334 25.654904 0.088887735
58833.692912 25.708743 0.082916397
58833.693482 25.521104 0.065933038
58833.694055 25.575574 0.069935151
58833.694629 25.684396 0.077957225
58833.695214 25.606842 0.083950718
58833.695788 25.550517 0.071944624
58833.696709 25.649645 0.078944113
58833.697282 25.544398 0.08990602
58833.697854 25.772369 0.094925185
58833.698426 25.652278 0.07994479
58833.698997 25.48482 0.082930693
58833.699574 25.623425 0.076962824
58833.700162 25.509895 0.064967772
58833.700738 25.786507 0.097954384
58833.701314 25.532078 0.070956049
58833.701879 25.641265 0.1179591
58833.702433 25.48089 0.084972693
58833.702997 25.74944 0.069975617
58833.703569 25.546664 0.069963172
58833.704138 25.597686 0.072978607
58833.704693 25.750688 0.092973261
58833.705269 25.627417 0.070963966
58833.705842 25.671254 0.083951692
58833.706416 25.697428 0.094940133
58833.706995 25.520402 0.07197233
58833.70756 25.606938 0.078957399
58833.708139 25.661491 0.068960395
58833.708701 25.689495 0.073967435
58833.709269 25.584633 0.070968085
58833.709837 25.539789 0.068965416
58833.710398 25.56938 0.069969139
58833.710961 25.502016 0.070934759
58833.711531 25.646672 0.080953864
58833.712096 25.616712 0.084950157
58833.712678 25.662018 0.074948252
58833.713245 25.567455 0.07195692
58833.713811 25.521722 0.058959979
58833.71438 25.591767 0.068966397
58833.714942 25.613823 0.055961641
58833.715515 25.642451 0.061959462
58833.716099 25.614938 0.059972382
58833.716662 25.57326 0.070973695
58833.717217 25.669437 0.067970718
58833.717786 25.66814 0.06795861
58833.718352 25.626428 0.073951333
58833.718933 25.587253 0.07595681
58833.719515 25.630934 0.068954317
58833.720081 25.628775 0.078942602
58833.720652 25.630531 0.0789571
58833.721229 25.551106 0.066946257
58833.721798 25.474663 0.063945814
58833.722365 25.687522 0.067954175
58833.722938 25.595862 0.062971185
58833.723517 25.695107 0.059955925
58833.724095 25.571346 0.056962587
58833.724659 25.567969 0.063957491
58833.725228 25.607046 0.062959576
58833.725794 25.560592 0.065958393
58833.726369 25.641539 0.076938214
58833.726949 25.628816 0.07892111
58833.727521 25.702465 0.079886676
58833.728085 25.677294 0.070907872
58833.728659 25.641422 0.077942682
58833.729226 25.607184 0.072945052
58833.729803 25.593707 0.069959559
58833.730359 25.661827 0.068948694
58833.730924 25.549376 0.053961763
58833.731502 25.582765 0.064957497
58833.732059 25.676195 0.091890554
58833.732632 25.598078 0.075936713
58833.733194 25.592294 0.071913722
58833.733759 25.615312 0.0828701
58833.734321 25.62838 0.08590769
58833.734879 25.789405 0.1018882
58833.735444 25.683002 0.098838814
58833.736003 25.573905 0.10585744
58833.736571 25.694995 0.11685098
58833.737136 25.699331 0.11585344
58833.737691 25.532215 0.080898217
58833.738267 25.616155 0.098777726
58833.738823 25.624478 0.089874708
58833.739382 25.623661 0.091891669
58833.739948 25.738141 0.10183192
58833.740522 25.529676 0.095838524
58833.741085 25.656013 0.11380247
58833.741647 25.653985 0.094896651
58833.742215 25.605462 0.07891933
58833.742788 25.683168 0.092835376
58833.743365 25.676601 0.091893162
58833.743953 25.893901 0.12388089
58833.744526 25.645866 0.079907064
58833.745093 25.694364 0.079936591
58833.745664 25.542042 0.079920884
58833.746226 25.611645 0.076932659
58833.746789 25.58757 0.068932424
58833.747358 25.575197 0.068950433
58833.747921 25.545401 0.066944896
58833.748478 25.648116 0.066952059
58833.749035 25.657673 0.070950649
58833.749599 25.651103 0.067947843
58833.750168 25.611929 0.073898052
58833.750733 25.632113 0.077906886
58833.751298 25.650276 0.08485877
58833.751854 25.583386 0.085868507
58833.752416 25.68666 0.08691053
58833.752988 25.546721 0.068917218
58833.753539 25.689555 0.078925809
58833.7541 25.562362 0.065935091
58833.754655 25.691921 0.070950143
58833.75523 25.679602 0.058965916
58833.755803 25.536855 0.07093997
58833.756377 25.584723 0.076941667
58833.756948 25.633087 0.069965855
58833.757519 25.591533 0.070969386
58833.758074 25.50098 0.068965104
58833.758639 25.63577 0.085921509
58833.759204 25.679133 0.10790783
58833.759765 25.73919 0.09195675
58833.760341 25.606615 0.07895792
58833.760921 25.601986 0.086958172
58833.761489 25.648286 0.11192045
58833.76205 25.638483 0.086959743
58833.762618 25.607201 0.080945143
58833.763196 25.613057 0.074955932
58833.763771 25.636022 0.078973358
58833.764345 25.580603 0.068966105
58833.764904 25.769893 0.084971468
58833.765469 25.629312 0.071979074
58833.766035 25.485131 0.065969571
58833.766604 25.649671 0.082950671
58833.767179 25.66338 0.084972817
58833.767754 25.627632 0.083972042
58833.768337 25.548404 0.072964855
58833.768906 25.653918 0.09396721
58833.769468 25.544529 0.081946466
58833.770037 25.638422 0.086961757
58833.770609 25.547825 0.091955079
58833.771176 25.703925 0.10489899
58833.77175 25.582076 0.10192245
58833.772312 25.707939 0.11089951
58833.772873 25.533537 0.10787823
58833.773436 25.672303 0.13184495
58833.774013 25.667867 0.13286291
58833.774581 25.678715 0.1289057
58833.775149 25.569998 0.099902769
58833.775718 25.700909 0.1159049
58833.776274 25.681038 0.12293184
58833.776849 25.582057 0.10294567
58833.777425 25.609847 0.11694168
58833.777996 25.651741 0.11291969
58833.778564 25.766326 0.12594017
58833.779126 25.548707 0.096926484
58833.779701 25.672778 0.10092466
58833.780275 25.52785 0.083937413
58833.780836 25.820341 0.13385161
58833.781394 25.658769 0.12885197
58833.781959 25.558458 0.089931523
58833.78252 25.557264 0.094944301
58833.783078 25.575785 0.10989631
58833.783656 25.465156 0.089914536
58833.784224 25.546012 0.089945285
58833.784791 25.569306 0.086949862
58833.785359 25.683004 0.09395334
58833.785923 25.513628 0.067964172
58833.786499 25.593831 0.093947777
58833.787075 25.573068 0.09995369
0.0 0.0 0.0
58833.788243 25.561721 0.080950609
58833.788815 25.568933 0.074961793
58833.789431 25.633514 0.079968073
58833.789993 25.500417 0.081959074
58833.790558 25.607982 0.078972722
58833.791114 25.581164 0.083951111
58833.791692 25.649897 0.07796903
58833.792254 25.628581 0.071951243
58833.792819 25.649833 0.071963464
58833.793386 25.627455 0.066953419
58833.793945 25.655093 0.074959922
58833.794517 25.596386 0.064964471
58833.79508 25.640886 0.066964127
58833.795646 25.575754 0.060968157
58833.796225 25.522031 0.056963986
58833.79679 25.604476 0.068976517
58833.797352 25.561531 0.059981591
58833.797908 25.591146 0.060975813
58833.798484 25.651769 0.06297797
58833.799061 25.592372 0.057973403
58833.799624 25.644874 0.068970148
58833.800185 25.577612 0.055975131
58833.800756 25.544068 0.065960042
58833.801313 25.669553 0.064967283
58833.801876 25.679271 0.065969098
58833.802443 25.612146 0.065954074
58833.803031 25.569664 0.061978096
58833.803608 25.602334 0.063970518
58833.804175 25.531387 0.057978444
58833.804741 25.691795 0.065977236
58833.805316 25.587149 0.070976399
58833.805876 25.536965 0.08596914
58833.806445 25.584835 0.064980248
58833.807016 25.639953 0.077975316
58833.807582 25.672892 0.074960579
58833.80816 25.654959 0.080974635
58833.808724 25.71294 0.070976557
58833.809281 25.549144 0.063971754
58833.809857 25.575317 0.063976532
58833.810432 25.475755 0.063969645
58833.811002 25.505498 0.066974266
58833.81157 25.706395 0.083978288
58833.812141 25.603664 0.071978181
58833.81271 25.586707 0.067980239
58833.813283 25.499615 0.05998208
58833.81385 25.640507 0.06998113
58833.814425 25.576265 0.063980525
58833.81499 25.746429 0.058981393
58833.815567 25.523158 0.064977704
58833.816133 25.684119 0.08097626
58833.816698 25.634732 0.0729561
58833.817289 25.51323 0.061968832
58833.817864 25.746363 0.074962507
58833.818429 25.588026 0.065964797
58833.819011 25.595136 0.076964581
58833.819573 25.719566 0.082972921
58833.820146 25.582471 0.066959983
58833.82073 25.584103 0.067968231
58833.821295 25.676151 0.073967919
58833.821869 25.628015 0.09096686
58833.822431 25.46711 0.072974168
58833.822986 25.546106 0.084976121
58833.823546 25.520628 0.086958999
58833.824122 25.567359 0.083956947
58833.82469 25.808948 0.10997201
58833.82527 25.580687 0.096974096
58833.825842 25.592587 0.096970352
58833.826414 25.610518 0.096955291
58833.826987 25.628379 0.081958331
58833.827559 25.72679 0.090963852
58833.828123 25.616659 0.082970374
58833.828694 25.520104 0.069955668
58833.829263 25.578181 0.067963942
58833.829826 25.81832 0.07895324
58833.830398 25.538839 0.074963613
58833.830961 25.574293 0.070965451
58833.831526 25.679866 0.06995551
58833.832097 25.607163 0.066971087
58833.83267 25.53102 0.060965792
58833.833228 25.624546 0.06796572
58833.833798 25.729882 0.073972029
58833.834371 25.616165 0.075952136
58833.834936 25.550483 0.063972002
58833.83551 25.768528 0.090968408
58833.836083 25.561627 0.069967371
58833.836648 25.576627 0.068969456
58833.837231 25.507963 0.062969461
58833.837806 25.640311 0.08693329
58833.83839 25.562443 0.073949763
58833.838952 25.586589 0.079932758
58833.839512 25.620446 0.088961551
58833.840078 25.622227 0.089952605
58833.840638 25.620864 0.081966404
58833.841214 25.665631 0.078964479
58833.841784 25.512092 0.067973193
58833.842354 25.559781 0.075969253
58833.842932 25.610663 0.075965916
58833.8435 25.568422 0.072969423
58833.844068 25.665738 0.071970876
58833.84464 25.608457 0.083968802
58833.845192 25.607928 0.079974572
58833.845764 25.552165 0.078976618
58833.846315 25.576884 0.078976902
58833.846882 25.767146 0.10197938
58833.847447 25.82673 0.13196637
58833.848017 25.446924 0.082975621
58833.848583 25.48153 0.081969573
58833.849139 25.780923 0.10497229
58833.849713 25.742477 0.099960673
58833.850286 25.471412 0.08097611
