HJD mag magerr
0.0 0.0 0.0
58833.526938 25.470369 0.19763093
0.0 0.0 0.0
58833.528073 25.463487 0.16167961
58833.52864 25.891482 0.16982494
0.0 0.0 0.0
0.0 0.0 0.0
58833.530369 25.558823 0.13575254
58833.530936 25.484031 0.10489507
58833.531508 25.675471 0.1038867
58833.532068 25.589108 0.080904516
58833.532639 25.653549 0.078893426
58833.533201 25.558663 0.085929365
0.0 0.0 0.0
58833.534319 25.831642 0.12171928
58833.534878 25.794599 0.096803453
58833.535457 25.641559 0.082827989
58833.536022 25.620126 0.070922473
58833.536586 25.623358 0.063939458
58833.537148 25.618252 0.061933801
58833.537706 25.653356 0.071881671
58833.538275 25.75661 0.071924623
58833.538843 25.70618 0.061929195
58833.539403 25.654106 0.059929709
58833.539961 25.688315 0.056941988
58833.540691 25.654745 0.050960869
58833.54127 25.670259 0.056926986
58833.541834 25.643391 0.055943546
58833.542384 25.682006 0.059937072
58833.542946 25.668841 0.052933407
58833.543507 25.741959 0.052950897
58833.544071 25.723739 0.047969156
58833.544644 25.666962 0.048962119
58833.545206 25.70349 0.055935203
58833.545767 25.668124 0.050951293
58833.54634 25.653443 0.048960681
58833.546924 25.627703 0.052942185
58833.547488 25.663297 0.049936291
58833.548053 25.693412 0.05194159
58833.548633 25.817975 0.052960825
58833.549203 25.658682 0.049957597
58833.549779 25.745018 0.05695525
58833.550355 25.655411 0.056941121
58833.550911 25.63781 0.0519339
58833.551466 25.619793 0.044940994
58833.552025 25.64748 0.050914945
58833.552609 25.663588 0.062913162
58833.553172 25.628958 0.057941216
58833.553736 25.706925 0.051950406
58833.554298 25.732185 0.052963561
58833.554862 25.702157 0.05496191
58833.55542 25.626631 0.044975482
58833.556007 25.667579 0.052979201
58833.556565 25.740006 0.062976564
58833.557125 25.663076 0.049972631
58833.557676 25.711059 0.068977812
58833.558245 25.659408 0.054961759
58833.558811 25.568491 0.051945531
58833.559373 25.758237 0.058933171
58833.559928 25.598963 0.059859954
58833.560497 25.624557 0.074794819
58833.561052 25.637311 0.057909011
58833.561629 25.662233 0.065901865
58833.562183 25.635503 0.055941292
58833.562742 25.591149 0.046946352
58833.563315 25.675017 0.055947239
58833.563889 25.674797 0.063831026
58833.564461 25.638277 0.06376182
58833.565019 25.678862 0.044956139
58833.565576 25.664639 0.035987268
0.0 0.0 0.0
58833.566722 25.691002 0.051940903
58833.56729 25.637705 0.055938011
58833.56785 25.614882 0.050903794
58833.568406 25.68275 0.040972341
58833.568961 25.73612 0.043973513
58833.569533 25.678144 0.036980354
58833.570095 25.690323 0.036972112
58833.57065 25.655482 0.036983281
58833.57121 25.668783 0.035973517
58833.571768 25.619466 0.041973539
58833.572322 25.639543 0.037968788
58833.572898 25.718464 0.045957439
58833.573468 25.611253 0.045861262
58833.574037 25.691161 0.055894617
58833.574593 25.590075 0.043908244
58833.575159 25.641527 0.071717113
58833.575726 25.653156 0.056801884
58833.576286 25.525468 0.050842043
58833.576839 25.622331 0.046871609
58833.577403 25.670476 0.048950396
58833.577964 25.693116 0.044956486
58833.578544 25.643771 0.046935361
58833.579114 25.66574 0.042955531
58833.579688 25.56322 0.047917563
58833.580238 25.60579 0.053905906
58833.58081 25.76425 0.054918316
58833.581375 25.490214 0.049800956
58833.581944 25.558095 0.046908744
58833.582509 25.695521 0.052943751
58833.58308 25.764605 0.058907116
58833.583647 25.662991 0.058868911
58833.584215 25.679536 0.068776314
58833.584762 25.653412 0.052880818
58833.585316 25.608013 0.054846228
58833.585886 25.577191 0.041920454
58833.586442 25.571513 0.042931095
58833.587001 25.62595 0.048918794
58833.587566 25.580813 0.061861812
58833.58814 25.65033 0.069887848
58833.588711 25.607299 0.040963764
58833.589285 25.541694 0.04093552
58833.589857 25.651737 0.051769423
58833.590423 25.623982 0.064763597
58833.590994 25.737091 0.07379502
58833.591559 25.56776 0.085724971
0.0 0.0 0.0
58833.592665 25.589098 0.080737777
58833.593224 25.63108 0.090811673
58833.593796 25.584419 0.099814193
58833.594369 25.772698 0.14150055
58833.59492 25.853219 0.11674246
0.0 0.0 0.0
58833.596082 25.701575 0.077858173
58833.596665 25.658704 0.074858801
58833.597231 25.59638 0.063833748
58833.597797 25.685239 0.061908577
58833.59838 25.76078 0.052946704
58833.598947 25.715714 0.050936544
58833.599512 25.521178 0.052917772
58833.60009 25.704975 0.055937641
58833.600655 25.650684 0.053946127
58833.601221 25.674339 0.049921998
58833.601788 25.618407 0.054944724
58833.602358 25.687453 0.050930016
58833.602926 25.666916 0.062895649
58833.60349 25.571357 0.068812675
58833.604047 25.623782 0.04992544
58833.604615 25.724309 0.065885614
58833.605171 25.748501 0.076829562
58833.605736 25.609664 0.062887866
58833.606292 25.67907 0.066888231
58833.606846 25.628861 0.062864338
58833.607409 25.572398 0.060881034
58833.607972 25.490683 0.061907825
58833.608554 25.770251 0.077848582
58833.609122 25.710471 0.069897884
58833.609691 25.596722 0.062838231
58833.61027 25.756504 0.063892815
58833.610843 25.632318 0.055889576
58833.611415 25.682823 0.056872436
58833.611993 25.532245 0.051855514
58833.612577 25.692765 0.057849117
58833.613137 25.63327 0.056850613
58833.613696 25.738876 0.06382682
58833.614278 25.638413 0.052871877
58833.614853 25.50418 0.055805972
58833.615407 25.604039 0.054843455
58833.615983 25.693102 0.059870201
58833.616534 25.648609 0.052900348
58833.617093 25.637776 0.071893007
58833.617655 25.716365 0.058925419
58833.618216 25.657158 0.058929543
58833.618781 25.721051 0.060938618
58833.619336 25.675107 0.059927408
58833.619908 25.650643 0.061915773
58833.620489 25.647676 0.049923809
58833.621073 25.677969 0.056933406
58833.621643 25.735754 0.062903635
58833.622212 25.596297 0.055915482
58833.622786 25.67356 0.071878042
58833.623339 25.627186 0.057924863
58833.623898 25.684107 0.066909749
58833.624467 25.729081 0.063932597
58833.625042 25.801671 0.060921219
58833.625625 25.600512 0.048930657
58833.626195 25.67023 0.046941359
58833.626758 25.665993 0.056894274
58833.627345 25.622094 0.046956594
58833.627901 25.657396 0.047956278
58833.628481 25.679126 0.04895744
58833.629058 25.730234 0.053953215
58833.629625 25.664466 0.049957639
58833.630194 25.62345 0.051958389
58833.630754 25.657832 0.053962805
58833.631339 25.634284 0.057899769
58833.631919 25.70074 0.074801751
58833.632476 25.544231 0.068831769
58833.633035 25.515575 0.058880678
58833.633609 25.642341 0.059872677
58833.634176 25.681541 0.086920029
58833.63477 25.596264 0.060903781
58833.63533 25.589054 0.054946975
58833.635896 25.642396 0.057918937
58833.636454 25.746415 0.055960861
58833.637031 25.71556 0.059890198
58833.637603 25.702952 0.061937699
58833.638178 25.645964 0.060901775
58833.638751 25.618869 0.053957445
58833.639317 25.706339 0.059954472
58833.639885 25.621243 0.04595943
58833.640451 25.696156 0.0559768
58833.641017 25.717963 0.054973894
58833.641587 25.606745 0.055957979
58833.642165 25.663389 0.057961768
58833.642733 25.720535 0.059961523
58833.643298 25.687726 0.059956067
58833.643881 25.694198 0.055945788
58833.644463 25.685944 0.049976354
58833.645038 25.703646 0.063963562
58833.645621 25.766913 0.058942226
58833.646196 25.694449 0.056944221
58833.646775 25.625225 0.061960866
58833.647352 25.644081 0.053965231
58833.647947 25.680575 0.06193742
58833.648518 25.678991 0.060978039
58833.649091 25.61976 0.058966611
58833.649661 25.683211 0.057974487
58833.650234 25.649044 0.052974634
58833.650812 25.70617 0.055968329
58833.651385 25.711476 0.058961033
58833.651942 25.738682 0.060961585
58833.652501 25.752075 0.068971874
58833.653051 25.635797 0.053978221
58833.653627 25.654309 0.047974245
58833.654196 25.627232 0.062957814
58833.654761 25.725452 0.056965734
58833.655332 25.742961 0.057973165
58833.655903 25.633097 0.057976887
58833.656459 25.642215 0.056977202
58833.657018 25.753974 0.059980428
58833.657575 25.757597 0.063980429
58833.658134 25.769494 0.064972716
58833.658729 25.640839 0.056962483
58833.659291 25.667365 0.056967469
58833.659866 25.711443 0.060979009
58833.660428 25.766716 0.064962596
58833.660996 25.672136 0.056965006
58833.661568 25.657383 0.06196285
58833.662129 25.70532 0.06294699
58833.662686 25.732034 0.077939363
58833.663254 25.704282 0.059976148
58833.663845 25.699097 0.069919491
58833.664399 25.651428 0.065959886
58833.664959 25.666006 0.063976237
58833.66553 25.617909 0.059971701
58833.666087 25.690154 0.063978702
58833.666661 25.671857 0.052980028
58833.66724 25.599531 0.047984162
58833.667808 25.618138 0.06498105
58833.668374 25.687282 0.054978277
58833.66894 25.679607 0.067972674
58833.669515 25.711946 0.065969652
58833.670105 25.680817 0.073961608
58833.670664 25.776058 0.073959628
58833.671231 25.755626 0.075963524
58833.671792 25.66535 0.070958461
58833.672357 25.825731 0.079960143
58833.672921 25.728806 0.075957557
58833.6735 25.68079 0.076973234
58833.674063 25.747885 0.064977034
58833.674632 25.616181 0.059958709
58833.675223 25.693853 0.073906988
58833.67579 25.765046 0.094947913
58833.67635 25.614708 0.068939925
58833.676916 25.771602 0.082958256
58833.677484 25.560078 0.070953057
58833.678056 25.752326 0.087946778
58833.678616 25.738313 0.10384886
58833.679182 25.488866 0.080870293
58833.679761 25.561068 0.088799318
58833.680323 25.542778 0.11359158
58833.680894 25.755127 0.10880174
58833.681455 25.502421 0.097674354
58833.68202 25.675062 0.1087829
0.0 0.0 0.0
58833.683157 25.826614 0.10887641
58833.683728 25.661361 0.085864565
58833.68429 25.574165 0.10277209
58833.684864 25.76757 0.10092014
58833.685427 25.66143 0.092912856
58833.686006 25.711672 0.08988734
58833.68663 25.614072 0.077947611
58833.687197 25.587917 0.078962431
58833.687766 25.673865 0.084950266
58833.688335 25.62883 0.072959374
58833.6889 25.763052 0.083947351
58833.689473 25.709705 0.083941868
58833.690035 25.71534 0.077941091
58833.690606 25.636335 0.082916839
58833.691182 25.671973 0.078950239
58833.691769 25.595629 0.069931498
58833.692334 25.609904 0.082888078
58833.692912 25.762743 0.086916223
58833.693482 25.814104 0.084932154
58833.694055 25.627574 0.075934866
58833.694629 25.503396 0.070957498
58833.695214 25.600842 0.083950718
58833.695788 25.599517 0.078944361
58833.696709 25.703645 0.097943439
58833.697282 25.846398 0.11290524
58833.697854 25.675369 0.087925416
58833.698426 25.765278 0.091944453
58833.698997 25.53682 0.097930218
58833.699574 25.640425 0.075962856
58833.700162 25.528895 0.066967695
58833.700738 25.626507 0.086954667
58833.701314 25.634078 0.093955473
58833.701879 25.715265 0.13295892
58833.702433 25.86189 0.11797226
58833.702997 25.59244 0.068975643
58833.703569 25.761664 0.092962677
58833.704138 25.690686 0.080978428
58833.704693 25.776688 0.086973357
58833.705269 25.645417 0.072963912
58833.705842 25.600254 0.073951987
58833.706416 25.642428 0.094940133
58833.706995 25.594402 0.07197233
58833.70756 25.688938 0.082957301
0.0 0.0 0.0
58833.708701 25.629495 0.075967377
58833.709269 25.676633 0.080967805
58833.709837 25.643789 0.070965344
58833.710398 25.59538 0.072969046
58833.710961 25.605016 0.082934246
58833.711531 25.903672 0.10395325
0.0 0.0 0.0
58833.712678 25.638018 0.07794815
58833.713245 25.656455 0.077956687
58833.713811 25.565722 0.063959762
58833.71438 25.587767 0.062966638
58833.714942 25.621823 0.065961213
58833.715515 25.645451 0.069959163
58833.716099 25.712938 0.070972007
58833.716662 25.77826 0.076973549
58833.717217 25.703437 0.068970685
58833.717786 25.61414 0.06795861
58833.718352 25.598428 0.074951299
58833.718933 25.699253 0.072956928
58833.719515 25.707934 0.087953595
58833.720081 25.564775 0.074942797
58833.720652 25.719531 0.087956825
58833.721229 25.657106 0.075945885
58833.721798 25.703663 0.076945073
58833.722365 25.596522 0.063954343
58833.722938 25.799862 0.069970946
58833.723517 25.671107 0.066955614
58833.724095 25.657346 0.066962186
58833.724659 25.652969 0.079956806
58833.725228 25.773046 0.076959115
58833.725794 25.675592 0.073957961
58833.726369 25.650539 0.075938267
58833.726949 25.750816 0.090920613
58833.727521 25.687465 0.075886872
58833.728085 25.658294 0.075907644
58833.728659 25.621422 0.074942794
58833.729226 25.733184 0.078944832
58833.729803 25.674707 0.076959291
58833.730359 25.625827 0.074948461
58833.730924 25.719376 0.066961194
58833.731502 25.707765 0.087956625
0.0 0.0 0.0
58833.732632 25.691078 0.079936504
58833.733194 25.581294 0.077913364
58833.733759 25.636312 0.086869827
58833.734321 25.53938 0.079907994
58833.734879 25.719405 0.10588805
58833.735444 25.724002 0.10183864
58833.736003 25.518905 0.096857895
58833.736571 25.696995 0.11585102
58833.737136 25.505331 0.093854514
58833.737691 25.792215 0.099897322
58833.738267 25.522155 0.093778033
58833.738823 25.551478 0.087874827
58833.739382 25.591661 0.087891931
58833.739948 25.605141 0.092832513
58833.740522 25.580676 0.10083822
58833.741085 25.578013 0.10680288
58833.741647 25.624985 0.087896972
58833.742215 25.700462 0.085919014
58833.742788 25.653168 0.093835328
58833.743365 25.579601 0.09389307
58833.743953 25.441901 0.08688237
58833.744526 25.629866 0.083906854
58833.745093 25.552364 0.070936978
58833.745664 25.604042 0.077920981
0.0 0.0 0.0
58833.746789 25.73357 0.082931783
58833.747358 25.662197 0.07995005
58833.747921 25.566401 0.078944408
58833.748478 25.726116 0.078951635
58833.749035 25.675673 0.074950505
58833.749599 25.673103 0.075947527
58833.750168 25.528929 0.072898126
58833.750733 25.657113 0.077906886
58833.751298 25.658276 0.082858923
58833.751854 25.802386 0.10786735
58833.752416 25.70266 0.088910444
58833.752988 25.616721 0.074916841
58833.753539 25.748555 0.08592552
58833.7541 25.744362 0.074934626
58833.754655 25.697921 0.078949868
58833.75523 25.724602 0.080965096
58833.755803 25.585855 0.077939675
58833.756377 25.643723 0.092941176
58833.756948 25.810087 0.08496542
58833.757519 25.643533 0.086968895
58833.758074 25.69298 0.078964779
58833.758639 25.66677 0.09392122
58833.759204 25.692133 0.11290769
58833.759765 25.76719 0.10995638
58833.760341 25.639615 0.088957625
58833.760921 25.652986 0.091958045
58833.761489 25.563286 0.09792093
58833.76205 25.683483 0.096959512
58833.762618 25.715201 0.096944727
58833.763196 25.702057 0.088955582
58833.763771 25.619022 0.07797338
58833.764345 25.768603 0.09496543
58833.764904 25.785893 0.094971297
58833.765469 25.694312 0.087978748
58833.766035 25.755131 0.092968894
58833.766604 25.617671 0.077950815
58833.767179 25.68938 0.085972795
58833.767754 25.801632 0.10097171
58833.768337 25.677404 0.082964564
58833.768906 25.592918 0.077967639
58833.769468 25.641529 0.087946299
58833.770037 25.642422 0.08296186
58833.770609 25.677825 0.09795497
58833.771176 25.561925 0.086899721
58833.77175 25.764076 0.11592212
58833.772312 25.660939 0.11689935
58833.772873 25.607537 0.10987816
58833.773436 25.542303 0.11484557
58833.774013 25.688867 0.13386289
58833.774581 26.049715 0.16990509
58833.775149 25.787998 0.12390209
58833.775718 25.522909 0.10290527
58833.776274 25.728038 0.1249318
58833.776849 25.752057 0.11794536
58833.777425 25.655847 0.1209416
58833.777996 25.710741 0.11591962
58833.778564 25.699326 0.11294042
58833.779126 25.684707 0.12192575
58833.779701 25.574778 0.10492452
58833.780275 25.65585 0.10493669
58833.780836 25.581341 0.10585265
58833.781394 25.765769 0.14485152
58833.781959 25.711458 0.10793091
58833.78252 25.907264 0.13794344
58833.783078 25.571785 0.10789638
58833.783656 25.689156 0.10791396
58833.784224 25.577012 0.10094489
58833.784791 25.723306 0.10594936
58833.785359 25.553004 0.084953654
58833.785923 25.804628 0.086963589
58833.786499 25.564831 0.094947749
58833.787075 25.686068 0.090953909
58833.787657 25.525198 0.083954591
58833.788243 25.731721 0.10694989
58833.788815 25.658933 0.086961443
58833.789431 25.650514 0.081968024
58833.789993 25.654417 0.090958831
58833.790558 25.756982 0.089972465
58833.791114 25.744164 0.099950659
58833.791692 25.735897 0.093968697
58833.792254 25.664581 0.079950982
58833.792819 25.651833 0.078963237
58833.793386 25.698455 0.080952951
58833.793945 25.764093 0.087959529
58833.794517 25.662386 0.078963973
58833.79508 25.631886 0.067964087
58833.795646 25.634754 0.076967592
58833.796225 25.734031 0.073963398
58833.79679 25.663476 0.069976486
58833.797352 25.704531 0.077981136
58833.797908 25.755146 0.077975363
58833.798484 25.800769 0.083977521
58833.799061 25.684372 0.071972931
58833.799624 25.733874 0.075969944
58833.800185 25.768612 0.075974511
58833.800756 25.785068 0.071959843
58833.801313 25.720553 0.069967096
58833.801876 25.777271 0.076968755
58833.802443 25.727146 0.079953598
58833.803031 25.700664 0.070977808
58833.803608 25.762334 0.074970169
58833.804175 25.767387 0.072977947
58833.804741 25.711795 0.076976925
58833.805316 25.811149 0.078976229
58833.805876 25.707965 0.091969026
58833.806445 25.759835 0.083979735
58833.807016 25.712953 0.087975097
58833.807582 25.743892 0.086960217
58833.80816 25.736959 0.083974567
58833.808724 25.62394 0.0729765
58833.809281 25.610144 0.065971684
58833.809857 25.828317 0.081976023
58833.810432 25.728755 0.090968927
58833.811002 25.663498 0.073974036
58833.81157 25.837395 0.097978067
58833.812141 25.663664 0.070978208
58833.81271 25.753707 0.084979876
58833.813283 25.627615 0.0719817
58833.81385 25.636507 0.065981234
58833.814425 25.762265 0.069980359
58833.81499 25.670429 0.061981293
58833.815567 25.610158 0.06597767
58833.816133 25.620119 0.068976516
0.0 0.0 0.0
58833.817289 25.67323 0.068968565
58833.817864 25.716363 0.090961969
58833.818429 25.716026 0.072964533
58833.819011 25.680136 0.088964274
58833.819573 25.755566 0.088972788
58833.820146 25.719471 0.079959486
58833.82073 25.585103 0.068968196
58833.821295 25.776151 0.080967731
58833.821869 25.708015 0.094966769
58833.822431 25.84511 0.10197344
58833.822986 25.823106 0.091975993
58833.823546 25.602628 0.094958806
58833.824122 25.721359 0.10095653
58833.82469 25.674948 0.10697205
58833.82527 25.539687 0.10397395
58833.825842 25.765587 0.11197011
58833.826414 25.932518 0.13495454
58833.826987 25.607379 0.085958214
58833.827559 25.77479 0.094963771
58833.828123 25.593659 0.089970206
58833.828694 25.640104 0.074955504
58833.829263 25.657181 0.08896331
58833.829826 25.58232 0.07895324
58833.830398 25.815839 0.096963069
58833.830961 25.594293 0.072965383
58833.831526 25.703866 0.073955376
58833.832097 25.574163 0.067971046
58833.83267 25.69002 0.075965214
58833.833228 25.750546 0.084965209
58833.833798 25.772882 0.079971853
58833.834371 25.602165 0.079951978
58833.834936 25.658483 0.070971726
58833.83551 25.689528 0.072968926
58833.836083 25.717627 0.078967039
58833.836648 25.632627 0.076969167
58833.837231 25.706963 0.077968867
58833.837806 25.594311 0.085933333
58833.83839 25.738443 0.080949468
58833.838952 25.521589 0.082932607
58833.839512 25.625446 0.089961522
58833.840078 25.668227 0.097952397
58833.840638 25.691864 0.075966564
58833.841214 25.545631 0.089964145
58833.841784 25.593092 0.075972932
58833.842354 25.696781 0.082969043
58833.842932 25.579663 0.07296603
58833.8435 25.529422 0.076969288
58833.844068 25.744738 0.090970356
58833.84464 25.671457 0.089968652
58833.845192 25.670928 0.084974458
58833.845764 25.761165 0.095976301
58833.846315 25.591884 0.08797672
58833.846882 25.749146 0.086979626
58833.847447 25.61173 0.091967007
58833.848017 25.545924 0.084975571
58833.848583 25.73653 0.1179689
58833.849139 25.805923 0.13097199
58833.849713 25.705477 0.10796053
58833.850286 25.774412 0.12197541
