HJD mag magerr
58833.526351 25.33753 0.18977214
58833.526938 25.555369 0.20663074
58833.527497 25.611691 0.19782463
58833.528073 25.518487 0.16767936
58833.52864 25.882482 0.17082492
0.0 0.0 0.0
58833.529794 25.510158 0.17260982
58833.530369 25.691823 0.14675205
58833.530936 25.658031 0.12689425
58833.531508 25.771471 0.10988649
58833.532068 25.711108 0.096903786
58833.532639 25.663549 0.084893063
58833.533201 25.612663 0.086929319
58833.533765 25.806383 0.093934491
58833.534319 25.755642 0.1097202
58833.534878 25.730599 0.093803695
58833.535457 25.604559 0.081828086
58833.536022 25.721126 0.077921974
58833.536586 25.667358 0.062939537
58833.537148 25.588252 0.061933801
58833.537706 25.670356 0.077881176
58833.538275 25.71961 0.05992546
58833.538843 25.75118 0.065928914
58833.539403 25.839106 0.065929274
58833.539961 25.688315 0.059941776
58833.540691 25.788745 0.054960555
58833.54127 25.712259 0.058926804
58833.541834 25.615391 0.051943877
58833.542384 25.522006 0.052937828
58833.542946 25.634841 0.054933211
58833.543507 25.793959 0.055950686
58833.544071 25.707739 0.047969156
58833.544644 25.656962 0.046962309
58833.545206 25.72449 0.05493532
58833.545767 25.752124 0.053951063
58833.54634 25.677443 0.048960681
58833.546924 25.748703 0.051942303
58833.547488 25.649297 0.054935634
58833.548053 25.703412 0.050941715
58833.548633 25.704975 0.050960988
58833.549203 25.632682 0.04195833
58833.549779 25.741018 0.049955718
58833.550355 25.758411 0.055941199
58833.550911 25.58681 0.038935243
58833.551466 25.626793 0.045940863
58833.552025 25.67948 0.0559143
58833.552609 25.744588 0.062913162
58833.553172 25.764958 0.058941102
58833.553736 25.721925 0.047950859
58833.554298 25.627185 0.04496426
58833.554862 25.669157 0.052962055
58833.55542 25.691631 0.049975092
58833.556007 25.763579 0.051979253
58833.556565 25.654006 0.057976773
58833.557125 25.800076 0.055972302
58833.557676 25.733059 0.059978121
58833.558245 25.874408 0.06296128
58833.558811 25.586491 0.047945914
58833.559373 25.626237 0.05093415
58833.559928 25.520963 0.051861942
58833.560497 25.696557 0.078794107
58833.561052 25.724311 0.054909372
58833.561629 25.586233 0.064901986
58833.562183 25.578503 0.053941507
58833.562742 25.693149 0.051945716
58833.563315 25.682017 0.055947239
58833.563889 25.669797 0.063831026
58833.564461 25.654277 0.06376182
58833.565019 25.716862 0.03995759
58833.565576 25.680639 0.031987631
58833.566153 25.653409 0.046924235
58833.566722 25.787002 0.052940782
58833.56729 25.764705 0.051938484
58833.56785 25.703882 0.058902035
58833.568406 25.70775 0.037972815
58833.568961 25.63212 0.034974484
58833.569533 25.703144 0.034980555
58833.570095 25.683323 0.040971745
58833.57065 25.683482 0.038983131
58833.57121 25.664783 0.036973415
58833.571768 25.695466 0.037973954
58833.572322 25.676543 0.0369689
58833.572898 25.644464 0.044957561
58833.573468 25.703253 0.048860676
58833.574037 25.642161 0.052895211
58833.574593 25.643075 0.045907821
0.0 0.0 0.0
58833.575726 25.509156 0.048804382
58833.576286 25.536468 0.050842043
58833.576839 25.524331 0.043872726
58833.577403 25.739476 0.050950168
58833.577964 25.591116 0.044956486
58833.578544 25.547771 0.044935641
58833.579114 25.69474 0.045955124
58833.579688 25.54222 0.043918277
58833.580238 25.67979 0.053905906
58833.58081 25.70225 0.051918796
58833.581375 25.475214 0.045803005
58833.581944 25.662095 0.046908744
58833.582509 25.654521 0.043945001
0.0 0.0 0.0
58833.583647 25.640991 0.048870868
58833.584215 25.535536 0.059779496
58833.584762 25.552412 0.047882997
58833.585316 25.690013 0.05584577
58833.585886 25.612191 0.041920454
58833.586442 25.837513 0.04793009
58833.587001 25.71195 0.048918794
58833.587566 25.848813 0.081858304
58833.58814 25.63633 0.061888933
58833.588711 25.593299 0.03696473
58833.589285 25.561694 0.042934339
58833.589857 25.789737 0.054768032
58833.590423 25.737982 0.068762468
58833.590994 25.759091 0.076794337
58833.591559 25.57076 0.086724744
58833.592112 25.543018 0.069755097
58833.592665 25.724098 0.090736395
58833.593224 25.64008 0.079813091
58833.593796 25.767419 0.11181258
58833.594369 25.308698 0.087515808
58833.59492 25.717219 0.10974329
58833.595528 25.546224 0.067779936
58833.596082 25.692575 0.081857725
58833.596665 25.661704 0.072859066
58833.597231 25.69538 0.06883298
58833.597797 25.675239 0.05990878
58833.59838 25.78378 0.0539466
58833.598947 25.637714 0.046937014
58833.599512 25.676178 0.052917772
58833.60009 25.804975 0.062936969
58833.600655 25.835684 0.064945424
58833.601221 25.629339 0.048922139
58833.601788 25.755407 0.063943956
58833.602358 25.657453 0.053929585
58833.602926 25.655916 0.057896239
58833.60349 25.728357 0.080811077
58833.604047 25.749782 0.053924957
58833.604615 25.737309 0.069885216
58833.605171 25.761501 0.077829451
58833.605736 25.673664 0.073886803
58833.606292 25.79807 0.080887095
58833.606846 25.720861 0.061864481
58833.607409 25.866398 0.079879173
58833.607972 25.692683 0.069906927
58833.608554 25.774251 0.081848216
58833.609122 25.862471 0.080897111
58833.609691 25.719722 0.066837602
58833.61027 25.766504 0.061893035
58833.610843 25.604318 0.049890602
58833.611415 25.636823 0.053872968
58833.611993 25.481245 0.051855514
58833.612577 25.648765 0.05185041
58833.613137 25.62227 0.056850613
58833.613696 25.432876 0.046832269
58833.614278 25.577413 0.051872141
58833.614853 25.56518 0.056805709
58833.615407 25.440039 0.048844989
58833.615983 25.615102 0.053871219
58833.616534 25.670609 0.052900348
58833.617093 25.668776 0.067893353
58833.617655 25.708365 0.056925604
58833.618216 25.600158 0.053930148
58833.618781 25.728051 0.066938253
58833.619336 25.850107 0.065926959
58833.619908 25.719643 0.0639156
58833.620489 25.719676 0.054923205
58833.621073 25.760969 0.061933014
58833.621643 25.920754 0.074902655
58833.622212 25.686297 0.057915262
58833.622786 25.73956 0.082877169
58833.623339 25.785186 0.063924208
58833.623898 25.703107 0.065909831
58833.624467 25.784081 0.058932961
58833.625042 25.744671 0.0589214
58833.625625 25.577512 0.050930411
58833.626195 25.64723 0.055940476
58833.626758 25.752993 0.055894371
58833.627345 25.757094 0.060955674
58833.627901 25.716396 0.0529559
58833.628481 25.671126 0.04895744
58833.629058 25.720234 0.052953285
58833.629625 25.819466 0.058957085
58833.630194 25.72245 0.057958037
58833.630754 25.715832 0.050963031
58833.631339 25.793284 0.062899026
58833.631919 25.51174 0.061803991
0.0 0.0 0.0
58833.633035 25.680575 0.061880147
58833.633609 25.657341 0.061872393
58833.634176 25.792541 0.096919567
58833.63477 25.790264 0.070902881
58833.63533 25.715054 0.054946975
58833.635896 25.748396 0.067918094
58833.636454 25.642415 0.046961612
58833.637031 25.71556 0.056890475
58833.637603 25.801952 0.068937289
58833.638178 25.785964 0.064901497
58833.638751 25.613869 0.051957574
58833.639317 25.740339 0.056954637
58833.639885 25.748243 0.058958578
58833.640451 25.770156 0.057976722
58833.641017 25.596963 0.043974568
58833.641587 25.642745 0.052958159
58833.642165 25.617389 0.050962266
58833.642733 25.793535 0.06096148
58833.643298 25.840726 0.06195597
58833.643881 25.685198 0.057945693
58833.644463 25.737944 0.052976202
58833.645038 25.670646 0.052964049
58833.645621 25.741913 0.057942274
58833.646196 25.738449 0.056944221
58833.646775 25.705225 0.059960952
58833.647352 25.753081 0.051965337
58833.647947 25.679575 0.05693767
58833.648518 25.676991 0.055978212
58833.649091 25.77076 0.055966736
58833.649661 25.730211 0.055974572
58833.650234 25.753044 0.058974366
58833.650812 25.73817 0.059968172
58833.651385 25.703476 0.054961234
58833.651942 25.739682 0.060961585
58833.652501 25.702075 0.063972039
58833.653051 25.698797 0.059978
58833.653627 25.722309 0.05597381
58833.654196 25.672232 0.053958275
58833.654761 25.763452 0.063965464
58833.655332 25.742961 0.053973352
58833.655903 25.700097 0.05897685
58833.656459 25.673215 0.059977094
58833.657018 25.736974 0.059980428
58833.657575 25.715597 0.058980598
58833.658134 25.841494 0.065972683
58833.658729 25.700839 0.060962304
58833.659291 25.669365 0.055967512
58833.659866 25.738443 0.058979086
58833.660428 25.755716 0.057962878
58833.660996 25.733136 0.062964765
58833.661568 25.707383 0.0629628
58833.662129 25.73332 0.069946761
58833.662686 25.794034 0.081939219
58833.663254 25.640282 0.058976184
58833.663845 25.826097 0.078919143
58833.664399 25.697428 0.064959924
58833.664959 25.850006 0.075975934
58833.66553 25.777909 0.06997143
58833.666087 25.756154 0.066978624
58833.666661 25.588857 0.053979989
58833.66724 25.731531 0.05798384
58833.667808 25.683138 0.06498105
58833.668374 25.829282 0.074977716
58833.66894 25.649607 0.061972829
58833.669515 25.676946 0.068969573
58833.670105 25.680817 0.070961693
58833.670664 25.712058 0.068959782
58833.671231 25.701626 0.070963695
58833.671792 25.75935 0.075958265
58833.672357 25.814731 0.077960191
58833.672921 25.769806 0.07995745
58833.6735 25.68879 0.066973497
58833.674063 25.630885 0.062977093
58833.674632 25.657181 0.072958218
58833.675223 25.770853 0.080906703
58833.67579 25.734046 0.081948234
58833.67635 25.811708 0.095938988
58833.676916 25.628602 0.068958884
58833.677484 25.764078 0.088952385
58833.678056 25.722326 0.080947035
0.0 0.0 0.0
58833.679182 25.712866 0.10186945
58833.679761 25.858068 0.11579798
58833.680323 26.013778 0.1715885
58833.680894 25.644127 0.10180206
58833.681455 25.743421 0.11867283
58833.68202 25.859062 0.12378231
58833.682591 25.602783 0.10677579
58833.683157 25.816614 0.11387623
58833.683728 25.807361 0.10586346
58833.68429 25.641165 0.10477198
58833.684864 25.70857 0.093920353
58833.685427 25.65343 0.092912856
58833.686006 25.730672 0.090887306
58833.68663 25.802072 0.098947078
58833.687197 25.625917 0.076962493
58833.687766 25.754865 0.091950048
58833.688335 25.70783 0.083959008
58833.6889 25.692052 0.084947323
58833.689473 25.717705 0.072942265
58833.690035 25.80634 0.076941129
58833.690606 25.858335 0.092916435
58833.691182 25.795973 0.088949889
58833.691769 25.718629 0.080930983
58833.692334 25.680904 0.088887735
58833.692912 25.795743 0.084916308
58833.693482 25.672104 0.070932755
58833.694055 25.711574 0.079934702
58833.694629 25.788396 0.095956719
58833.695214 25.821842 0.086950643
58833.695788 25.723517 0.092943963
58833.696709 25.837645 0.08894372
58833.697282 25.871398 0.11190527
58833.697854 25.725369 0.083925567
58833.698426 25.897278 0.11094408
58833.698997 25.69582 0.10693
58833.699574 25.816425 0.097962315
58833.700162 25.703895 0.076967374
58833.700738 25.802507 0.10295428
58833.701314 25.722078 0.078955807
58833.701879 25.822265 0.12295903
58833.702433 25.82889 0.11897225
58833.702997 25.75344 0.073975521
58833.703569 25.779664 0.088962743
58833.704138 25.761686 0.088978283
58833.704693 25.661688 0.081973448
58833.705269 25.767417 0.094963479
58833.705842 25.721254 0.095951425
58833.706416 25.752428 0.090940234
58833.706995 25.806402 0.082972074
58833.70756 25.747938 0.088957171
58833.708139 25.816491 0.079960089
58833.708701 25.766495 0.077967322
58833.709269 25.712633 0.080967805
58833.709837 25.707789 0.079965066
58833.710398 25.77938 0.087968685
58833.710961 25.719016 0.085934143
58833.711531 25.812672 0.088953612
58833.712096 25.909712 0.10294966
58833.712678 25.867018 0.099947604
58833.713245 25.808455 0.080956585
58833.713811 25.752722 0.074959398
58833.71438 25.772767 0.069966361
58833.714942 25.693823 0.072960991
58833.715515 25.749451 0.080958857
58833.716099 25.806938 0.08197174
58833.716662 25.71626 0.069973722
58833.717217 25.734437 0.075970486
58833.717786 25.74514 0.082958184
58833.718352 25.670428 0.077951203
58833.718933 25.736253 0.079956667
58833.719515 25.787934 0.086953624
58833.720081 25.707775 0.082942428
58833.720652 25.681531 0.080957033
58833.721229 25.804106 0.082945656
58833.721798 25.844663 0.092944466
58833.722365 25.661522 0.071954028
58833.722938 25.677862 0.059971306
58833.723517 25.773107 0.081955143
58833.724095 25.671346 0.061962368
58833.724659 25.733969 0.081956741
58833.725228 25.675046 0.06995932
58833.725794 25.761592 0.083957543
58833.726369 25.858539 0.092937529
58833.726949 25.680816 0.086920762
58833.727521 25.851465 0.089886269
58833.728085 25.655294 0.073907731
58833.728659 25.685422 0.083942482
58833.729226 25.736184 0.075944937
58833.729803 25.866707 0.084959044
58833.730359 25.671827 0.068948694
58833.730924 25.643376 0.055961656
58833.731502 25.715765 0.079956867
58833.732059 25.870195 0.10188999
58833.732632 25.763078 0.080936455
0.0 0.0 0.0
58833.733759 25.681312 0.087869762
58833.734321 25.71038 0.094907311
58833.734879 25.642405 0.087888841
58833.735444 25.678002 0.10183864
58833.736003 25.865905 0.13085652
58833.736571 25.642995 0.11485106
58833.737136 25.896331 0.13585278
58833.737691 25.805215 0.11589681
58833.738267 25.790155 0.10977716
58833.738823 25.692478 0.092874541
58833.739382 25.650661 0.096891375
58833.739948 25.659141 0.096832236
58833.740522 25.629676 0.1028381
58833.741085 25.786013 0.1188022
58833.741647 25.676985 0.096896569
58833.742215 25.659462 0.090918821
58833.742788 25.855168 0.1038349
58833.743365 25.690601 0.10189274
58833.743953 25.712901 0.098881759
58833.744526 25.926866 0.11390578
58833.745093 25.725364 0.081936518
58833.745664 25.726042 0.080920838
58833.746226 25.807645 0.10093188
58833.746789 25.73157 0.082931783
58833.747358 25.858197 0.07995005
58833.747921 25.790401 0.083944249
58833.748478 25.757116 0.077951664
58833.749035 25.650673 0.075950471
58833.749599 25.726103 0.074947563
58833.750168 25.660929 0.08389742
58833.750733 25.868113 0.095906041
58833.751298 25.705276 0.086858625
58833.751854 25.648386 0.094867964
58833.752416 25.87666 0.096910137
58833.752988 25.785721 0.090916099
0.0 0.0 0.0
58833.7541 25.783362 0.075934581
58833.754655 25.675921 0.064950399
58833.75523 25.646602 0.072965332
58833.755803 25.701855 0.082939498
58833.756377 25.709723 0.088941281
58833.756948 25.593087 0.075965659
58833.757519 25.744533 0.0909688
58833.758074 25.72698 0.083964647
58833.758639 25.77377 0.10092101
58833.759204 25.869133 0.13390724
58833.759765 25.86919 0.11395632
58833.760341 25.808615 0.094957479
58833.760921 25.699986 0.09895789
58833.761489 25.944286 0.13191995
58833.76205 25.699483 0.087959718
58833.762618 25.655201 0.094944771
58833.763196 25.724057 0.10395532
58833.763771 25.743022 0.093973094
58833.764345 25.773603 0.093965449
58833.764904 25.731893 0.08097155
58833.765469 25.714312 0.081978855
58833.766035 25.881131 0.10096877
58833.766604 25.820671 0.095950372
58833.767179 25.68338 0.086972773
58833.767754 25.754632 0.096971774
58833.768337 25.654404 0.080964616
58833.768906 25.638918 0.076967673
58833.769468 25.801529 0.09994603
58833.770037 25.771422 0.093961598
58833.770609 25.736825 0.10095492
58833.771176 25.914925 0.12789837
58833.77175 25.755076 0.1119222
58833.772312 25.695939 0.11889929
58833.772873 25.794537 0.13087752
58833.773436 25.841303 0.15584432
58833.774013 25.666867 0.12386318
58833.774581 25.828715 0.14690539
58833.775149 25.655998 0.12690203
58833.775718 25.861909 0.13590448
58833.776274 25.723038 0.12093188
58833.776849 25.657057 0.10694558
58833.777425 25.675847 0.1209416
58833.777996 25.778741 0.13491928
58833.778564 25.760326 0.10694056
58833.779126 25.678707 0.10692615
58833.779701 25.982778 0.14192365
58833.780275 25.83985 0.11593642
58833.780836 25.789341 0.13685152
58833.781394 25.796769 0.14085162
58833.781959 25.800458 0.12093059
58833.78252 25.632264 0.093944331
58833.783078 25.782785 0.12889582
58833.783656 25.690156 0.10891393
58833.784224 25.699012 0.1109446
58833.784791 25.867306 0.11594917
58833.785359 25.640004 0.083953694
58833.785923 25.717628 0.093963438
58833.786499 25.691831 0.11094737
58833.787075 25.749068 0.11695337
58833.787657 25.898198 0.12895369
58833.788243 25.642721 0.092950222
58833.788815 25.820933 0.094961262
58833.789431 25.761514 0.10096767
58833.789993 25.750417 0.093958762
58833.790558 25.647982 0.085972551
58833.791114 25.621164 0.089950921
58833.791692 25.746897 0.088968788
58833.792254 25.790581 0.087950773
58833.792819 25.801833 0.088962979
58833.793386 25.788455 0.081952924
58833.793945 25.822093 0.080959724
58833.794517 25.776386 0.078963973
58833.79508 25.700886 0.075963802
58833.795646 25.673754 0.072967708
58833.796225 25.777031 0.070963479
58833.79679 25.652476 0.066976581
58833.797352 25.704531 0.075981175
58833.797908 25.823146 0.077975363
58833.798484 25.743769 0.072977721
58833.799061 25.657372 0.065973106
58833.799624 25.724874 0.075969944
58833.800185 25.945612 0.095974166
58833.800756 25.760068 0.086959476
58833.801313 25.685553 0.066967205
58833.801876 25.774271 0.067969027
58833.802443 25.851146 0.085953445
58833.803031 25.724664 0.07597768
58833.803608 25.640334 0.061970597
58833.804175 25.836387 0.085977665
58833.804741 25.671795 0.073977
58833.805316 25.769149 0.074976309
58833.805876 25.653965 0.081969225
58833.806445 25.689835 0.075979918
58833.807016 25.624953 0.073975422
58833.807582 25.860892 0.10195989
58833.80816 25.752959 0.078974683
58833.808724 25.72694 0.076976396
58833.809281 25.737144 0.072971471
58833.809857 25.718317 0.08497596
58833.810432 25.547755 0.074969285
58833.811002 25.661498 0.082973801
58833.81157 25.732395 0.079978367
58833.812141 25.626664 0.07397813
58833.81271 25.628707 0.068980213
58833.813283 25.650615 0.0719817
58833.81385 25.721507 0.064981262
58833.814425 25.766265 0.070980334
58833.81499 25.667429 0.066981148
58833.815567 25.726158 0.084977196
58833.816133 25.739119 0.08097626
58833.816698 25.752732 0.086955731
58833.817289 25.63523 0.071968467
58833.817864 25.819363 0.080962279
58833.818429 25.719026 0.085964165
58833.819011 25.638136 0.078964523
58833.819573 25.680566 0.090972748
58833.820146 25.700471 0.073959692
58833.82073 25.643103 0.072968067
58833.821295 25.714151 0.068968079
58833.821869 25.791015 0.098966685
58833.822431 25.87211 0.098973493
58833.822986 25.646106 0.084976121
58833.823546 25.965628 0.12295834
58833.824122 25.633359 0.090956754
58833.82469 25.708948 0.098972176
58833.82527 25.562687 0.089974264
58833.825842 25.726587 0.10397023
58833.826414 25.795518 0.11495487
58833.826987 25.856379 0.10095787
58833.827559 25.69679 0.08696394
58833.828123 25.917659 0.11696976
58833.828694 25.783104 0.080955336
58833.829263 25.880181 0.10396302
58833.829826 25.86232 0.098952794
58833.830398 25.756839 0.088963233
58833.830961 25.870293 0.092964875
58833.831526 25.741866 0.070955475
58833.832097 25.911163 0.089970398
58833.83267 25.71202 0.072965309
58833.833228 25.729546 0.068965683
58833.833798 25.782882 0.082971776
58833.834371 25.743165 0.089951649
58833.834936 25.809483 0.075971562
58833.83551 25.620528 0.06896908
58833.836083 25.665627 0.079967007
58833.836648 25.782627 0.087968861
58833.837231 25.590963 0.074968965
58833.837806 25.802311 0.098932838
58833.83839 25.610443 0.075949673
58833.838952 25.888589 0.11493151
58833.839512 25.772446 0.10196122
58833.840078 25.763227 0.10495224
58833.840638 25.614864 0.078966481
58833.841214 25.673631 0.089964145
58833.841784 25.724092 0.080972796
58833.842354 25.686781 0.082969043
58833.842932 25.658663 0.088965514
58833.8435 25.733422 0.085969032
58833.844068 25.701738 0.083970518
58833.84464 25.716457 0.089968652
58833.845192 25.682928 0.084974458
58833.845764 25.725165 0.085976471
58833.846315 25.769884 0.088976702
58833.846882 25.809146 0.098979425
58833.847447 25.60373 0.089967055
58833.848017 25.641924 0.0979753
58833.848583 25.72153 0.11496894
58833.849139 25.519923 0.091972507
58833.849713 25.766477 0.11096049
58833.850286 25.864412 0.12497537
