HJD mag magerr
0.0 0.0 0.0
0.0 0.0 0.0
58833.527497 25.557753 0.16389493
0.0 0.0 0.0
58833.52864 25.361761 0.10582945
58833.529223 25.18652 0.13963828
58833.529794 25.305413 0.15040354
58833.530369 25.487489 0.10680021
58833.530936 25.42636 0.092820395
58833.531508 25.522771 0.083881246
58833.532068 25.676347 0.08692205
58833.532639 25.5498 0.079840777
58833.533201 25.578315 0.074914524
58833.533765 25.51268 0.074914802
58833.534319 25.562462 0.087804442
58833.534878 25.476519 0.076832323
58833.535457 25.34853 0.065781554
58833.536022 25.548391 0.065928995
58833.536586 25.646479 0.063923184
58833.537148 25.624616 0.062925636
58833.537706 25.561762 0.062896909
58833.538275 25.720012 0.063893166
58833.538843 25.658853 0.0549342
58833.539403 25.523953 0.0489275
58833.539961 25.584026 0.047936991
58833.540691 25.618164 0.053928901
58833.54127 25.647594 0.054934834
58833.541834 25.654562 0.055948514
58833.542384 25.600036 0.051936366
58833.542946 25.625803 0.054939465
58833.543507 25.700172 0.054934146
58833.544071 25.613745 0.04793682
58833.544644 25.606721 0.046960396
58833.545206 25.618785 0.051917542
58833.545767 25.663188 0.049953306
58833.54634 25.591016 0.045965233
58833.546924 25.617673 0.046945749
58833.547488 25.576007 0.04892304
58833.548053 25.530614 0.043927201
58833.548633 25.540216 0.047950964
58833.549203 25.629317 0.041961279
58833.549779 25.684442 0.047958444
58833.550355 25.596272 0.048940506
58833.550911 25.615355 0.042959453
58833.551466 25.585789 0.039944813
0.0 0.0 0.0
58833.552609 25.59415 0.053946721
0.0 0.0 0.0
58833.553736 25.688507 0.05093867
58833.554298 25.670776 0.047959198
58833.554862 25.653143 0.045958429
58833.55542 25.722868 0.053963184
58833.556007 25.694925 0.05795134
58833.556565 25.684214 0.057974844
58833.557125 25.60383 0.054970126
58833.557676 25.688267 0.05797572
58833.558245 25.675633 0.046964691
58833.558811 25.645464 0.051948259
58833.559373 25.709552 0.050935222
58833.559928 25.68982 0.061884476
58833.560497 25.551561 0.068624266
58833.561052 25.578406 0.052908636
58833.561629 25.78668 0.070920077
58833.562183 25.575432 0.050920792
58833.562742 25.583097 0.044937532
58833.563315 25.579975 0.049949023
58833.563889 25.541343 0.056853562
58833.564461 25.393242 0.05355739
58833.565019 25.524736 0.040924823
58833.565576 25.653639 0.036988244
58833.566153 25.672834 0.049903455
58833.566722 25.685291 0.046964497
58833.56729 25.578189 0.047940272
58833.56785 25.682098 0.053947819
58833.568406 25.654214 0.041966962
58833.568961 25.526003 0.035961
58833.569533 25.573922 0.036971001
58833.570095 25.663058 0.040974201
58833.57065 25.66903 0.039978996
58833.57121 25.664777 0.036971789
58833.571768 25.658792 0.041949705
58833.572322 25.614104 0.03897808
58833.572898 25.566079 0.036959065
58833.573468 25.571753 0.041929369
58833.574037 25.643548 0.05390708
58833.574593 25.460159 0.044911673
58833.575159 25.498039 0.063596532
58833.575726 25.482719 0.043841206
58833.576286 25.43046 0.049841002
58833.576839 25.576477 0.046883911
58833.577403 25.652198 0.045922524
58833.577964 25.61646 0.04895598
58833.578544 25.578523 0.045944607
58833.579114 25.591895 0.045942091
58833.579688 25.725728 0.05591209
58833.580238 25.628708 0.052904128
58833.58081 25.57098 0.048861331
58833.581375 25.578298 0.044909098
58833.581944 25.581969 0.043925156
58833.582509 25.545214 0.03893952
58833.58308 25.625148 0.05692059
58833.583647 25.655335 0.052883051
58833.584215 25.334951 0.048792556
58833.584762 25.42122 0.043864741
58833.585316 25.525773 0.053817744
58833.585886 25.543209 0.040924716
58833.586442 25.580284 0.045929327
58833.587001 25.476717 0.043916334
58833.587566 25.534842 0.06584407
58833.58814 25.511891 0.057854497
58833.588711 25.673199 0.042956039
58833.589285 25.675568 0.042929482
58833.589857 25.47755 0.052756257
58833.590423 25.591673 0.056847365
58833.590994 25.367554 0.05377382
58833.591559 25.445768 0.080688796
58833.592112 25.598871 0.068723581
58833.592665 25.469008 0.074723105
58833.593224 25.468331 0.082756643
58833.593796 25.472587 0.077834768
58833.594369 25.478343 0.088706235
58833.59492 25.264006 0.069654653
58833.595528 25.599442 0.069787265
58833.596082 25.472607 0.059838111
58833.596665 25.665809 0.066858065
58833.597231 25.479876 0.055882255
58833.597797 25.674332 0.056904619
58833.59838 25.670058 0.052944239
58833.598947 25.575557 0.042948994
58833.599512 25.710983 0.058917478
58833.60009 25.790102 0.053934971
58833.600655 25.653052 0.060950139
58833.601221 25.616365 0.04694148
58833.601788 25.583224 0.05491677
58833.602358 25.617362 0.048952235
58833.602926 25.675501 0.059936557
58833.60349 25.540244 0.066812354
58833.604047 25.621792 0.053941326
58833.604615 25.584055 0.052896828
58833.605171 25.523304 0.064881776
58833.605736 25.552105 0.060898545
58833.606292 25.622347 0.066918908
58833.606846 25.460419 0.05585286
58833.607409 25.553586 0.060886241
58833.607972 25.657859 0.072867605
58833.608554 25.650688 0.071880829
58833.609122 25.527855 0.064889116
58833.609691 25.529214 0.056858587
58833.61027 25.617543 0.050892273
58833.610843 25.523212 0.049903173
58833.611415 25.486001 0.045862397
58833.611993 25.507213 0.051833266
58833.612577 25.484869 0.042852686
58833.613137 25.513832 0.057794824
58833.613696 25.384273 0.046773316
58833.614278 25.494978 0.048836786
58833.614853 25.500123 0.050815017
58833.615407 25.538399 0.04984147
58833.615983 25.536961 0.046872727
58833.616534 25.548476 0.051853889
58833.617093 25.651448 0.06388182
58833.617655 25.621089 0.057923228
58833.618216 25.56763 0.054916345
58833.618781 25.655999 0.061910342
58833.619336 25.615329 0.058905504
58833.619908 25.543351 0.054915384
58833.620489 25.727072 0.054930628
58833.621073 25.562694 0.050939878
58833.621643 25.5493 0.057857677
58833.622212 25.482494 0.049913912
58833.622786 25.489448 0.055891413
58833.623339 25.599466 0.061899626
58833.623898 25.629377 0.05393374
58833.624467 25.551175 0.059937807
58833.625042 25.540561 0.048923906
58833.625625 25.677978 0.050934839
58833.626195 25.679946 0.051937712
58833.626758 25.691209 0.057937691
58833.627345 25.606838 0.050949476
58833.627901 25.675381 0.047961728
58833.628481 25.64502 0.047956742
58833.629058 25.626795 0.051928529
58833.629625 25.681955 0.050963368
58833.630194 25.675535 0.047962678
58833.630754 25.617878 0.043959106
58833.631339 25.522979 0.050907975
58833.631919 25.483972 0.058883422
58833.632476 25.484493 0.057885222
58833.633035 25.419541 0.049857124
58833.633609 25.486824 0.059783156
58833.634176 25.592615 0.070929077
58833.63477 25.590747 0.058897111
58833.63533 25.616307 0.052931802
58833.635896 25.525492 0.051895681
58833.636454 25.611275 0.049959882
58833.637031 25.63975 0.055934807
58833.637603 25.716202 0.06691974
58833.638178 25.567727 0.056907048
58833.638751 25.655802 0.051939993
58833.639317 25.66 0.057937067
58833.639885 25.642527 0.04794439
58833.640451 25.704121 0.055958859
58833.641017 25.734391 0.050953812
58833.641587 25.656042 0.050966172
58833.642165 25.595479 0.053957912
58833.642733 25.703155 0.054940522
58833.643298 25.630531 0.057959036
58833.643881 25.634827 0.050966057
58833.644463 25.65757 0.050965271
58833.645038 25.630679 0.052949027
58833.645621 25.690536 0.062944485
58833.646196 25.747441 0.057946113
58833.646775 25.63145 0.053966377
58833.647352 25.709351 0.055948766
58833.647947 25.6271 0.057943794
58833.648518 25.705019 0.058973365
58833.649091 25.7571 0.057968127
58833.649661 25.651808 0.048966605
58833.650234 25.564115 0.046969915
58833.650812 25.641754 0.057953581
58833.651385 25.715411 0.06294612
58833.651942 25.670243 0.059940966
58833.652501 25.675744 0.05496304
58833.653051 25.617336 0.051976167
58833.653627 25.699141 0.062975257
58833.654196 25.632807 0.061943844
58833.654761 25.692945 0.052968593
58833.655332 25.684178 0.060947413
58833.655903 25.723496 0.063972305
58833.656459 25.681568 0.058972137
58833.657018 25.657985 0.053973961
58833.657575 25.651493 0.05695895
58833.658134 25.711647 0.05996546
58833.658729 25.616299 0.05594643
58833.659291 25.694117 0.050970449
58833.659866 25.640331 0.058970586
58833.660428 25.638677 0.059945171
58833.660996 25.603533 0.054951919
58833.661568 25.676217 0.063946585
58833.662129 25.735069 0.065948535
58833.662686 25.611451 0.06491792
58833.663254 25.605642 0.057951813
58833.663845 25.694197 0.069950502
58833.664399 25.629046 0.062944087
58833.664959 25.743655 0.058967433
58833.66553 25.754566 0.058973483
58833.666087 25.679384 0.059972179
58833.666661 25.606067 0.056976106
58833.66724 25.653417 0.049978405
58833.667808 25.677694 0.055974098
58833.668374 25.642036 0.061980657
58833.66894 25.687019 0.056973828
58833.669515 25.673995 0.068969248
58833.670105 25.575148 0.059966129
58833.670664 25.543858 0.057962834
58833.671231 25.705406 0.071956683
58833.671792 25.664062 0.064960515
58833.672357 25.625952 0.062957142
58833.672921 25.685629 0.069972368
58833.6735 25.65845 0.063952564
58833.674063 25.637692 0.059970033
58833.674632 25.57843 0.062934615
58833.675223 25.662908 0.075899159
58833.67579 25.654851 0.073924771
58833.67635 25.570284 0.071931145
58833.676916 25.678019 0.076951005
58833.677484 25.548952 0.072949212
58833.678056 25.638768 0.080888786
58833.678616 25.558761 0.080857084
58833.679182 25.56699 0.082866154
58833.679761 25.458925 0.079811153
0.0 0.0 0.0
58833.680894 25.546701 0.087781436
58833.681455 25.774224 0.12177616
58833.68202 25.447019 0.084846752
58833.682591 25.540684 0.088712386
58833.683157 25.732397 0.10488258
58833.683728 25.56241 0.078823343
58833.68429 25.466556 0.091778191
58833.684864 25.618389 0.080918872
58833.685427 25.459319 0.076914644
58833.686006 25.632557 0.079890701
58833.68663 25.607709 0.077919625
58833.687197 25.625821 0.071949598
58833.687766 25.595563 0.088955181
58833.688335 25.733828 0.075922403
58833.6889 25.691278 0.079918778
58833.689473 25.713073 0.081942597
58833.690035 25.58936 0.073914134
58833.690606 25.643677 0.075922913
58833.691182 25.659381 0.071935967
58833.691769 25.518209 0.064893205
0.0 0.0 0.0
58833.692912 25.736017 0.086865419
58833.693482 25.622903 0.066933439
58833.694055 25.580169 0.06389889
58833.694629 25.70428 0.081948176
58833.695214 25.768788 0.090921968
58833.695788 25.690108 0.085947651
58833.696709 25.63014 0.078944893
58833.697282 25.382353 0.072897512
58833.697854 25.667174 0.084897507
58833.698426 25.802315 0.09693881
58833.698997 25.65628 0.093920573
58833.699574 25.645951 0.074948416
58833.700162 25.699796 0.076937829
58833.700738 25.573225 0.076922991
58833.701314 25.755101 0.085951148
58833.701879 25.644338 0.11495836
58833.702433 25.564859 0.081960643
58833.702997 25.7101 0.07596687
58833.703569 25.624917 0.074964893
58833.704138 25.720273 0.082975845
58833.704693 25.653168 0.071966605
58833.705269 25.55501 0.066960692
58833.705842 25.855019 0.099930587
58833.706416 25.547623 0.078951254
58833.706995 25.63256 0.068973642
58833.70756 25.662693 0.086958151
58833.708139 25.716973 0.067964797
58833.708701 25.785317 0.090938509
58833.709269 25.58454 0.065956917
58833.709837 25.642075 0.080928424
58833.710398 25.652858 0.076934854
58833.710961 25.717854 0.086936127
58833.711531 25.586288 0.086939606
58833.712096 25.752657 0.084954074
58833.712678 25.609778 0.065951855
58833.713245 25.674026 0.081946724
58833.713811 25.687073 0.073939284
58833.71438 25.615419 0.072950212
58833.714942 25.605359 0.063957713
58833.715515 25.677218 0.067958521
58833.716099 25.680317 0.068968214
58833.716662 25.746135 0.078964528
58833.717217 25.674527 0.068962235
58833.717786 25.632206 0.067939549
58833.718352 25.694362 0.085950238
58833.718933 25.630395 0.072955031
58833.719515 25.629052 0.076942857
58833.720081 25.576379 0.071891749
58833.720652 25.715415 0.077959198
58833.721229 25.610157 0.067951136
58833.721798 25.564055 0.069950236
58833.722365 25.610577 0.065958936
58833.722938 25.650235 0.07195865
58833.723517 25.607971 0.066935964
58833.724095 25.628132 0.061965699
58833.724659 25.661048 0.075955471
58833.725228 25.742668 0.072956367
58833.725794 25.645198 0.079907177
58833.726369 25.597371 0.074895629
58833.726949 25.539156 0.066916302
58833.727521 25.596929 0.070893576
58833.728085 25.55744 0.067906569
58833.728659 25.690782 0.078944376
58833.729226 25.655212 0.073924065
58833.729803 25.606422 0.068920148
58833.730359 25.640657 0.064953363
58833.730924 25.698069 0.065959776
58833.731502 25.664751 0.081942752
58833.732059 25.621255 0.085892898
58833.732632 25.665996 0.086910702
58833.733194 25.695769 0.082909835
58833.733759 25.546868 0.078896702
58833.734321 25.632115 0.085871093
0.0 0.0 0.0
0.0 0.0 0.0
58833.736003 25.532491 0.10087346
58833.736571 25.396347 0.093845389
58833.737136 25.690525 0.099816249
58833.737691 25.638973 0.089902174
58833.738267 25.622242 0.099769911
58833.738823 25.499632 0.077886031
58833.739382 25.451215 0.076875997
58833.739948 25.463976 0.079848796
58833.740522 25.617242 0.090835488
58833.741085 25.38306 0.091635371
58833.741647 25.524766 0.078902663
58833.742215 25.625965 0.087900382
58833.742788 25.652464 0.083860081
58833.743365 25.650886 0.095891933
58833.743953 25.536267 0.071897101
58833.744526 25.525726 0.068918149
58833.745093 25.588269 0.067901341
58833.745664 25.476895 0.067922088
58833.746226 25.603582 0.078937309
58833.746789 25.785631 0.078934711
58833.747358 25.578054 0.063951674
58833.747921 25.594621 0.070947912
58833.748478 25.608924 0.06895468
58833.749035 25.684301 0.069954634
58833.749599 25.719866 0.078954309
58833.750168 25.656594 0.07490457
58833.750733 25.569003 0.075899406
58833.751298 25.616945 0.080788592
58833.751854 25.594895 0.087877129
58833.752416 25.703723 0.085913367
58833.752988 25.674122 0.079915929
58833.753539 25.530849 0.066895331
58833.7541 25.687841 0.074901016
58833.754655 25.63972 0.076933189
58833.75523 25.746655 0.08095547
58833.755803 25.667142 0.080943471
58833.756377 25.785178 0.0959446
58833.756948 25.62226 0.080969718
58833.757519 25.641777 0.087964477
58833.758074 25.645478 0.074968427
58833.758639 25.741602 0.093923969
58833.759204 25.760517 0.11493008
58833.759765 25.793006 0.10693372
58833.760341 25.543767 0.081951123
58833.760921 25.769013 0.10896012
58833.761489 25.505602 0.097916929
58833.76205 25.529165 0.071944493
58833.762618 25.626462 0.086942851
58833.763196 25.625341 0.084936672
58833.763771 25.447503 0.069966969
58833.764345 25.585099 0.080955748
58833.764904 25.699736 0.078939917
58833.765469 25.702348 0.065971194
58833.766035 25.555573 0.073967275
58833.766604 25.613222 0.0839611
58833.767179 25.556678 0.071958517
58833.767754 25.586592 0.08096708
58833.768337 25.66102 0.080956598
58833.768906 25.751685 0.087963982
58833.769468 25.825533 0.10495871
58833.770037 25.651735 0.089953903
58833.770609 25.670782 0.078963202
58833.771176 25.670143 0.099899934
58833.77175 25.678449 0.10492986
58833.772312 25.744107 0.11190762
58833.772873 25.672366 0.12887417
58833.773436 25.334692 0.098858181
58833.774013 25.584113 0.12686865
58833.774581 25.689567 0.12590764
58833.775149 25.571987 0.10486453
58833.775718 25.583033 0.10289967
58833.776274 25.541428 0.097892858
58833.776849 25.677831 0.097947095
58833.777425 25.70665 0.10794717
58833.777996 25.764622 0.123914
58833.778564 25.69235 0.10492548
58833.779126 25.64624 0.1059026
58833.779701 25.57876 0.10589436
58833.780275 25.600562 0.095901232
58833.780836 25.606989 0.09887659
58833.781394 25.584402 0.12086881
58833.781959 25.628069 0.10293097
58833.78252 25.733058 0.10693084
58833.783078 25.55029 0.10291091
58833.783656 25.670031 0.099920065
58833.784224 25.563952 0.098929449
58833.784791 25.557988 0.084952111
58833.785359 25.552212 0.083951734
58833.785923 25.626698 0.080960788
58833.786499 25.706015 0.10394765
58833.787075 25.54274 0.084908815
58833.787657 25.887367 0.12096004
58833.788243 25.629632 0.083949947
58833.788815 25.691161 0.095949544
58833.789431 25.705086 0.083966322
58833.789993 25.625909 0.082964961
58833.790558 25.522875 0.073972022
58833.791114 25.67166 0.09195413
58833.791692 25.774391 0.094965727
58833.792254 25.64792 0.069963178
58833.792819 25.573458 0.076951235
58833.793386 25.665672 0.0699498
58833.793945 25.735311 0.076959485
58833.794517 25.662519 0.071961459
58833.79508 25.604669 0.070956286
58833.795646 25.660767 0.072954054
58833.796225 25.671982 0.064965382
58833.79679 25.77597 0.065972135
58833.797352 25.638845 0.067974033
58833.797908 25.731271 0.069973235
58833.798484 25.702811 0.066973948
58833.799061 25.618853 0.061959569
58833.799624 25.560838 0.060967538
58833.800185 25.56459 0.059964631
58833.800756 25.670117 0.070968968
58833.801313 25.650041 0.069969082
58833.801876 25.61527 0.071958378
58833.802443 25.594148 0.06895438
58833.803031 25.502326 0.062974176
58833.803608 25.570708 0.063971109
58833.804175 25.705669 0.085975697
58833.804741 25.762864 0.083970466
58833.805316 25.636458 0.071979886
58833.805876 25.727019 0.095965475
58833.806445 25.593213 0.066978351
58833.807016 25.600239 0.075966876
58833.807582 25.655153 0.077962983
58833.80816 25.593208 0.079971769
58833.808724 25.634774 0.070972114
58833.809281 25.59204 0.067966467
58833.809857 25.661976 0.072970477
58833.810432 25.833055 0.095972035
58833.811002 25.610584 0.081974611
58833.81157 25.699547 0.088976113
58833.812141 25.618781 0.068978056
58833.81271 25.621178 0.071980331
58833.813283 25.698081 0.077974183
58833.81385 25.649564 0.056975646
58833.814425 25.709887 0.072978931
58833.81499 25.718683 0.069973387
58833.815567 25.73595 0.080975706
58833.816133 25.656066 0.07296737
58833.816698 25.705336 0.083973539
58833.817289 25.584299 0.06996523
58833.817864 25.607806 0.077960246
58833.818429 25.70978 0.084967347
58833.819011 25.809164 0.088963006
58833.819573 25.549431 0.07396526
58833.820146 25.639362 0.075946256
58833.82073 25.738618 0.073958018
58833.821295 25.666277 0.073966561
58833.821869 25.711362 0.092966844
58833.822431 25.577102 0.095966147
58833.822986 25.726775 0.094967842
58833.823546 25.655271 0.086964439
58833.824122 25.641107 0.099959714
58833.82469 25.716222 0.11796937
58833.82527 25.706515 0.11596517
58833.825842 25.491388 0.086962044
58833.826414 25.759459 0.10596025
58833.826987 25.499196 0.079964945
58833.827559 25.56913 0.08296034
58833.828123 25.867641 0.11797076
58833.828694 25.728932 0.086966774
58833.829263 25.629177 0.080962203
58833.829826 25.557238 0.073963557
58833.830398 25.685779 0.090957868
58833.830961 25.548658 0.075954183
58833.831526 25.707663 0.077969679
58833.832097 25.603062 0.064969525
58833.83267 25.615912 0.067970377
58833.833228 25.685185 0.08695498
58833.833798 25.613492 0.072964301
58833.834371 25.636107 0.076961566
58833.834936 25.654287 0.069966329
58833.83551 25.733777 0.074969072
58833.836083 25.688355 0.072968929
58833.836648 25.599041 0.075947639
58833.837231 25.471039 0.063949582
58833.837806 25.559092 0.087909105
58833.83839 25.676468 0.078948482
58833.838952 25.589178 0.089932198
58833.839512 25.578281 0.08795929
58833.840078 25.51527 0.084954509
58833.840638 25.640916 0.079965657
58833.841214 25.572045 0.077964797
58833.841784 25.853735 0.090962607
58833.842354 25.68612 0.086968658
58833.842932 25.592486 0.078966804
58833.8435 25.648227 0.081961766
58833.844068 25.678937 0.079963506
58833.84464 25.586747 0.080963067
58833.845192 25.874445 0.10895736
58833.845764 25.682216 0.078975039
58833.846315 25.659848 0.080976019
58833.846882 25.622932 0.077976243
58833.847447 25.968973 0.12497426
58833.848017 25.693927 0.10496567
58833.848583 25.573016 0.096970681
58833.849139 25.696651 0.11395682
58833.849713 25.626882 0.10196299
58833.850286 25.743964 0.10997016
