HJD mag magerr
58833.526351 25.30353 0.19277208
58833.526938 25.379369 0.18863114
58833.527497 25.357691 0.15982535
58833.528073 25.167487 0.13068128
58833.52864 25.321482 0.10882696
58833.529223 25.281811 0.13561342
58833.529794 25.292158 0.13661194
58833.530369 25.352823 0.10475448
0.0 0.0 0.0
58833.531508 25.317471 0.071888519
58833.532068 25.313108 0.06890531
58833.532639 25.226549 0.059895119
58833.533201 25.340663 0.064930701
58833.533765 25.293383 0.05893657
58833.534319 25.150642 0.062727591
58833.534878 25.247599 0.058808579
58833.535457 25.199559 0.055832004
58833.536022 25.309126 0.056923884
58833.536586 25.315358 0.050940765
58833.537148 25.346252 0.044936042
58833.537706 25.271356 0.053883911
58833.538275 25.34861 0.04492725
58833.538843 25.32018 0.046930746
58833.539403 25.288106 0.040932096
58833.539961 25.265315 0.039943916
58833.540691 25.362745 0.049960956
58833.54127 25.267259 0.040929209
58833.541834 25.318391 0.041945035
58833.542384 25.363006 0.04593885
58833.542946 25.296841 0.03993526
58833.543507 25.333959 0.036952741
58833.544071 25.324739 0.034970618
58833.544644 25.351962 0.035963812
58833.545206 25.29149 0.037938402
58833.545767 25.274124 0.035953153
58833.54634 25.383443 0.039961755
58833.546924 25.394703 0.041943842
58833.547488 25.358297 0.038938434
58833.548053 25.374412 0.040943353
58833.548633 25.352975 0.036962716
58833.549203 25.342682 0.035959145
58833.549779 25.301018 0.03695717
58833.550355 25.364411 0.043942456
58833.550911 25.28081 0.037935395
58833.551466 25.340793 0.039941769
58833.552025 25.36548 0.040916805
58833.552609 25.389588 0.047914989
58833.553172 25.339958 0.045943021
58833.553736 25.356925 0.037952487
58833.554298 25.321185 0.03696532
58833.554862 25.356157 0.037963719
58833.55542 25.386631 0.041975767
58833.556007 25.301579 0.040980009
58833.556565 25.365006 0.042977731
58833.557125 25.333076 0.03997344
58833.557676 25.270059 0.04597887
58833.558245 25.302408 0.039963267
58833.558811 25.301491 0.03994696
58833.559373 25.329237 0.039936249
58833.559928 25.309963 0.047863219
58833.560497 25.319557 0.055799754
58833.561052 25.337311 0.040911902
58833.561629 25.290233 0.056903119
58833.562183 25.388503 0.044942744
58833.562742 25.250149 0.035948495
58833.563315 25.337017 0.042948864
58833.563889 25.204797 0.043837771
58833.564461 25.517277 0.056763754
58833.565019 25.276862 0.027963263
58833.565576 25.324639 0.026988271
58833.566153 25.160409 0.033930931
58833.566722 25.313002 0.03594393
58833.56729 25.388705 0.038940812
58833.56785 25.244882 0.038907983
58833.568406 25.29775 0.027975249
58833.568961 25.31112 0.031974957
58833.569533 25.335144 0.030981055
58833.570095 25.303323 0.028973245
58833.57065 25.307482 0.029984006
58833.57121 25.291783 0.028974495
58833.571768 25.261466 0.031974816
58833.572322 25.342543 0.032969435
58833.572898 25.305464 0.033959479
58833.573468 25.301253 0.039862762
58833.574037 25.311161 0.038899409
58833.574593 25.359075 0.036910166
58833.575159 25.454527 0.061720502
58833.575726 25.457156 0.045805583
58833.576286 25.190468 0.038848971
58833.576839 25.418331 0.040874034
58833.577403 25.313476 0.03495287
58833.577964 25.331116 0.032958711
58833.578544 25.370771 0.040936298
58833.579114 25.41874 0.03995601
58833.579688 25.30122 0.039919165
58833.580238 25.27479 0.036909605
58833.58081 25.35725 0.038921878
58833.581375 25.355214 0.043804191
58833.581944 25.301095 0.038910626
58833.582509 25.407521 0.037946224
58833.58308 25.318605 0.039910447
58833.583647 25.244991 0.042872564
58833.584215 25.230536 0.046786498
58833.584762 25.340412 0.04088701
58833.585316 25.267013 0.040855161
58833.585886 25.381191 0.035922467
58833.586442 25.262513 0.033933807
58833.587001 25.32295 0.038920776
58833.587566 25.296813 0.048865801
58833.58814 25.28533 0.045892404
58833.588711 25.414299 0.033965618
58833.589285 25.347694 0.035939
58833.589857 25.251737 0.036780405
58833.590423 25.395982 0.052768134
58833.590994 25.281091 0.046805554
58833.591559 25.42376 0.079726464
58833.592112 25.400018 0.062757171
58833.592665 25.353098 0.066740484
58833.593224 25.35608 0.064815877
58833.593796 25.302419 0.071820146
58833.594369 25.319698 0.087515808
58833.59492 25.447219 0.080748322
58833.595528 25.419224 0.062781614
58833.596082 25.359575 0.059861009
58833.596665 25.365704 0.056861928
58833.597231 25.32938 0.052836024
58833.597797 25.333239 0.044910977
58833.59838 25.28378 0.037949046
58833.598947 25.347714 0.037938514
58833.599512 25.275178 0.040919828
58833.60009 25.279975 0.038940459
58833.600655 25.386684 0.046946777
58833.601221 25.390339 0.043922961
58833.601788 25.359407 0.044945994
58833.602358 25.452453 0.043931287
58833.602926 25.378916 0.049897469
58833.60349 25.275357 0.055815289
58833.604047 25.309782 0.039927158
58833.604615 25.363309 0.049887942
58833.605171 25.347501 0.058832285
58833.605736 25.372664 0.049889825
58833.606292 25.33207 0.054889732
58833.606846 25.346861 0.050866484
58833.607409 25.302398 0.048883078
58833.607972 25.292683 0.048909997
58833.608554 25.383251 0.056851465
58833.609122 25.348471 0.049900303
58833.609691 25.406722 0.056839363
58833.61027 25.282504 0.040896922
58833.610843 25.338318 0.040892819
58833.611415 25.317823 0.041876008
58833.611993 25.414245 0.045857145
58833.612577 25.395765 0.043852785
58833.613137 25.43627 0.050852345
58833.613696 25.408876 0.048831405
58833.614278 25.452413 0.045874002
58833.614853 25.36718 0.046808922
58833.615407 25.334039 0.046845603
58833.615983 25.350102 0.046872793
58833.616534 25.314609 0.039903944
58833.617093 25.406776 0.059894202
58833.617655 25.335365 0.042927476
58833.618216 25.387158 0.049930731
58833.618781 25.356051 0.043940296
58833.619336 25.263107 0.044929151
58833.619908 25.325643 0.047917458
58833.620489 25.352676 0.040925343
58833.621073 25.271969 0.036936274
58833.621643 25.357754 0.046905855
58833.622212 25.380297 0.041917722
58833.622786 25.23056 0.050880921
58833.623339 25.367186 0.046926561
58833.623898 25.333107 0.045912349
58833.624467 25.329081 0.044934492
58833.625042 25.318671 0.04392338
58833.625625 25.379512 0.039932131
58833.626195 25.38023 0.040942207
58833.626758 25.383993 0.047895316
58833.627345 25.301094 0.037957624
58833.627901 25.306396 0.035957718
58833.628481 25.304126 0.037958611
58833.629058 25.317234 0.037954876
58833.629625 25.289466 0.036959027
58833.630194 25.33145 0.036959887
58833.630754 25.389832 0.041963938
58833.631339 25.371284 0.047901786
58833.631919 25.33174 0.052806284
58833.632476 25.349231 0.0518351
58833.633035 25.434575 0.050882439
58833.633609 25.404341 0.049874496
58833.634176 25.383541 0.069921144
58833.63477 25.337264 0.044906207
58833.63533 25.303054 0.043948036
58833.635896 25.348396 0.044920696
58833.636454 25.298415 0.038962624
58833.637031 25.30656 0.043892208
58833.637603 25.320952 0.044939326
58833.638178 25.255964 0.039904369
58833.638751 25.291869 0.040958563
58833.639317 25.326339 0.040956012
58833.639885 25.268243 0.040959931
58833.640451 25.289156 0.032978524
58833.641017 25.281963 0.035975369
58833.641587 25.339745 0.040959198
58833.642165 25.336389 0.041963192
58833.642733 25.363535 0.042962621
58833.643298 25.230726 0.039957677
58833.643881 25.328198 0.039946984
58833.644463 25.293944 0.037977243
58833.645038 25.332646 0.04296475
58833.645621 25.283913 0.037943902
58833.646196 25.303449 0.037945747
58833.646775 25.272225 0.038962501
58833.647352 25.323081 0.039966243
58833.647947 25.297575 0.04193886
58833.648518 25.367991 0.044978748
58833.649091 25.27876 0.037968004
58833.649661 25.240211 0.03797582
58833.650234 25.309044 0.03997554
58833.650812 25.22117 0.038969432
58833.651385 25.290476 0.042962101
58833.651942 25.244682 0.042962723
58833.652501 25.411075 0.047972831
58833.653051 25.278797 0.040978958
58833.653627 25.366309 0.043974532
58833.654196 25.290232 0.041959258
0.0 0.0 0.0
58833.655332 25.296961 0.041974163
58833.655903 25.289097 0.046977405
58833.656459 25.342215 0.044977801
58833.657018 25.289974 0.039981351
58833.657575 25.322597 0.038981765
58833.658134 25.244494 0.038974285
58833.658729 25.325839 0.04296342
58833.659291 25.296365 0.043968203
58833.659866 25.314443 0.045979764
58833.660428 25.316716 0.041963946
58833.660996 25.301136 0.04596564
58833.661568 25.353383 0.050963553
58833.662129 25.25932 0.043948061
58833.662686 25.316034 0.053940744
58833.663254 25.302282 0.042977027
58833.663845 25.286097 0.05592029
58833.664399 25.375428 0.049960692
58833.664959 25.268006 0.040977398
58833.66553 25.275909 0.043972439
58833.666087 25.244154 0.0429796
58833.666661 25.321857 0.041980597
58833.66724 25.282531 0.037984684
58833.667808 25.289138 0.044981759
58833.668374 25.379282 0.0479786
58833.66894 25.252607 0.043973595
58833.669515 25.316946 0.050970209
58833.670105 25.212817 0.046962831
58833.670664 25.312058 0.046960915
58833.671231 25.383626 0.051964683
58833.671792 25.43835 0.051959592
58833.672357 25.237731 0.048961413
58833.672921 25.203806 0.045959052
58833.6735 25.38079 0.053974003
58833.674063 25.290885 0.047977712
58833.674632 25.309181 0.04795944
58833.675223 25.223853 0.052908378
58833.67579 25.265046 0.054949459
58833.67635 25.293708 0.051941091
58833.676916 25.377602 0.062959246
58833.677484 25.168078 0.053954154
58833.678056 25.254326 0.058948283
58833.678616 25.366313 0.076850767
58833.679182 25.211866 0.06387144
58833.679761 25.306068 0.069800957
58833.680323 25.209778 0.085594697
58833.680894 25.381127 0.07780361
58833.681455 25.382421 0.08467571
58833.68202 25.356062 0.078784863
58833.682591 25.332783 0.077778735
58833.683157 25.283614 0.067878984
58833.683728 25.282361 0.063866679
58833.68429 25.343165 0.081773563
58833.684864 25.32557 0.063921871
58833.685427 25.26843 0.060914751
58833.686006 25.243672 0.062888764
58833.68663 25.342072 0.062948236
58833.687197 25.365917 0.056963376
58833.687766 25.284865 0.060951431
58833.688335 25.28683 0.050960642
58833.6889 25.238052 0.055948582
58833.689473 25.302705 0.060942883
58833.690035 25.35734 0.058942051
58833.690606 25.199335 0.053918979
58833.691182 25.273973 0.057951412
58833.691769 25.329629 0.0569324
58833.692334 25.390904 0.070888958
58833.692912 25.238743 0.057918107
58833.693482 25.289104 0.050934276
58833.694055 25.295574 0.055936089
58833.694629 25.345396 0.062957891
58833.695214 25.233842 0.05595187
58833.695788 25.285517 0.062945059
58833.696709 25.317645 0.061945104
58833.697282 25.272398 0.064907564
58833.697854 25.341369 0.066926433
58833.698426 25.206278 0.059945692
58833.698997 25.24282 0.074931033
58833.699574 25.264425 0.058963581
58833.700162 25.246895 0.057968089
58833.700738 25.317507 0.061955725
0.0 0.0 0.0
58833.701879 25.349265 0.084959731
58833.702433 25.25589 0.069973035
58833.702997 25.32844 0.053976161
58833.703569 25.251664 0.053963803
58833.704138 25.295686 0.055979174
58833.704693 25.255688 0.059974051
58833.705269 25.238417 0.051964719
58833.705842 25.210254 0.057952699
58833.706416 25.297428 0.065941182
58833.706995 25.338402 0.057972813
58833.70756 25.228938 0.051958519
58833.708139 25.278491 0.051961161
58833.708701 25.259495 0.053968287
58833.709269 25.237633 0.051968954
58833.709837 25.248789 0.055966029
58833.710398 25.36138 0.059969522
58833.710961 25.264016 0.06193529
58833.711531 25.253672 0.06295469
58833.712096 25.178712 0.057951547
58833.712678 25.323018 0.05694912
58833.713245 25.347455 0.058957606
58833.713811 25.403722 0.060959887
58833.71438 25.247767 0.047967541
58833.714942 25.310823 0.050961927
58833.715515 25.287451 0.051959986
58833.716099 25.343938 0.04897295
58833.716662 25.22726 0.045974777
58833.717217 25.317437 0.048971614
58833.717786 25.34214 0.053959252
58833.718352 25.321428 0.057952055
58833.718933 25.282253 0.047958565
58833.719515 25.264934 0.052955378
58833.720081 25.354775 0.065943329
58833.720652 25.334531 0.05795811
58833.721229 25.246106 0.050947296
58833.721798 25.255663 0.057946281
58833.722365 25.256522 0.045955523
58833.722938 25.287862 0.040972558
58833.723517 25.346107 0.048956623
58833.724095 25.362346 0.047963115
58833.724659 25.251969 0.047958698
58833.725228 25.292046 0.05196014
58833.725794 25.371592 0.052959404
58833.726369 25.285539 0.059939385
58833.726949 25.265816 0.05692264
58833.727521 25.213465 0.055888343
58833.728085 25.293294 0.053909015
58833.728659 25.311422 0.055943829
58833.729226 25.253184 0.051946285
58833.729803 25.296707 0.052960539
58833.730359 25.374827 0.057949262
58833.730924 25.424376 0.057961557
58833.731502 25.409765 0.05395821
58833.732059 25.405195 0.069892417
58833.732632 25.323078 0.058937954
58833.733194 25.369294 0.066914076
58833.733759 25.307312 0.065871674
58833.734321 25.27738 0.068908705
58833.734879 25.313405 0.070889999
58833.735444 25.376002 0.075840677
58833.736003 25.218905 0.071859827
58833.736571 25.337995 0.086852591
58833.737136 25.306331 0.08085545
58833.737691 25.342215 0.069898982
58833.738267 25.374155 0.084778687
58833.738823 25.321478 0.065876662
58833.739382 25.333661 0.070893402
58833.739948 25.299141 0.076833939
58833.740522 25.367676 0.077839993
58833.741085 25.472013 0.093803823
58833.741647 25.326985 0.072897889
58833.742215 25.311462 0.066920042
58833.742788 25.424168 0.077836263
58833.743365 25.324601 0.070894469
58833.743953 25.263901 0.065884035
58833.744526 25.333866 0.062908294
58833.745093 25.335364 0.055937938
58833.745664 25.306042 0.058922273
58833.746226 25.295645 0.062933422
58833.746789 25.26857 0.050933847
58833.747358 25.301197 0.052951318
58833.747921 25.235401 0.048946152
58833.748478 25.304116 0.05595263
58833.749035 25.309673 0.050951762
58833.749599 25.418103 0.056948442
58833.750168 25.291929 0.061899114
58833.750733 25.229113 0.059908305
58833.751298 25.331276 0.061861192
58833.751854 25.308386 0.070869753
58833.752416 25.44866 0.073911218
58833.752988 25.365721 0.060917851
58833.753539 25.424555 0.055927344
58833.7541 25.339362 0.056935725
58833.754655 25.378921 0.052951111
58833.75523 25.287602 0.052966273
58833.755803 25.300855 0.060940522
58833.756377 25.380723 0.059942514
58833.756948 25.271087 0.049966894
58833.757519 25.329533 0.05996989
58833.758074 25.32798 0.06096545
58833.758639 25.19877 0.057923234
58833.759204 25.368133 0.078908981
58833.759765 25.32819 0.068957525
58833.760341 25.374615 0.064958502
58833.760921 25.327986 0.071958669
58833.761489 25.339286 0.083921582
58833.76205 25.386483 0.070960261
58833.762618 25.279201 0.053946488
58833.763196 25.306057 0.057956616
58833.763771 25.265022 0.056974027
58833.764345 25.305603 0.054966764
58833.764904 25.277893 0.064971986
58833.765469 25.311312 0.058979482
58833.766035 25.322131 0.05896986
58833.766604 25.280671 0.063951352
58833.767179 25.33138 0.064973423
58833.767754 25.351632 0.064972642
58833.768337 25.250404 0.053965743
58833.768906 25.375918 0.070967893
58833.769468 25.247529 0.068946938
58833.770037 25.226422 0.062962598
58833.770609 25.344825 0.065955809
58833.771176 25.349925 0.075900355
58833.77175 25.242076 0.076923364
58833.772312 25.245939 0.076900986
58833.772873 25.254537 0.082879483
58833.773436 25.275303 0.10484603
58833.774013 25.231867 0.096864284
58833.774581 25.382715 0.091906752
58833.775149 25.266998 0.082903506
58833.775718 25.197909 0.069906898
58833.776274 25.295038 0.08793288
58833.776849 25.310057 0.080946364
58833.777425 25.386847 0.088942417
58833.777996 25.185741 0.081920668
58833.778564 25.401326 0.076941605
58833.779126 25.407707 0.086926906
58833.779701 25.224778 0.073925987
58833.780275 25.25785 0.068938226
58833.780836 25.308341 0.085853843
58833.781394 25.578769 0.12285216
58833.781959 25.306458 0.0729324
58833.78252 25.224264 0.068945391
58833.783078 25.285785 0.083897384
58833.783656 25.307156 0.075915196
58833.784224 25.352012 0.079945744
58833.784791 25.390306 0.085949894
58833.785359 25.296004 0.066954556
58833.785923 25.233628 0.057964649
58833.786499 25.363831 0.073948513
58833.787075 25.320068 0.0759544
58833.787657 25.266198 0.070955085
58833.788243 25.422721 0.074950852
58833.788815 25.307933 0.066962103
58833.789431 25.304514 0.063968578
58833.789993 25.305417 0.06795959
58833.790558 25.304982 0.056973561
58833.791114 25.367164 0.068951745
58833.791692 25.183897 0.062969512
58833.792254 25.342581 0.058951838
58833.792819 25.247833 0.056964161
58833.793386 25.230455 0.047954564
58833.793945 25.304093 0.053961007
58833.794517 25.311386 0.049965356
58833.79508 25.320886 0.055964684
58833.795646 25.284754 0.052968584
58833.796225 25.331031 0.053964133
58833.79679 25.227476 0.048977424
58833.797352 25.272531 0.050981952
58833.797908 25.295146 0.046976463
58833.798484 25.288769 0.048978513
58833.799061 25.271372 0.048973869
58833.799624 25.229874 0.050970961
58833.800185 25.340612 0.05197532
58833.800756 25.356068 0.053960593
58833.801313 25.335553 0.050968027
58833.801876 25.253271 0.051969773
58833.802443 25.272146 0.048955078
58833.803031 25.291664 0.054978392
58833.803608 25.320334 0.050971152
58833.804175 25.279387 0.048978904
58833.804741 25.272795 0.053977735
58833.805316 25.298149 0.055976865
58833.805876 25.306965 0.059969925
58833.806445 25.279835 0.059980441
58833.807016 25.280953 0.050976384
58833.807582 25.290892 0.054961574
58833.80816 25.406959 0.076974735
58833.808724 25.34394 0.055977123
58833.809281 25.345144 0.054972139
58833.809857 25.302317 0.046977414
58833.810432 25.321755 0.064969607
58833.811002 25.217498 0.058974601
58833.81157 25.325395 0.063978787
58833.812141 25.381664 0.054978781
58833.81271 25.426707 0.0569806
58833.813283 25.267615 0.055982246
58833.81385 25.253507 0.041982323
58833.814425 25.317265 0.05298094
58833.81499 25.339429 0.053981587
58833.815567 25.312158 0.055978062
58833.816133 25.373119 0.055976931
58833.816698 25.284732 0.060956568
58833.817289 25.26923 0.04896956
58833.817864 25.298363 0.054963666
58833.818429 25.303026 0.054965365
58833.819011 25.250136 0.060965199
58833.819573 25.236566 0.056973851
58833.820146 25.321471 0.058960409
58833.82073 25.234103 0.049969131
58833.821295 25.298151 0.052968819
58833.821869 25.251015 0.063967799
58833.822431 25.33111 0.064974491
58833.822986 25.379106 0.066976585
58833.823546 25.296628 0.070959526
58833.824122 25.314359 0.073957291
58833.82469 25.347948 0.0789726
58833.82527 25.205687 0.073974773
58833.825842 25.308587 0.074970889
58833.826414 25.279518 0.075956055
58833.826987 25.359379 0.068958811
58833.827559 25.27779 0.061964781
58833.828123 25.269659 0.062971076
58833.828694 25.180104 0.049956707
58833.829263 25.236181 0.064964069
58833.829826 25.31532 0.054954265
58833.830398 25.356839 0.064963994
58833.830961 25.295293 0.052966322
58833.831526 25.264866 0.0469568
58833.832097 25.332163 0.056971576
58833.83267 25.22302 0.051966319
58833.833228 25.201546 0.052966479
58833.833798 25.234882 0.049973198
58833.834371 25.309165 0.058953073
58833.834936 25.304483 0.049972811
58833.83551 25.305528 0.050970109
58833.836083 25.316627 0.05496819
58833.836648 25.290627 0.057969995
58833.837231 25.245963 0.052970063
58833.837806 25.381311 0.07293402
58833.83839 25.253443 0.057950736
58833.838952 25.290589 0.065933663
58833.839512 25.192446 0.058962909
58833.840078 25.298227 0.060953862
58833.840638 25.382864 0.063966986
58833.841214 25.394631 0.062965192
58833.841784 25.297092 0.056973683
58833.842354 25.413781 0.06796955
58833.842932 25.275663 0.056966863
58833.8435 25.403422 0.065969702
58833.844068 25.362738 0.05997139
58833.84464 25.292457 0.062969567
58833.845192 25.292928 0.061975147
58833.845764 25.301165 0.056977337
58833.846315 25.320884 0.057977567
58833.846882 25.348146 0.061980312
58833.847447 25.29873 0.07096765
58833.848017 25.267924 0.076975786
58833.848583 25.24453 0.067970044
58833.849139 25.197923 0.064973264
58833.849713 25.360477 0.069961496
58833.850286 25.285412 0.06097682
